0.539454230367698 0.524174205275477 0.40754875712171 0.361946286669348 0.313132932157873
0.0234167323791086 0.0218425684774623 0.0178227805615193 0.024522676419286 0.0219360692066338
0.0522821999613422 0.0503131777932757 0.0364006008032088 0.04128725906168 0.0271126695914444
0.00228284480843918 0.00224520378280298 0.00184882641092256 0.00260104011362823 0.00174960060448477
0.0342408865271634 0.0379573048356629 0.01677381343832 0.013779364540127 0.011318857980026
0.014055134298275 0.0561565191217812 0.195544185684342 0.37609750460831 0.319569544882457
0.0131698776577779 0.0123845928480016 0.00942794706653603 0.0117606696995754 0.0087970031743243
0.0180615465020953 0.0176693160556603 0.0133968891782728 0.0167522339392094 0.0122033992763209
0.024565019939652 0.0244072828044024 0.0184286848958074 0.0209498689693386 0.0139204708643031
0.148970724550226 0.150117053310189 0.16971727898597 0.0613308844258827 0.143903114774355
0.129500793311841 0.102732844762721 0.113090216002556 0.0689834681946129 0.126357518214331
