12.2534082840465 1.61743384350987 0.282177840772098 0.491759555865862 0.903442775055474 0.856264115893908 0.248029453222438 0 0.0371855631184491 7.11119979779838 2.54745629565485 10.327636309974 3.31235888352856 9.16098502301821 0 0 0.596788050952588 0.309808004592873 0.244066202995944
44.6605350564634 5.89513212937095 1.02846596292454 1.79233763986239 3.29281754035777 3.12086341032642 0.904003835822407 0 0.135531854219534 10.0865165395123 3.61330869479474 37.641589407619 4.69824553007991 12.993929235613 0 0 0.485829083729231 0.252206354941404 0.198687724362987
6.20309934835377 0.818800988925189 0.142848188817164 0.248945706355824 0.457353999745354 0.433470529684021 0.125561093207004 0 0.0188246189958868 0 0 5.22820692654486 0 0 0 0 0.0637358592049762 0.0330869214452062 0.0260658187207546
10.8418027906487 1.43110376735639 0.249670657389689 0.435108338963629 0.799365219270501 0.757621591154976 0.219456199922039 0 0.0329017472236146 0 0 9.13788176894924 0 0 0 0 0.0493171071704711 0.0256017769464194 0.0201690350043506
0.361506164844388 0.0477183402448154 0.00832495144672553 0.0145081357729753 0.0266538195084789 0.0252619311668324 0.0073174886794259 0 0.00109706703628177 0 0 0.304691079231173 0 0 0 0 0.00151498065948552 0.000786465369678275 0.000619576039739269
0.95243127367843 0.12571968059453 0.0219330813158579 0.0382234207234128 0.0702226787025415 0.0665555822185213 0.0192788000339444 0 0.00289035445668331 0 0 0.802745128276079 0 0 0 0 0 0 0
0.180339623306556 0.023804594060708 0.00415295437242155 0.00723747475040978 0.013296425447984 0.0126020731972406 0.00365037523652106 0 0.000547278788870054 0 0 0.151997060622937 0 0 0 0 0.00123030448404364 0.000638682655651067 0.000503153076657812
0.361187527125638 0.0476762804833042 0.00831761369208769 0.0144953480538834 0.0266303263759404 0.0252396648684922 0.00731103891970797 0 0.00109610006262613 0 0 0.304422519300939 0 0 0 0 0.00187936112135277 0.000975624625838872 0.000768595370189829
0.94949357282379 0.125331907929631 0.0218654304170401 0.0381055235282768 0.0700060822625246 0.0663502966549664 0.0192193360611609 0 0.0028814393811369 0 0 0.800269122799813 0 0 0 0 0.00335942900431927 0.00174396587655918 0.00137389326078143
6.58887632948233 0.869723045128669 0.151732061208502 0.264427889965918 0.485797304522612 0.4604284974609 0.133369863752886 0 0.0199953409655512 14.8714427725149 5.32742035008536 5.55335436842376 6.92703861220115 19.1580982651986 0 0 0.045794132083827 0.0237729100981616 0.0187282569068769
3.9711848725373 0.524191201564623 0.0914505047626911 0.159373462787715 0.292795130818787 0.277505084716844 0.0803834157605795 0 0.0120514017251043 3.58066196216633 1.28270617019599 3.34706492532635 1.66785321697281 4.61277865066487 0 0 0 0 0
2.21145470974096 0.291909125037586 0.0509265259505347 0.0887511425939813 0.163050372073139 0.154535723284529 0.0447635376026252 0 0.00671112777656563 1.83916987360374 0.658848718431609 1.86389773594008 0.85667550376457 2.36930590420008 0 0 0 0 0
2.39150704712565 0.315675797732905 0.0550728645537565 0.0959770878503866 0.176325615953965 0.16711772103662 0.0484080976921709 0 0.00725753473544904 11.1911751742869 4.00903229611687 2.0156526611139 5.21278962196366 14.4170029076326 0 0 0.205905929298482 0.106891056193201 0.0842085867135168
5.40492812070187 0.713443432350434 0.124467487842851 0.21691312249701 0.398504901424023 0.377694588432873 0.109404774199 0 0.0164023993262932 9.92361312827593 3.55495154939906 4.55547800401262 4.62236599122445 12.7840693311006 0 0 0.361893091295965 0.187867998213752 0.148002079703314
2.3367015945934 0.308441549784932 0.0538107761698884 0.0937776096014347 0.17228481449072 0.163287934150322 0.0472987437793596 0 0.00709121598011738 10.3898317667454 3.72196578602455 1.96946055125875 4.83952814286009 13.38467430437 0 0 0.0580082335219067 0.0301135638501701 0.0237234128189986
0 0 0 0 0 0 0 0 0 0 0 0 0 0 0 0 0 0 0
1.11797289981778 0.147570958412151 0.0257452597350427 0.0448670152777202 0.0824280490484595 0.0781235762707881 0.0226296390874633 0 0.00339272558844017 3.86694783871785 1.38526281032921 0.942269876762159 1.80120364916258 4.98158570179036 0 0 0 0 0
2.23503872223205 0.295022183795165 0.0514696308212131 0.0896976272976086 0.164789219355297 0.156183766272797 0.0452409174129895 0 0.00678269845835017 12.8112126485549 4.58938087024897 1.88377523435453 5.96739442454594 16.5040120566502 0 0 0 0 0
0.460296428407732 0.0607585256358995 0.010599944870221 0.0184728331867579 0.033937617435814 0.0321653620921797 0.00931716864497627 0 0.00139686701813709 1.59211576532038 0.570346136390717 0.387955252708282 0.741599019689697 2.0510390785992 0 0 0 0 0
