831285916.919404 665504863.39499 76114695.9328497 5469716.49563747 23546734.2531521 30606156.0861445 33094704.013733 0 818258.805591758 2095448860.71557 2612316786.70666 260856258.961217 127419254.944135 2195715689.28189 0 0 249444711.602494 45353583.9277262 6094546342.39258
34826435232.3089 27881095481.2065 3188798792.54502 229151875.903702 986482266.461032 1282234296.22638 1386491148.72284 0 34280668.9205234 2627662223.87536 3275807043.49926 10928482514.5619 159781882.10077 2753395360.42231 0 0 191996838.627374 34908516.1140681 4690953851.41732
7541108783.58545 6037206295.35623 690483491.150974 49619181.8836901 213606992.356173 277647374.742413 300222532.402554 0 7422931.79819671 0 0 2366388490.01023 0 0 0 0 77856985.7425967 14155815.589563 1902237191.71647
52052633131.4112 41671920330.184 4766074178.1647 342497256.702412 1474425940.07158 1916465781.37477 2072291195.55324 0 51236914.456406 0 0 16334037268.4999 0 0 0 0 18141433.5710905 3298442.467471 443239733.992188
8049967610.25752 6444584812.22885 737075925.927716 52967384.3030374 228020761.818816 296382460.178062 320480943.992029 0 7923816.28000115 0 0 2526067617.44809 0 0 0 0 0 0 0
124625337.168379 99771650.523267 11411019.3027842 820013.004683624 3530096.72819682 4588436.35388279 4961516.32338918 0 122672.329053488 0 0 39107241.6407548 0 0 0 0 3779465.32731052 687175.514056458 92341611.2483725
0 0 0 0 0 0 0 0 0 0 0 0 0 0 0 0 51400728.4514231 9345586.99116783 1255845912.97787
76222839220.4961 61021929002.4766 6979160974.97059 501533001.513717 2159063329.01315 2806360684.12763 3034542329.83625 0 75028348.3816348 0 0 23918611252.4852 0 0 0 0 57447872.9751199 10445067.8136582 1403592490.97526
26216408719.773 20988142766.1084 2400442420.04198 172499401.604586 742597458.506402 965231674.162147 1043713443.50352 0 25805570.441327 0 0 8226669263.66473 0 0 0 0 0 0 0
14075684893.7312 11268609947.234 1288806238.53613 92615554.1476608 398703267.886505 518236385.470599 560373531.979096 0 13855104.332469 12868781594.7324 16043022960.1983 4416928554.86163 782519961.990224 13484550341.0886 0 0 0 0 0
7190741682.1624 5756711936.88719 658402970.060809 47313827.4019442 203682607.905118 264747613.089595 286273907.408742 0 7078055.31214784 2492160124.55549 3106881704.72177 2256443825.3887 151542322.137084 2611409511.47839 0 0 8314823.72008314 1511786.13092421 203151544.746419
1073913552.66571 859745940.137365 98330311.9367559 7066164.06503348 30419325.6745978 39539182.7852889 42754063.8406533 0 1057084.21498285 284770121.442533 355012132.50453 336992442.78583 17316192.9096984 298396317.472789 0 0 8314823.72008314 1511786.13092421 203151544.746419
458741435.883036 367255898.851659 42003556.4098477 3018438.72007414 12994160.5671332 16889871.1069822 18263165.212332 0 451552.482438475 877583096.719627 1094049632.16703 143952366.278987 53363738.1622363 919575280.61928 0 0 0 0 0
249135276.75206 199450916.883303 22811472.5032301 1639266.71336604 7056924.7419778 9172624.01737238 9918438.50073097 0 245231.068921955 152683309.01602 190344502.636187 78178271.6945879 9284308.40854922 159989176.249077 0 0 0 0 0
5611093049.61769 4492088266.47841 513766241.710533 36920014.6272011 158937995.002586 206588354.494077 223385792.89154 0 5523161.40980593 10734152246.3233 13381861342.3759 1760752482.1673 652718234.897113 11247779385.2454 0 0 0 0 0
5498.83112730981 4402.21442915078 503.487248758305 36.1813507381809 155.758100338753 202.455112432888 218.916482134346 0 5.41265874809659 607.700466268619 757.597171224148 1725.52486134395 36.9528181254249 636.778817744217 0 0 0 0 0
0 0 0 0 0 0 0 0 0 577685742.996325 720178951.709216 0 35127694.2827919 605327895.684528 0 0 249444711.602494 45353583.9277262 6094546342.39258
1091294417.16324 873660586.852397 99921748.9975233 7180527.12510177 30911650.3839229 40179108.7612935 43446021.3902052 0 1074192.70333137 2932605443.34632 3655968213.81019 342446531.683593 178324753.059686 3072930054.81894 0 0 16629647.4401663 3023572.26184842 406303089.492839
0 0 0 0 0 0 0 0 0 25358657.8272887 31613678.946073 0 1541999.59126322 26572064.7706452 0 0 77856985.7425967 14155815.589563 1902237191.71647
