7473969743.4115 4380134019.64242 363228685.304083 71164856.7899058 177607398.76509 143272571.816768 183860982.885254 0 7079121.47174319 4487021008.67893 4502793122.84993 2088877468.28516 913041644.976829 3196275770.93887 0 0 576213851.363095 104766154.79329 832665306.597964
25928410641.0808 15195393803.1889 1260099094.92694 246882405.657177 616148810.628373 497035739.132291 637843506.032926 0 24558618.0836836 5140473681.71788 5158542716.30547 7246654005.30202 1046009487.63947 3661754970.22271 0 0 423482469.074082 76996812.5589239 611958839.788865
2453791399.47594 1438049062.93943 119252211.962432 23364252.1352115 58310579.5895483 47038055.6216054 60363704.1614647 0 2324158.10868403 0 0 685802825.299853 0 0 0 0 36447261.6826054 6626774.8513828 52668588.6703531
44405659294.3601 26024020114.7906 2158077942.41741 422817123.00618 1055232213.73388 851236120.661382 1092387104.01871 0 42059717.5222347 0 0 12410805013.7753 0 0 0 0 199592147.309506 36289481.329001 288423223.670981
8133916865.92379 4766897271.53134 395301564.096731 77448671.6934781 193290027.378249 155923455.450431 200095799.289798 0 7704203.72462631 0 0 2273324117.36222 0 0 0 0 0 0 0
265433453.201344 155557774.279627 12899844.0657373 2527376.25824287 6307617.87735141 5088237.54871181 6529710.08335258 0 251410.658911617 0 0 74185202.6107252 0 0 0 0 8677919.44823938 1577803.53604352 12540140.1596079
556649342.949246 326225393.969909 27052693.0073637 5300245.00140623 13227915.7154287 10670712.5801194 13693672.6840913 0 527241.673593538 0 0 155576261.363305 0 0 0 0 118019704.496056 21458128.0901919 170545906.170667
34299865791.0535 20101500832.6735 1666944821.17399 326592844.32949 815083570.081465 657512694.533751 843782789.291414 0 32487810.9940708 0 0 9586366987.8108 0 0 0 0 26033758.3447181 4733410.60813057 37620420.4788237
6690782986.0963 3921145948.07928 325166463.222179 63707591.730301 158996169.727584 128259240.911556 164594449.580162 0 6337310.30840763 0 0 1869986941.96785 0 0 0 0 126697623.944295 23035931.6262354 183086046.330275
15563908952.292 9121258102.58287 756392972.010218 148194786.667068 369852364.744993 298352995.753374 382874924.002412 0 14741670.8698281 29136851624.3609 29239269185.9266 4349910401.70371 5928913389.32794 20755287908.8937 0 0 0 0 0
2865293843.05927 1679210843.65097 139250886.925487 27282452.6995259 68089302.4235201 54926368.7169373 70486737.3465548 0 2713920.96350605 2254966597.90009 2262892923.75528 800812413.518113 458851966.133467 1606298496.75398 0 0 34711677.7929575 6311214.14417409 50160560.6384315
262510063.966375 153844516.522325 12757769.7913016 2499540.63896824 6238148.02726828 5032197.51797919 6457794.1890487 0 248641.711723709 250721087.234088 251602385.004988 73368153.2897353 51017990.2157375 178598168.994468 0 0 26033758.3447181 4733410.60813057 37620420.4788237
0 0 0 0 0 0 0 0 0 1273261657.78992 1277737239.2943 0 259089698.10166 906992719.442954 0 0 124962040.054647 22720370.9190267 180578018.298354
287589841.160426 168542567.0984 13976626.0097048 2738342.61617864 6834130.36891075 5512965.34318356 7074761.16158779 0 272396.529489388 416251184.175929 417714328.918941 80377625.2689932 84700888.4488015 296511554.555401 0 0 0 0 0
3909523361.94666 2291183516.40972 189999569.128213 37225287.192925 92903811.3030618 74943769.6262556 96174968.9412409 0 3702984.05345236 14197628840.1678 14247534250.1473 1092661001.16392 2889005058.35025 10113511164.498 0 0 0 0 0
0 0 0 0 0 0 0 0 0 0 0 0 0 0 0 0 0 0 0
0 0 0 0 0 0 0 0 0 1369552908.84773 1374366959.14965 0 278683527.079204 975584640.923638 0 0 583156186.921686 106028397.622125 842697418.72565
0 0 0 0 0 0 0 0 0 2609359621.67512 2618531657.59532 0 530965644.400184 1858746130.29324 0 0 440838307.97056 80152419.631011 637039120.108081
0 0 0 0 0 0 0 0 0 52717404.146125 52902708.5865061 0 10727203.0390287 37552612.5804036 0 0 36447261.6826054 6626774.8513828 52668588.6703531
