11215642069.1986 5070000129.24629 164568457.114311 298300509.04969 534889007.486931 543036134.173728 373510246.807029 0 21642134.6175874 3135310662.0824 2578063305.58313 1938480206.20389 1472013341.01429 5088930821.23911 0 0 181156283.875572 32937506.1591948 56804806.8571073
37055763684.8211 16750955987.3809 543723651.234464 985565793.042199 1767239052.09829 1794156637.32021 1234053953.76793 0 71504227.8521741 4031285099.04284 3314793750.38507 6404614553.99559 1892669048.39404 6543189240.48679 0 0 133684607.076853 24306292.1957914 41919209.8794918
3522871844.79545 1592504521.65217 51691519.8017602 93697218.4147451 168010481.516814 170569522.099941 117320856.362984 0 6797869.10416441 0 0 608883316.531954 0 0 0 0 12004332.0640439 2182605.82982616 3764173.94836253
37255500816.1703 16841246607.8829 546654418.044941 990878167.277219 1776764783.68695 1803827459.46215 1240705723.21337 0 71889648.308544 0 0 6439136561.13309 0 0 0 0 56202100.1180237 10218563.6578225 17623178.03097
9422564798.01479 4259444483.78604 138258419.919397 250610340.313967 449374748.382244 456219370.263929 313796078.864455 0 18182143.7010381 0 0 1628569745.71143 0 0 0 0 13095634.978957 2381024.54162854 4106371.58003185
294587748.052673 133167580.731127 4322521.25047281 7835099.8241328 14049284.6688147 14263275.4228843 9810543.32891556 0 568447.857083178 0 0 50915722.4407651 0 0 0 0 0 0 0
1205862604.96908 545106871.753384 17693766.1854062 32072120.9438493 57509204.3734954 58385152.032037 40158382.0541404 0 2326878.89521069 0 0 208417919.964973 0 0 0 0 2728257.2872827 496046.779505946 855494.079173303
21818297975.1123 9862901550.4645 320142494.961155 580297530.218784 1040543882.99464 1056392858.61252 726606449.395707 0 42101427.5411658 0 0 3771013598.40701 0 0 0 0 37649950.5645013 6845445.55718206 11805818.2925916
7440391985.99117 3363408719.52539 109173761.243947 197890829.901368 354842269.407846 360247026.062463 247784534.303276 0 14357266.7507519 0 0 1285976540.82166 0 0 0 0 8730423.31930465 1587349.69441903 2737581.05335457
17991376323.3043 8132952150.37023 263989615.986443 478513551.22014 858032858.531098 871101929.501038 599159938.365945 0 34716852.2267623 19560348934.6392 16083834512.0488 3109579163.62809 9183490151.35866 31748452799.7503 0 0 41469510.7666971 7539911.04849038 13003510.0034342
3516492673.01369 1589620834.60524 51597917.451461 93527552.676656 167706250.261761 170260656.966565 117108413.240073 0 6785559.60876524 1527296639.20458 1255846021.86075 607780758.323105 717058457.965448 2478959113.81902 0 0 0 0 0
490141689.064711 221567201.554307 7191907.60895471 13036214.4630143 23375514.3017439 23731556.9081906 16323001.583275 0 945796.268370763 196352258.007537 161454033.075437 84714718.6603446 92186444.8141816 318699856.342397 0 0 0 0 0
382192428.928256 172769035.611857 5607955.20768508 10165106.5004416 18227269.3544563 18504896.8070802 12728008.5773076 0 737493.221132998 861502556.210754 708385345.890373 66057070.4617136 404471324.451744 1398307020.70376 0 0 10913029.1491308 1984187.11802379 3421976.31669321
368595612.396457 166622632.120355 5408447.49296854 9803474.30249281 17578818.9443234 17846569.5672359 12275198.9862696 0 711256.280622926 325987183.360555 268048587.87233 63707034.7213023 153049421.452769 529110637.996757 0 0 8184771.86184811 1488140.33851784 2566482.23751991
4904498499.58626 2217065048.38268 71964292.9059733 130444105.654717 233902109.079368 237464773.647728 163332641.478997 0 9463909.0749252 10504377687.9015 8637405853.48521 847679803.273534 4931755019.57245 17049682514.8402 0 0 40378207.851784 7341492.33668801 12661312.3717649
0 0 0 0 0 0 0 0 0 0 0 0 0 0 0 0 0 0 0
1016389629.21633 459456134.539393 14913606.5572633 27032740.6953102 48472984.1267464 49211297.1917749 33848435.8646997 0 1961264.5485388 1693431854.18769 1392453569.7803 175669940.772954 795058145.787446 2748613609.70211 0 0 0 0 0
451415770.894768 204061256.828592 6623677.58126287 12006227.8575006 21528623.3430151 21856535.1514704 15033327.112189 0 871069.246141222 1246385471.37283 1024861965.74347 78021439.2763967 585172009.936849 2023011472.87303 0 0 0 0 0
69441123.7477207 31390668.8715423 1018917.91169321 1846913.66175238 3311740.29369231 3362182.8478462 2312571.23841346 0 133996.265115485 115697570.660622 95134324.3502233 12002009.6086331 54319455.3557458 187789025.310262 0 0 0 0 0
