273751.301920035 250090.903314889 274908.813272756 215816.000633558 229411.614990804
23306.7731746383 27022.5054424792 24167.9483540241 29082.0616375676 24684.1751932647
251232.803041138 184226.885815841 206006.55554831 198463.671938828 157078.348690307
11059.6926923164 8070.50153361586 6098.34896865155 4358.69609566753 3289.05812015231
24646.0049033578 16233.7289358297 14233.069414988 13264.2805873803 8907.20439367974
34877.1027130288 27276.0618737626 27318.0204468889 20731.1770053583 20465.4883365894
1555.31562467393 1643.25194004347 1821.47646405139 1888.33751673186 1358.69657591089
5539.35762955359 5113.49625420792 4570.31190199333 4719.19641060622 4575.58429094532
1098.01302108725 1154.1507325824 1081.68627673501 1073.43097385692 1322.96315807605
89112.4788198956 91544.0045707995 81871.9941747664 67256.800353046 72240.2529452105
157746.016142368 153670.37639916 153145.876447913 141127.719699229 131771.528882492
274161.41629384 292971.23116661 258635.293071555 307957.413982912 364790.046613313
268372.728701739 244733.397971934 144535.648974473 51701.6139612848 55838.6213157666
1724201.33908637 1713944.61531343 1757307.83936385 1783257.52809657 1716730.81893543
12705.8018487322 12895.8504161589 11138.6567144779 10876.377146165 9664.37961052709
5570.40828337089 4950.57669084696 4856.87518615123 6560.56584294958 7229.43350156279
2166.81577841479 2305.3788865046 1287.92991470572 1072.3042335368 853.772449969123
393.966505166325 419.159797546291 234.169075401039 194.9644060976 155.231354539841
1132.0023780107 4340.92691815994 19109.119659099 37249.8590084117 30678.9336755766
