0 0 0 0 0 0 0 0 0 3726978514.10573 4494108142.15763 0 225662378.468606 3466396339.47382 0 0 292920112.938601 53258202.3524729 6920361030.68006
29582943625.4905 15403358247.5468 1209578459.54725 89929289.8210836 381034248.078052 435433389.21351 572718193.122702 0 27828547.3580774 5113382192.1298 6165877387.44406 7891206965.80552 309606825.777985 4755865708.9233 0 0 19528007.5292401 3550546.8234982 461357402.045337
0 0 0 0 0 0 0 0 0 0 0 0 0 0 0 0 91426580.7050785 16623014.6736506 2159991473.21226
58672820632.1093 30549984715.2364 2398996560.17757 178359704.769167 755717699.198485 863609296.829468 1135890743.09967 0 55193269.076365 0 0 15650889131.8242 0 0 0 0 20415644.2351146 3711935.31547539 482328193.047398
9416589589.51229 4903065251.1671 385022669.618872 28625522.3632232 121287562.830892 138603432.156796 182302756.728932 0 8858145.17516515 0 0 2511861507.21196 0 0 0 0 0 0 0
183531683.072548 95561966.379362 7504187.99763122 557918.580629711 2363924.89345753 2701415.5115882 3553126.2622394 0 172647.461954773 0 0 48956808.1609083 0 0 0 0 4438183.52937274 806942.459885953 104853955.010304
838693164.592264 436693908.406459 34292232.6764735 2549546.17175385 10802536.197353 12344782.5812012 16236884.3307316 0 788955.039269343 0 0 223720175.598117 0 0 0 0 14202187.2939928 2582215.87163505 335532656.032973
35954397191.3297 18720870631.5297 1470092527.61328 109297892.94448 463099848.085885 529215254.044544 696067898.276734 0 33822146.2217134 0 0 9590782890.28295 0 0 0 0 67460389.6464657 12265525.3902665 1593780116.15662
7950917550.62696 4139913626.56305 325094714.191583 24170021.0028378 102409412.964005 117030104.247081 153927722.369689 0 7479393.81553422 0 0 2120895633.45516 0 0 0 0 0 0 0
15523720625.7729 8082949187.23279 634729197.968816 47190610.5399786 199948635.636054 228494715.429857 300535245.575545 0 14603096.9763146 26251299942.9511 31654644739.5194 4140929783.32838 1589472748.66181 24415866548.27 0 0 0 0 0
2620145188.06617 1364267041.95837 107131704.69082 7964988.1693277 33747995.6095332 38566097.8810794 50725338.1146082 0 2464759.26717144 2031946787.11979 2450185469.50686 698919898.615964 123031013.773665 1889877518.26836 0 0 9764003.76462004 1775273.4117491 230678701.022669
0 0 0 0 0 0 0 0 0 249399728.903148 300734052.55047 0 15100740.6671928 231962246.109989 0 0 65685116.2347166 11942748.4063121 1551838534.1525
345352702.518319 179819542.841722 14120676.9414469 1049838.84188264 4448212.08435809 5083270.26665533 6685939.65091106 0 324871.796361398 1132885243.11497 1366068727.23946 92122328.5374508 68594325.8126488 1053676388.23642 0 0 0 0 0
316021551.340127 164547288.831768 12921393.6953979 960674.976768932 4070420.97350947 4651543.02785381 6118096.09491996 0 297280.109071499 413170872.061847 498214457.960474 84298286.8388753 25016812.2382633 384282869.641401 0 0 0 0 0
4103805145.51521 2136784683.59143 167795144.696729 12475171.0638522 52857833.4758025 60404191.2057661 79448613.9588196 0 3860431.7841409 13462006395.4092 16232911545.4811 1094684023.35372 815102198.912612 12520772393.6173 0 0 0 0 0
8994.80216592907 4683.44739055082 367.776752899665 27.3433293557085 115.854856206818 132.395113954809 174.137060502939 0 8.4613715666689 2701.88454973511 3258.01753570024 2399.35032856776 163.59463611963 2512.97469986353 0 0 0 0 0
0 0 0 0 0 0 0 0 0 1102385592.74335 1329291287.67299 0 66747622.4792993 1025309206.61643 0 0 217470992.939264 39540180.5344117 5137843795.50489
0 0 0 0 0 0 0 0 0 1933713499.08921 2331732675.13245 0 117083150.823054 1798512486.57984 0 0 19528007.5292401 3550546.8234982 461357402.045337
0 0 0 0 0 0 0 0 0 58407110.2018108 70429134.0892902 0 3536453.82116757 54323412.9836085 0 0 99415311.0579494 18075511.1014454 2348728592.23081
