26250319205.3339 13695384078.6412 1060074099.31631 167167941.941337 390349072.594151 908636480.500577 594088130.568261 0 18456607.5452377 7369437359.2961 8153466217.87271 5192277141.34665 927500165.217085 5635335257.52918 0 0 381143671.209303 69298849.3107824 4410179283.33922
37184152726.3154 19399811836.2792 1501618205.16756 236797055.131713 552938020.234328 1287103497.6508 841538863.095148 0 26144189.2726521 2553748595.66768 2825439974.38973 7354974418.06192 321408830.677803 1952826084.05349 0 0 288126465.735604 52386630.1337462 3333885529.66715
8710166186.0265 4544290314.08455 351745116.024009 55468299.0288825 129522436.137292 301496324.137579 197125463.729367 0 6124120.53704191 0 0 1722858927.21055 0 0 0 0 23821479.4505815 4331178.0819239 275636205.208702
51068550951.466 26643615803.265 2062315803.84989 325216028.563502 759402632.276614 1767702252.98349 1155765753.8664 0 35906313.9553619 0 0 10101289347.1069 0 0 0 0 27224547.9435217 4949917.80791303 315012805.952802
43667987993.9942 22782575055.2292 1763456767.11934 278087577.700455 649354336.691059 1511536930.69538 988278776.730376 0 30702975.853015 0 0 8637468142.62528 0 0 0 0 0 0 0
1569034617.85384 818600777.998388 63362770.8031661 9991965.65381358 23331952.7719463 54311038.3457962 35509847.9232309 0 1103188.72468172 0 0 310352895.770071 0 0 0 0 5671780.82156701 1031232.87664855 65627667.9068337
912867117.360239 476263381.302814 36864572.1852594 5813343.29999404 13574571.4128634 31598258.2228704 20659692.362887 0 641837.152313443 0 0 180563863.98507 0 0 0 0 77136219.1733114 14024767.1224202 892536283.532938
108518486045.087 56616543760.6619 4382332856.73875 691070147.865509 1613698106.1325 3756291664.79709 2455952782.98649 0 76299381.0730708 0 0 21464807726.6412 0 0 0 0 17015342.464701 3093698.62994564 196883003.720501
17925036058.1319 9351895933.88741 723871824.411015 114150664.745185 266549947.327374 620462614.16118 405673206.441635 0 12603098.3917312 0 0 3545547551.41953 0 0 0 0 0 0 0
72530810544.0729 37840961100.9377 2929032331.33131 461892529.044982 1078552013.36478 2510603391.33816 1641492177.96839 0 50996435.3072679 60527615335.6549 66967102483.7634 14346494862.9963 7617864225.8489 46284863840.3732 0 0 0 0 0
4890878277.72447 2551681599.4264 197509727.198707 31146213.864198 72728631.7909879 169294338.48276 110688662.873854 0 3438778.02846476 1602211881.42844 1772669989.87679 967409016.396936 201650643.364665 1225195447.79851 0 0 15880986.3003876 2887452.05461593 183757470.139134
999804469.919039 521620560.572126 40375387.9962911 6366979.93166326 14867352.4521973 34607534.0124393 22627228.4089902 0 702962.831763226 248239783.767127 274649826.329567 197759953.102666 31242879.1008078 189826487.095336 0 0 12477917.8074474 2268712.32862681 144380869.395034
0 0 0 0 0 0 0 0 0 1038011674.33111 1148444950.10737 0 130641723.716521 793757175.872614 0 0 81673643.830565 14849753.4237391 945038417.858405
604331968.502448 315293629.57082 24404909.6007988 3848522.01733927 8986573.51930391 20918529.3564915 13677031.7572864 0 424905.993806896 338060978.660671 374027030.11157 119536034.640017 42547564.7968831 258511859.095749 0 0 0 0 0
7479457984.80692 3902202064.69629 302045077.036904 47630872.1572734 111221485.157524 258896218.6024 169272502.063705 0 5258809.22044658 13060311811.9806 14449788492.9494 1479426532.69849 1643740325.45623 9987090199.7068 0 0 0 0 0
6881.24761176785 3590.10220966166 277.887377565112 43.8213338378848 102.325941354591 238.189584000916 155.734012134291 0 4.8382073223017 694.143900061798 767.993343800791 1361.10134124649 87.3633291935932 530.804918082741 0 0 0 0 0
0 0 0 0 0 0 0 0 0 709930616.593318 785459597.14624 0 89350208.4460168 542876862.782627 0 0 374337534.223423 68061369.8588042 4331426081.85102
0 0 0 0 0 0 0 0 0 2952806169.87597 3266952981.64654 0 371633284.454104 2257981431.48083 0 0 288126465.735604 52386630.1337462 3333885529.66715
0 0 0 0 0 0 0 0 0 27125311.4342327 30011152.7712908 0 3413928.31096929 20742455.1487594 0 0 116838684.92428 21243397.2589601 1351929958.88077
