8.29092220454399 1.41881148659622 0.632375722245814 0.119119574750126 0.304590792732784 0.229382780677447 0.123967845621296 0 0.0123501540337665 10.0396720991166 4.38929007411457 11.2998133940806 2.02682078827299 5.67621703849584 0 0 1.68535752073117 0.874912374150063 3.17639614983668
34.8131756486615 5.95751983635089 2.65531463827112 0.500177251295062 1.27896179782749 0.963167044327799 0.520534902864607 0 0.0518576909851957 14.2402578409303 6.22576332941463 47.4473621607048 2.87483996861855 8.05113886103657 0 0 1.53354693782852 0.79610360160497 2.89027848927808
4.85579340920746 0.830963708928048 0.370367226765327 0.0697654653739539 0.178391489796698 0.134343968875835 0.0726049808297103 0 0.00723318770582517 0 0 6.618028495573 0 0 0 0 0.194636212822161 0.101040656929537 0.366831197192444
8.73687388446645 1.49512644292208 0.666389913757964 0.125526772063153 0.320974105994806 0.24172080941113 0.130635821468528 0 0.0130144434581252 0 0 11.9076071523116 0 0 0 0 0.106389254088517 0.0552293941989571 0.200512005858646
0.295690741213067 0.0506010561627655 0.0225532988276661 0.00424832780743568 0.0108630469624321 0.00818079856096769 0.00442123846467379 0 0.000440460796790317 0 0 0.403001031204202 0 0 0 0 0 0 0
0.699108009859124 0.119637170665517 0.0533232518356277 0.0100444132491298 0.0256837367032732 0.0193420388394757 0.0104532296529483 0 0.00104139098100186 0 0 0.952824047653658 0 0 0 0 0.0612671232553255 0.0318053372090487 0.115470250095871
0.0885307496484672 0.0151501173716692 0.00675252949777159 0.0012719628758132 0.00325243085767651 0.00244935714373178 0.00132373287728399 0 0.000131875365358531 0 0 0.120659792238489 0 0 0 0 0.0471461784137759 0.0244747920727252 0.0888564816372382
0.294926685172575 0.0504703045455258 0.0224950217773547 0.00423735025531502 0.010834977173653 0.00815965962191632 0.00440981411658115 0 0.000439322659251728 0 0 0.401959688580646 0 0 0 0 0.000607309324772145 0.000315269868051113 0.00114459690435846
0.729369205761716 0.124815717910985 0.0556313721077532 0.0104791900686941 0.0267954684770873 0.0201792674482494 0.0109057022693133 0 0.00108646804497891 0 0 0.994067453193465 0 0 0 0 0.03721403620877 0.0193187619663014 0.0701373565426862
5.40226984196273 0.924481296093726 0.41204876958146 0.0776169490418498 0.198467868003634 0.14946318970888 0.0807760267495902 0 0.00804721875735908 20.9956706775489 9.17919310456889 7.36282884010077 4.23863064180494 11.8705055760772 0 0 0 0 0
3.10835647532646 0.53192778352351 0.23708450309722 0.0446592179226767 0.114194385082623 0.0859980873124532 0.0464768871499041 0 0.00463020642517883 5.05521895321505 2.21011425022288 4.23642235048605 1.02055353626036 2.85811326030172 0 0 0.101723755877005 0.0528074142530901 0.191718933543825
1.35882383884381 0.232533224079192 0.103641933345212 0.0195228605274691 0.0499202887262413 0.0375942244921763 0.0203174580251161 0 0.00202410338686781 2.59656077604118 1.13520225845978 1.85195994312286 0.524196737397189 1.46804022810185 0 0 0.352445056014184 0.182963280444522 0.664253788992345
0 0 0 0 0 0 0 0 0 15.7998273636468 6.90759864817506 0 3.1896876945395 8.93288629363863 0 0 2.02702782720568 1.05228220538 3.82034275027568
4.66267337550355 0.797915404366609 0.35563733088876 0.0669908191135013 0.171296671788851 0.129000967308259 0.0697174040398249 0 0.0069455161893873 14.0102689671614 6.12521344383826 6.35482251080126 2.82840954481345 7.92110804418688 0 0 0 0 0
1.94564507718198 0.332954949550997 0.148400706286043 0.0279539969729268 0.0714788490128032 0.0538296545311674 0.0290917490975536 0 0.00289823204288028 14.6684817005709 6.41298047336746 2.65174678532365 2.9612903040663 8.29324752199537 0 0 0 0 0
0 0 0 0 0 0 0 0 0 0 0 0 0 0 0 0 0 0 0
0 0 0 0 0 0 0 0 0 5.45940058344787 2.38682026215294 0 1.10215019821369 3.0866289561855 0 0 3.03877089695894 1.57750401754699 5.72717661303612
0 0 0 0 0 0 0 0 0 18.0870145461765 7.90754445305874 0 3.65142772772549 10.2260132730393 0 0 3.99447033942465 2.07363214341717 7.52838495732389
0 0 0 0 0 0 0 0 0 2.24776699884026 0.982711514831244 0 0.453781840230051 1.27083964609844 0 0 2.03146386789775 1.05458506803435 3.82870336361823
