-2.96057262076749 -0.450127494419192 -0.189981766575129 -0.0135800555434531 -0.0589525449452743 -0.062893000145406 -0.0348372033473009 0 -0.00437992198032735 9.52484017674546 5.00374523702971 -3.85109797879533 0.57216765974007 7.03124692648475 0 0 1.10708190580101 0.574714650552435 34.1126260301655
28.1581218625369 4.28118018542246 1.80692400428122 0.129160438832081 0.560699958187611 0.598177781545449 0.331338002088589 0 0.0416576090737777 13.5100209121812 7.09730573291329 36.6279433346165 0.811561864023147 9.9731114908824 0 0 0.83114588731136 0.43146917647311 25.610181759631
3.7852418356099 0.575510768181086 0.242901297471578 0.0173627878648892 0.0753738104166743 0.080411881690541 0.0445411264769677 0 0.00559995177971502 0 0 4.92382354687515 0 0 0 0 0.125238298474814 0.0650144172410239 3.85898027791767
8.72709382394871 1.32687333827903 0.560022980051361 0.0400309109227076 0.173778676222639 0.185394240725056 0.102692141392924 0 0.0129110124831132 0 0 11.3521597647733 0 0 0 0 0.0469823235303655 0.0243897307944521 1.44767105687633
0.285077210247362 0.0433433348212864 0.018293579976114 0.00130764039435326 0.00567661368347868 0.00605604500283846 0.00335451752590148 0 0.000421748120783857 0 0 0.370827001669571 0 0 0 0 0.0020302440103415 0.00105395180864723 0.0625581127393223
0.815218725828512 0.123946414922147 0.0523130872019876 0.00373938321902888 0.0162330821536058 0.0173181198402013 0.00959271876156616 0 0.00120604858363688 0 0 1.06043241948932 0 0 0 0 0 0 0
0.136327337980949 0.0207273020887071 0.00874820915400862 0.000625329305853158 0.00271462468551373 0.00289607328910444 0.00160417047760421 0 0.000201685005108061 0 0 0.177333915766903 0 0 0 0 0.00150999043378661 0.000783874815353705 0.0465274869971081
0.29213620012971 0.0444165884907228 0.0187465596999273 0.00134001976380716 0.0058171761595984 0.00620600283484118 0.00343758100633525 0 0.000432191311647585 0 0 0.38000930021464 0 0 0 0 0.0014678352215358 0.000761990961999461 0.0452285542052353
0.760107947374721 0.115567334318995 0.0487765946415493 0.00348659177348366 0.0151356861225218 0.0161473726094142 0.00894422752640605 0 0.00112451675151444 0 0 0.988744595983669 0 0 0 0 0.00439082456228533 0.00227938980009348 0.135294918535347
4.76530931566153 0.724520900904332 0.305792830655714 0.0218583272487476 0.0948894513308186 0.101231970254832 0.056073628621024 0 0.00704988044147822 19.919017835735 10.4641850962716 6.19869039696829 1.19655738132159 14.7042396866718 0 0 0.0723916529698597 0.0375803662958288 2.23061127864754
3.39907388731164 0.516797528123008 0.218120662638383 0.0155914473646747 0.0676842225414153 0.0722083130099061 0.0399970692744159 0 0.00502864828491644 4.79598856540988 2.51950736135275 4.42149822145164 0.288100325327279 3.54040374791009 0 0 0 0 0
1.89286024149515 0.287791771028756 0.121466006284234 0.0086824917028499 0.0376916707528485 0.0402110249242008 0.0222733793720936 0 0.00280032994943497 2.46340977641835 1.29411882056561 2.46222308449043 0.147979743554679 1.81849165946136 0 0 0 0 0
-0.796434025689986 -0.121090376212791 -0.0511076614367598 -0.00365321837731587 -0.0158590309070896 -0.0169190665826469 -0.00937167827299533 0 -0.00117825817564167 14.989616092357 7.87459093646055 -1.03599737600202 0.900442779177058 11.0653501920054 0 0 0.238820879418038 0.123978052156905 7.3588117600823
-2.91152138014455 -0.4426697101092 -0.186834118285444 -0.013355059011545 -0.0579758097531832 -0.0618509788614184 -0.0342600149912268 0 -0.00430735473253898 13.2918258114397 6.98267990446696 -3.7872923716316 0.798454643551061 9.81203964054227 0 0 0.622136770936511 0.322967176169227 19.169962850415
0.855794570742065 0.130115594248052 0.0549168641344909 0.00392550337152348 0.0170410506203069 0.0181800938387944 0.0100701767203159 0 0.00126607718545552 13.9162855573487 7.31073133854116 1.11321327453012 0.835966629556973 10.2730164745532 0 0 0.0946262338033975 0.0491229082585943 2.91572765254689
9.34163019920824 1.42030787080311 0.599458157346967 0.0428497703727194 0.186015661402081 0.19844915992124 0.109923421084918 0 0.01382016815078 5.82542186121573 3.0603061417149 12.1515455917099 0.34993951934943 4.30033247771993 0 0 0 0 0
0.956911504365372 0.145489482277663 0.0614055999775712 0.00438932363566961 0.0190545464326849 0.020328174002903 0.0112600246415527 0 0.00141567131364996 5.17944386079575 2.72095038530872 1.24474567335293 0.311134908050413 3.82347084584511 0 0 0 0 0
1.91304660994424 0.290860920350638 0.122761377967331 0.00877508595398776 0.0380936327871282 0.0406398545583391 0.0225109133604753 0 0.00283019400960122 17.1595168772454 9.01451880041789 2.48848141106826 1.03079111373378 12.6671732086029 0 0 0 0 0
0.393983564211122 0.0599015316688032 0.0252821677149034 0.00180719048999638 0.00784521670366405 0.0083695999170573 0.00463602393862548 0 0.000582866051206224 2.13250205854832 1.12028095174435 0.512491839304622 0.128101751797308 1.57421523791002 0 0 0 0 0
