2.77452173288768 0.239763830969011 0.0522320823088488 0.0886031621652847 0.179234149028524 0.153856543539896 0.0409482587867232 0 0.00638054865316562 0.665479794630827 1.3273238771076 1.04145559728735 0.730250191640961 2.0196513703909 0 0 0.195668213427078 0.0186774203725847 0.0409035220271824
10.1124211520706 0.8738777595622 0.1903725632046 0.322935834525987 0.653262570743326 0.560767698027004 0.149245916291435 0 0.0232554657609164 0.943915674726682 1.88267446006515 3.79583893184712 1.03578592156123 2.86467087562403 0 0 0.159288224173518 0.0152047850347449 0.0332984559527369
1.40455892387725 0.121376749159583 0.0264416877510739 0.0448539871314936 0.0907345293055413 0.0778875071203549 0.0207294257653073 0 0.00323005455095475 0 0 0.527220866808425 0 0 0 0 0.020897003018025 0.00199471392444784 0.00436842044131218
2.45489391759688 0.212142786026387 0.0462148916130344 0.0783959849011617 0.158586186967017 0.13613210826266 0.0362309764022235 0 0.00564550275239144 0 0 0.921478819546679 0 0 0 0 0.0161695433345807 0.00154345640920997 0.00338016717366303
0.0818553244683365 0.007073632167701 0.00154097695266486 0.0026140146973769 0.00528785529074462 0.00453915251185554 0.00120807596122597 0 0.000188242129841707 0 0 0.0307255426493257 0 0 0 0 0.000496714970323121 4.74137017126616e-05 0.000103835934176478
0.215657652682902 0.0186363308573623 0.00405988827982356 0.00688693469088834 0.013931487867597 0.0119589407559569 0.00318282076032101 0 0.000495946428914295 0 0 0.0809501208162105 0 0 0 0 0 0 0
0.0408340432772702 0.00352872588239663 0.00076872604174617 0.00130401766743223 0.00263787985923546 0.00226438477050979 0.000602656289048288 0 9.39057700459687e-05 0 0 0.0153276301377988 0 0 0 0 0.000403378519358569 3.85043132114998e-05 8.43243869961768e-05
0.0817831757848765 0.00706739734728467 0.001539618709214 0.00261171066009911 0.00528319448462074 0.00453515162517063 0.00120701114240462 0 0.000188076210007805 0 0 0.0306984606303472 0 0 0 0 0.000616183974214024 5.8817561174975e-05 0.000128810368943514
0.214992473275101 0.0185788485312354 0.00404736586734196 0.00686569247164754 0.0138885172670444 0.0119220543249353 0.00317300359500298 0 0.000494416720379579 0 0 0.0807004364078159 0 0 0 0 0.00110145213256369 0.000105138612653807 0.000230253400780381
1.49190985460421 0.128925291144875 0.0280861228799842 0.0476435016588983 0.0963774008498932 0.0827314094467773 0.0220186095818443 0 0.003430934888923 1.39169830176637 2.7757933457459 0.560009262248089 1.5271507260939 4.22363744926678 0 0 0.015014469535681 0.00143319936476955 0.00313870441510453
0.899189717567374 0.0777046252319353 0.016927800846731 0.0287152381682944 0.0580876703660378 0.0498630882186468 0.0132708469416051 0 0.00206786044360646 0.335085253540843 0.66833983763271 0.337523456127019 0.367698722919161 1.01694356007754 0 0 0 0 0
0.500736530705632 0.0432717853621421 0.00942667392972366 0.0159908064537007 0.0323475880201919 0.0277675214885932 0.00739020667967868 0 0.00115154037494576 0.172113064543053 0.343285824713714 0.187958470999925 0.188864634780086 0.522342510578235 0 0 0 0 0
0.541505524242022 0.0467948898882913 0.01019417536999 0.0172927467855433 0.0349812656651095 0.0300282990326137 0.00799190292087728 0 0.00124529655054753 1.04729176066292 2.08886185792779 0.203261683806283 1.14922348521845 3.17840489927322 0 0 0.0675101407536006 0.00644414979920733 0.0141126781964624
1.22383015304464 0.105758842135281 0.0230393572081875 0.0390824913092757 0.0790594477730424 0.0678654901114707 0.018062108947948 0 0.00281443383274034 0.92867085926139 1.85226811605225 0.459381791070285 1.0190573454198 2.81840468889042 0 0 0.118653472556054 0.0113260132894415 0.0248039517676027
0.529096003918648 0.0457225053767729 0.00996055849856289 0.016896454073696 0.0341796104505738 0.0293401494746878 0.00780875486923389 0 0.00121675846153306 0.972300498788289 1.93928903353296 0.198603596523262 1.0669334084991 2.9508154126586 0 0 0.0190190929580022 0.00181545887326385 0.00397585215359775
0 0 0 0 0 0 0 0 0 0 0 0 0 0 0 0 0 0 0
0.253141006601596 0.0218755026492372 0.00476553552845956 0.00808394953001893 0.0163529131398222 0.014037518554016 0.00373602532104347 0 0.000582146641558923 0.361876438115941 0.721775838649467 0.0950200227675995 0.397097463238702 1.09825159238453 0 0 0 0 0
0.506076624962542 0.0437332564119435 0.00952720449665262 0.016161340074618 0.032692558195961 0.0280636476406454 0.00746901938421996 0 0.00116382095318555 1.19889799256824 2.39124605223362 0.189962950182041 1.31558538049469 3.63851163203623 0 0 0 0 0
0.104224262718037 0.00900667247006523 0.00196208600723473 0.00332835715132503 0.00673288906515439 0.00577958522534316 0.00153821180459514 0 0.000239683824145294 0.148993264520839 0.297172534947401 0.0391220369601772 0.163494610726555 0.452176690105907 0 0 0 0 0
