184.443299877343 1833.89521493592 6.80538687492468 0 0 23.7749303641466 173.719395374731 1285.94161307955 6.02060297745173 92.7988202283099 4997.71442317234 15.931187984039 0 0 7.93779356938666 41.2797208845556 1.70022853153951 0.309132460279911 3.20145544959587
106.901685413128 580.471862161387 0 0 0 0 0 1894.44446222558 0 0 88.7426333815891 0 0 0 0 0 0.985437235887301 0.179170406524964 1.85553491812625
79.1667777480975 429.872426455789 0 0 0 0 0 1402.94386489353 0 0 65.7189669793401 0 0 0 0 0 0.729772316841405 0.132685875789346 1.37412913462911
2.92669146701174 15.8918172268547 0 0 0 0 0 3813.73421746364 0 0.13108168245911 87.835431116837 0 0 0 0 0 0.0269787210407519 0.00490522200740944 0.0507997436208386
0 0 0 0 0 0 0 5198.95449771308 0 0 85.1827338129496 0 0 0 0 0 0 0 0
0 0 0 0 0 0 0 5349.97500919066 0 0 87.6571428571428 0 0 0 0 0 0 0 0
0 0 0 0 0 0 0 5282.76793374978 0 0 86.5559825334382 0 0 0 0 0 0 0 0
0 0 0 0 0 0 0 3260.30317270498 0 3.9480795132195 1117.48981752377 0 0 0 0 0 0 0 0
0 0 0 0 0 0 0 483.878684002531 0 2.03107429501176 1947.09828140348 0 0 0 15.475989834043 0 0 0 0
15.7499635040947 789.57608976256 24.8241010707507 8.27120612992031 0 0 352.84294010542 1977.10289548207 3.91240368090194 84.0124576007701 7212.27818369819 32.0582986286614 0 0 0.0934029581817039 146.911203582337 0.1451857418414 0.0263974076075272 0.273378358143949
0 0 0 0 0 0 0 1073.31340446831 0 7.0572894027645 1881.67798750231 0 0 0 0 0 0 0 0
0 0 0 0 0 0 0 0 0 0 1307.14641424665 0 0 0 0 0 0 0 0
0 586.655161897479 0 20.0610438538716 0 0 0 3238.13950237969 9.48917250807032 39.1767801292463 2445.91086965488 28.336990713566 0 0 0 0 0 0 0
0 737.79352613687 0 25.2293156938434 0 0 0 4072.37252265292 11.9338420584352 49.2697868041544 2534.052149022 35.6373720995625 0 0 0 0 0 0 0
243.570495542225 902.915015201866 8.48733032453869 22.6008413802851 0 0 0 3990.22286698784 10.69053456277 97.7786973077117 7037.35255429337 43.6131752734595 0 0 0 69.3750643245416 2.24527270026889 0.40823140004889 4.22774961645657
4.83711225478754 0 0 0 0 0 0 0 0 0.971209580838323 86.1517724550898 0 0 0 0 0.432717857550858 0.0445892925973368 0.0081071441086067 0.0839596743210231
77.3823713590437 0 8.75743517955203 0 0 0 121.842058620411 0 4.22268716355204 45.3245143748209 7592.98628185292 0 0 0 0 51.9198732336899 0.71332336664073 0.129695157571042 1.3431564857862
48.4893561479862 654.28640112726 7.97698988556458 6.37390201190748 0 11.1109377314048 51.4388014437517 1007.57462832458 10.3295572225883 122.107437187261 6722.4313552652 25.2767159562768 0 0 0 344.732815014383 0.446982822653967 0.0812696041189031 0.841648970662525
155.107276786011 30822.6621377407 22.506147447365 34.1995977897631 0 4.73507289122789 1379.27682542333 1407.78731466097 20.4369478628925 97.4127579759928 11974.2212291078 0.216617853695163 0 0 0 6370.42823820316 1.42980426839223 0.25996441243495 2.69225847113327
3128.2247709504 8479.53560810579 524.060149791913 75.0594874980129 0.813878597612429 115.514021947302 1218.17780018823 392.788608745577 84.6360957808457 33.9680097671293 11872.9743512538 209.039793080041 0 0 1.7013655057193 4319.95471065104 28.8364880273532 5.24299782315513 54.2978370435789
80.3863787095591 17551.8249594814 15.133138875112 24.4941011358019 0 0 334.306361974907 1012.70161622922 11.5860746230754 47.8340021412016 5776.60846139202 0 0 0 0 4432.47297222172 0.741014798152187 0.134729963300398 1.39529823183677
39.9864215808078 4459.6574426167 0 0 0 0 154.182316829468 0 0 15.2813369885721 4859.15894152135 0 0 0 0 27.1470087157659 0.368601379887847 0.0670184327068813 0.694060165724893
4304.13343654434 3838.09595092918 328.671163297203 119.679539241245 0 202.949407823051 728.393501720104 20.4645466626177 68.7857330598699 9.56650111606423 6734.38932225843 279.262940032194 0 0 0 2423.14657552257 39.6762066024218 7.21385574589487 74.7085497568965
0 0 0 0 0 0 0 0 0 0 0 0 0 0 0 0 0 0 0
4942.53333148638 3314.58447103228 1812.84938350676 184.826734077939 1.19512329406504 334.772362711484 1060.03287812933 13.4205244176211 89.0394249410796 21.0049317845203 8942.3106886776 320.783011170195 0 0 0 6729.02787825618 45.561081339721 8.28383297085836 85.7895097269403
0 0 0 0 0 0 0 0 0 0 0 0 0 0 0 0 0 0 0
0 0 0 0 0 0 0 0 0 0 120.133333333333 0 0 0 0 0 0 0 0
3.782425578718 20.5384191154732 0.433915489903537 0 0 0 0 0 0 1.37155382266937 255.177859912674 0 0 0 0 2.56791020783609 0.0348670181656795 0.00633945784830536 0.0656530597193302
245.342852943564 437.6205358516 43.4339753643399 32.791969486973 0 2.45542219127167 78.7476975995982 0.0918422192953569 1.03704182798744 8.88161462985926 1477.59444862072 35.0569750657286 0 0 0 456.509791792436 2.2616105809284 0.411201923805164 4.25851312624479
12.2770924221068 66.6641192105341 1.40841385033544 0 0 0 0 0 0 4.45182401936722 519.71904976704 0 0 0 0 8.33498777362874 0.113172247700485 0.0205767723091791 0.213098358498704
52.0303884938732 318.223371041969 6.72310995155429 36.470410134469 0 0 129.090332958629 2.2025934579191 0 2.78012481236398 2136.28938094372 0 0 0 0 404.642439690215 0.479624638483467 0.0872044797242668 0.903112072377113
97.8771418141357 507.94447468849 10.7313505649616 69.4288925418657 0 0 237.066400834381 105.47356790985 0 4.79088585869553 3500.11517590483 3.4652997933912 0 0 0 841.882538156906 0.902247515678799 0.164045002850691 1.69889233851332
2735.90542304358 2584.099042436 359.670359122971 377.01377454402 3.45660987265028 86.0689419408175 565.174187728598 26.2267377585717 68.3503036875292 46.4576211876156 13111.7996585209 174.596918339955 0 0 0 6337.0124139675 25.2200240558794 4.58545891925081 47.488194648472
1372.1958446734 2464.35993084787 359.243665348482 30.6112625332869 0 37.3152658550751 0 241.479545087135 9.3974154499156 56.7371996881967 2060.48230856257 335.349621601729 0 0 0 1377.50221727561 12.6491259239299 2.29984107707816 23.8177470678732
1095.56862939905 703.102743753576 168.837583230862 47.1995216983172 0 24.5450098399349 47.03154913288 69.3488831443442 6.80752853113246 31.128800538523 7189.27714482104 130.278217821006 0 0 0 2152.23696329909 10.0991309698028 1.83620563087323 19.016218866873
2408.13720297817 4246.06037350581 745.051986688651 63.8391160065968 0 69.9041386092676 15.1713158367919 254.020218841725 16.9407210132105 65.6697537443817 3084.46548457196 709.412848129895 0 0 0 1217.4255304622 22.198602947833 4.03610962687873 41.7989917604811
2197.06474484141 2130.52662821093 1254.72575294797 217.383911397203 0 75.3197868925587 114.767923106124 1808.15128213777 13.2271109567728 24.2078776398577 6153.26698815314 1376.76446654081 0 0 0 2408.8332486226 20.2529024762792 3.68234590477803 38.1353234580223
1998.07225409841 836.79355765061 1572.63092417727 311.31240971786 0 79.2705241847918 169.57906152861 2839.33910439113 11.5640660484002 0 7973.02424349673 1834.81448364868 0 0 0 3129.57162635867 18.4185571216452 3.34882856757185 34.6813319368258
2872.74456193165 1169.77762673846 272.339246732222 17.820584010805 1.1259462736417 36.6393650901055 59.1164025752484 94.0838772901095 6.18588563997331 84.6550682318296 11884.407602691 1275.85977956528 0 0 14.5932942640131 92.3365381245842 26.4814296386439 4.81480538884435 49.8633658105718
347.461250437955 1588.45637583893 0 30.1196775890347 0 22.6979650911563 0 2.05636349518453 0 0 5626.26040268456 32.3167302588128 0 0 0 757.975658073506 3.2029546857591 0.582355397410746 6.03102262038108
560.958824555058 565.688746668512 123.868020298608 11.0247538723659 0 17.2972195539586 24.5130177379331 41.5895639431904 0.107587187101663 0 9399.26718461311 98.0056552132466 0 0 56.1808467341196 77.2725568577734 5.17101027340997 0.94018368607454 9.73678462196765
193.119354584353 0 27.272234679466 0 0 0 0 28.3776172392409 0 0 2991.61121495327 38.8543981142224 0 0 0 9.84534223567809 1.78020582409427 0.323673786198958 3.35204916940688
1975.1828048298 2779.31581667462 117.44415452045 5.0889904242383 0 39.6541397875082 41.7678679026208 42.0928582056961 0 43.2453079391719 15115.5418340894 183.891015602034 0 0 24.6150172630492 17.9857618585269 18.2075584312965 3.31046516932663 34.2840306949376
295.608411028478 4009.64886871927 85.7419589785235 0.972643973685671 0 4.02209535812135 135.365381826977 1.69869029933756 18.8009784726371 200.155986134058 13741.881291214 231.788530964771 0 0 0 0 2.72496672380029 0.495448495236416 5.13099233782332
143.110281336353 53.345049683578 61.6176948834621 0.27337510556458 0 0 64.2977935811013 16.24590439751 0 0 3231.88434957984 25.3240749192563 0 0 6.65405888350431 16.4266053091924 1.31921400043549 0.239857090988272 2.48402186678587
242.391647816007 0 42.9018662282478 0 0 0 11.9043597985705 36.0289814575828 0 0 4259.33029612756 48.4608216798704 0 0 3.3076118944997 15.4876767720249 2.23440588895187 0.406255616173068 4.20728788930328
0.00634490765417489 0 0.0369706228647157 0 0 0 0.0495241894275205 0.00264269429496663 0 0 327.53907266403 0 0 0 0.0137602358117228 0.0133464836690984 5.8488397414195e-05 1.06342540753082e-05 0.000110131076597247
0 0 0 0 0 0 0 0 0 0 140.093612087191 0 0 0 0 0 0 0 0
58589.6603126142 15334.6540473525 7827.77060026649 326.575065118393 458.166750323686 1825.0419317117 606.145819681552 872.248219021308 27.1962121497221 11768.2259279947 12477.3602363932 21138.4113336418 0 0 1737.18030118707 4.85860502274716 540.089079857932 98.1980145196241 1016.96395272979
0 0 0 0 0 0 0 0 0 0 592.381818181818 0 0 0 0 0 0 0 0
75.6262134540211 0 0 0 0 0 0 0 0 0 4110.45347624581 14.3719587541741 0 0 0 0 0.697134815590115 0.126751784652748 1.31267415707529
85.1092085050324 0 0 0 0 0 0 0 0 0 3921.46124763705 0 0 0 0 0 0.784550616331588 0.142645566605743 1.47727426022211
66.5961050155162 0 0 0 0 0 0 0 0 0 3776.80063915852 0 0 0 0 0 0.613893797780025 0.111617054141823 1.15593498633762
54.4766025150209 0 0 0 0 0 0 0 0 0 3443.71865203762 0 0 0 0 0 0.502174239774341 0.0913044072316984 0.945571978560146
6891.11266348842 3571.21510954672 6877.28163289683 79.0873550946394 4.21657797420626 2244.8137715627 1341.43605247844 109.831417036022 38.6358363645385 2388.67519396197 17143.4759711229 3186.54409996143 0 0 3518.22723307197 526.16903786145 63.5234046035168 11.5497099279121 119.611773401231
0 0 0 0 0 0 0 0 0 0 2248.79120879121 0 0 0 0 0 0 0 0
86.9250540387681 0 357.614778345482 0 0 0 0 0 0 0 9843.66794910551 345.063254278304 0 0 1885.43596739262 0 0.801289377714512 0.145688977766275 1.50879261075839
398.95976614168 0 23.6218625609278 0 0 0 0 0 0 181.645212179721 3897.79335114731 597.200946821437 0 0 37723.3809172589 0 3.67767643379569 0.668668442508307 6.92490276596201
1532.14525927231 34.7414589725225 765.834229599844 27.1964248303621 0 1359.66285232555 0 18.3708047677347 0 155.788609047662 9638.46573891372 6919.81217378427 0 0 72661.1062655842 0 14.1235658113368 2.56792105660669 26.5940524439313
747.403657027628 312.118803746587 268.812952144689 7.53282836648576 0 471.854799974073 0 7.42925968450494 0 245.514924879788 7812.40342829763 798.362014122926 0 0 15191.9165991171 0 6.88968926006211 1.25267077455675 12.9729814660126
0 0 0 0 0 0 0 0 0 31.6378062694335 1307.32086146732 215.659091973389 0 0 4920.78383898119 0 0 0 0
383.303213483508 150.27558810631 431.974076902361 17.6278513560529 1.67564711947949 371.827976039395 287.80872362764 195.818323477 2.24468200734067 427.491465432934 25995.9524411463 94.928122035262 0 0 1129.46275099102 26.3462713167063 3.53335176842331 0.642427594258784 6.65314577688883
313.352138182641 0 154.865543872591 34.0984256468254 0 1347.9421461026 0 0 0 465.294421929386 15012.1971105575 51.5229487687777 0 0 18738.9672346637 0 2.88853130534607 0.525187510062922 5.43897724175648
4539.01573782857 1596.44537868099 3338.19664760816 135.159855117489 6.79813393709028 3256.30964749809 664.075615244656 385.502514033326 2.80768214074408 609.823334180366 31276.2485507715 217.888245562941 0 0 1534.73767206332 65.5798151562112 41.8413901057677 7.60752547377594 78.7854949425448
109.913285528871 0 81.5131237730144 5.89993304153333 1.30941460038966 606.130244881322 0 27.0383612389939 0 144.162813085553 9265.30462049074 10.5203765437645 0 0 6163.86383253045 0 1.01319865875155 0.184217937954828 1.90780845481183
0 0 70.6776685864786 0 0 267.379507694504 0 0 0 82.2289156626506 7812.65060240964 0 0 0 3095.64864496496 0 0 0 0
5498.40993291553 698.619057107267 491.334018236947 19.4384118036804 0 12925.5577007787 646.784384827564 464.580625487854 0 442.247043414253 18610.4782484809 322.318479544179 0 0 13585.4019386806 143.079147965066 50.6852428483991 9.21549869970892 95.438080188061
10062.9610485885 14266.6923571704 4880.22535139137 282.908283186828 10.1067672190545 5635.5581309839 4834.81183937204 650.748373376811 24.5684711335562 1272.40142964099 22198.8106592657 187.508861710444 0 0 1157.10130246601 494.732682312339 92.7620222472645 16.8658222267754 174.666802803348
0 0 0 0 0 0 0 0 0 0 0 0 0 0 0 0 0 0 0
3405.03664825991 1369.76725542456 194.772696486663 38.6175884753423 0 19357.5968652347 1062.36772003464 37.5053199829325 0 576.907789962126 11860.6148261595 1632.21995686838 0 0 22655.2897713086 31.9673938977456 31.3881852263495 5.70694276842718 59.1025704967038
2262.60853560838 2163.39673734231 1782.8993280167 105.185906959386 2.52001159030416 3816.94211617938 1684.01167755477 213.953345363929 25.57292627201 809.459150458697 10649.2354077003 243.435774332121 0 0 2776.42731775757 1719.26969577609 20.8570958690528 3.7921992489187 39.272993008923
3107.88673892025 1454.42711543351 0 41.0043878540384 0 22818.8599061014 1128.02843874432 0 0 559.492389728808 9666.08347083545 2083.90121966857 0 0 25865.717366717 0 28.6490087187743 5.20891067614078 53.944821761808
2886.31244945526 1350.73490212178 0 38.0810129478917 0 21192.0076122973 1047.60655699392 0 0 519.60382906707 8976.94781150194 1935.33115555365 0 0 24021.6418168391 0 26.6065006468926 4.83754557216229 50.0988690111807
4763.10848644847 950.611385377973 716.240930779045 110.049962511744 0.0790650616054647 3703.73075747233 1261.29883832193 287.952686703916 0 339.877044773605 22713.9923933876 206.935141539963 0 0 144.003807513044 124.529942421957 43.9071137464097 7.98311159025631 82.6751615867719
9284.9527700089 0 0 0 0 6978.76139287946 690.621548257033 0 0 342.54233950224 5917.94080975579 1697.34962842353 0 0 3833.41292817756 0 85.5902145757757 15.5618571955956 161.162604792654
7124.58914691882 1354.32629816181 85.1318123184173 102.716391078408 0 21112.5185459918 374.745390773797 397.614581630692 0 108.100194373522 11029.2088739096 95.3416158003148 0 0 0.0324965041375114 40.9155802433617 65.6756290477545 11.9410234632281 123.664317249275
10.0173606553824 0 0 0 0 7.52925421722582 0.745098580104314 0 0 0.36956247807915 856.488643265528 1.83123854341172 0 0 4.13579700336194 0 0.0923416703579298 0.0167893946105327 0.173875298707343
3573.33069801765 289.494119731023 857.579816015441 209.96978600415 0 5365.90555461252 363.700453016036 1627.95435682632 0 234.596788777963 6678.13373653433 2.45636038123138 0 0 0 476.893738184324 32.9395473266629 5.98900860484779 62.0237170121358
8171.57485914658 1164.51226810293 198.955141534658 0 0 84520.3459118464 33.572710951526 0 0 793.579097013253 13710.2879918678 0 0 0 0 0 75.3269147340746 13.6958026789227 141.837263169726
1128.47320778621 665.099209828012 69.4803310705786 0 0 18704.3179058778 2.06778298727395 0 0 277.138544728518 4264.41361037544 0 0 0 0 0 10.4024507598377 1.89135468360685 19.5873566737996
2965.62570078525 1017.41088202977 84.467427917411 12.1319710556975 0 23945.8089694371 2069.25712689525 0 0 245.586216482629 8807.8451990242 0 0 0 0 25.2614128173822 27.3376231811895 4.97047694203445 51.4755405458172
551.391267875518 151.584772868597 19.5061142052891 17.8783624262267 0 6734.64375783027 1.89352118731009 0 0 77.8046969677037 1660.45380328981 0 0 0 0 0 5.08281496973402 0.924148176315277 9.57071674912326
0.97364908207097 0.924122656560299 0.0891244342165296 0 0 21.0227262520249 0 0 0 0.355493642847374 148.64067252474 0 0 0 0 0 0.00897525662436747 0.00163186484079408 0.0169000129680125
2680.94880014989 958.178643586847 56.0204053528985 37.4349095707672 0 19769.0029278479 1975.47079217615 348.468215598911 0 563.795383549926 7917.41679337017 14.8150912010142 0 0 0 37.2182776996155 24.7134249096754 4.49334998357734 46.5342907659704
0 0 0 0 0 0 0 0 0 0 164.051470831329 0 0 0 0 0 0 0 0
324.95241659791 128.439714836111 12.3870103545653 0 0 2660.11015456644 327.091863181425 0 0 49.4084868380108 656.636955231535 5.44846294156088 0 0 0 15.0221783616727 2.99546457073743 0.54462992195226 5.64032787132171
951.948812913625 384.388421937058 37.0712701190976 0 0 7633.37976134029 963.27 0 0 147.867428000714 1823.41812755484 16.3059072091641 0 0 0 44.9576787200786 8.77521999095253 1.59549454380955 16.5233527965795
1973.66010840626 796.94631078787 76.8592659704854 0 0 15826.1630487899 1997.13214285714 0 0 306.57115174545 3780.46337206407 33.8067742230814 0 0 0 93.2100296283633 18.1935219663997 3.30791308479995 34.25760064968
97.4487911432176 3820.33788668606 119.143473819662 7.37040089494244 234.731637007097 117.094727583089 335.701488671273 1899.00641216108 2.45786010338236 3271.17384445305 399.213846652465 0.378879267742496 0 0 0 17.6583719680364 0.898298909073498 0.163327074377 1.69145728616573
21702.5377760021 7705.43698236043 33667.5989718238 804.778904866248 6374.99220156536 4.71380342263025 84.4508018555732 7488.83065480631 21.4402309026647 9667.05031457808 6322.5000917283 21594.9697620102 0 0 0 0 200.057545913087 36.3740992569249 376.699548746129
0 0 11096.8687218924 56.0084560018579 9213.95785426416 0 0 10.1365062918875 0 4822.20002701179 9945.44654782559 0 0 0 0 0 0 0 0
1.66767962336192 5.1095376274965 0 0.13233952884853 0 0 0 9.33385911223158 0 50.2970349128952 63.3780492689603 0 0 0 0 0 0.0153729437664182 0.0027950806848033 0.028946576112781
9.02312116779563 27.6455840069388 0.379775898359907 23.1135539105804 1.96984143049396 0 1.56898545277221 2.76248198593304 0.0437005178704011 390.935576457329 1322.04089104681 10.7451419024666 0 0 0 0 0.0831766080048797 0.0151230196372509 0.156617889910956
66.0104959779955 423.378781276489 3.57398000911601 83.5936525695109 7.24644767980339 0 3.89379640897425 66.6279526029882 0.198969333728925 1338.52135145667 4375.02524599734 39.7185077751069 0 0 0 0 0.608495557808271 0.11063555596514 1.1457703382005
1005.20802427416 3831.66256982256 36.360317780239 206.478635453089 86.7261204655624 0.074492972864769 0 115.944272177987 25.791061604415 5216.13763513222 8574.85651981026 113.148074432686 0 0 0 0 9.26617211977851 1.68475856723246 17.4477940344273
658.6927235291 3032.61960662479 18.78135799654 126.699369226977 104.032165239179 0 0 72.2241665528035 16.655984557469 3302.76649467591 4762.57213007091 21.3993483812495 0 0 0 0 6.07193735314001 1.10398860966182 11.4331906377393
10.6021116102427 80.3266913347822 2.70738571910215 33.483318723513 14.8874014802772 0 0 80.2291336638652 0.0266194242444067 766.182459890165 1263.89949535081 0 0 0 0 0 0.0977320003832528 0.0177694546151369 0.184025052763678
25.2275733914226 161.011736793695 9.23416940157512 54.0547700164245 42.6392018297303 0 1.34846302925266 255.913385466843 0.810168587874699 1447.61631362105 1872.63577055703 0 0 0 0 0 0.23255190126249 0.0422821638659073 0.437884988870614
45.8686079879872 217.653420719784 3.00724524368154 50.2470598289378 71.6691960535272 0 4.16617130958328 134.461120009129 0.297101958965407 2037.8271608883 1374.73782145471 0 0 0 0 0 0.422824337100016 0.0768771522000029 0.796159606264759
44.5583076084171 362.030319366641 0 71.9410530664654 25.0808803225402 0 2.95198207786916 882.99253670127 0 1752.79429170192 908.120261408413 0 0 0 0 0 0.410745773705663 0.0746810497646659 0.773416203313434
71.8994594811674 457.592867835083 18.7242877072305 30.8546779762119 48.3891971421463 0 7.46496485754046 341.429071502034 5.27163981274074 2288.98827189208 1222.66109900339 0 0 0 0 0 0.662780987400706 0.120505634072856 1.24798741148123
117.46317453264 232.121559559518 15.8333654349122 54.4708042219306 9.97180461596736 0 11.081604303735 213.975256520533 8.70995638876052 2708.66545008053 3248.12730138953 0 0 0 0 0 1.08279477150112 0.196871776636567 2.0388548702199
249.109359759064 325.809951856041 43.1161503781012 130.271545630737 27.7612018038255 0 31.8602100903969 453.786809084579 24.9554553264237 2420.22993047585 11235.7662330485 0 0 0 0 0 2.29633085732885 0.417514701332518 4.32388987768246
67.2793060168817 1384.34597505931 11.9090115202637 58.0475779654638 2.01355403343789 0 0 122.558468394581 1.37671161934 1815.899646693 1777.64226967091 0 0 0 0 0 0.620191656450253 0.112762119354591 1.16779357686623
82.8870984517839 322.77151259589 26.9318631698652 127.267566046382 26.577884234024 0 1.97347145740331 132.585405976586 7.16296476112967 2430.53541323059 -269.569525119351 0.508380957463806 0 0 0 0 0.764066842102509 0.138921244018638 1.43870421542078
1216.19927039739 2247.98342703836 218.444870072216 255.751417872567 397.622864540268 0 22.6845033498947 1604.95508416772 10.5018892062323 8181.43509341201 1787.41859245921 16.8638642338702 0 0 0 0 11.2111239656974 2.03838617558134 21.1100527077836
1078.86608959601 2141.79702243372 194.260380420274 213.53469656767 366.787106019432 0 21.697204988202 1586.39754855925 9.12902037673188 7387.99852094873 1907.04480401913 14.8447734121848 0 0 0 0 9.94516422370152 1.80821167703664 18.7263062644089
250.70216998591 1155.12378045765 35.6460693259938 92.7345834825318 93.5809202344299 0 8.23426208568698 1566.14936558557 2.11414338545395 2979.66946414122 832.280981763897 2.50602261307392 0 0 0 0 2.3110136427421 0.420184298680383 4.35153691600968
1557.37169495343 2801.27172286799 274.615829578072 299.076801217229 502.973955037981 0 28.2829950516141 2047.14534969716 11.2309359557847 9913.16607204511 2313.55737138911 21.8165812381493 0 0 0 0 14.3561072249995 2.61020131363627 27.0319176851134
2588.43575329975 19593.6420505791 161.473394172625 245.643788435252 326.527089229734 0 546.793264224456 842.587032630469 27.4931553805848 13453.0720619251 1687.06178818181 28.9559634914887 0 0 0 0 23.8606244994742 4.33829536354077 44.9285051495016
2635.94379989862 11006.6257413753 142.397572840807 167.51642337131 79.2340861187208 0 110.038261072559 1458.5600155545 12.1715595369953 6207.87625514126 1669.62530103938 347.321809459229 0 0 0 0 24.2985614500646 4.41792026364811 45.7531211414338
10575.3907421022 28988.5495677658 556.772095305225 308.650036457695 76.9141638526447 0 22.4439733745645 845.008038732537 8.15362691999753 10660.0485489732 1973.20785851414 1600.42316603956 0 0 0 0 97.4856830465417 17.7246696448258 183.561248066065
28335.1472777541 71285.7632682069 2452.06546718302 797.6438796657 93.907662612884 3.3658623997883 52.4661702182793 5360.89545939327 40.9729867421722 20996.6537587076 2692.95772170875 3659.81598416157 0 0 0 0 261.198026054887 47.4905501917976 491.824380326057
64478.2044230113 180591.661719016 6041.94639342689 1994.00590733462 278.702996111209 0 79.7414087798657 3326.85576426701 65.4844189039344 40131.8499971295 3165.45659541366 14448.0852203836 0 0 0 0 594.370643419113 108.067389712566 1119.17374644392
67373.6729840499 109657.705497788 3797.97559732025 1866.17673404863 248.716505510583 62.0256924940642 151.965086306245 29581.8632080416 103.220418856443 31679.1966189637 3587.03077636636 13890.6041216476 0 0 0 0 621.061546601432 112.92028120026 1169.43154171236
47945.3288079732 177104.28100475 11301.8533663828 4796.34065675575 858.711659828543 0 271.816559200885 2273.270062544 21.1091836360516 45293.8888539241 2003.60858306454 10858.2157000845 0 0 0 0 441.967889576741 80.357798104862 832.206072527586
82590.675069182 252245.345316091 13439.5851476456 4450.03292812347 773.225769420437 63.4715990105677 576.961299195676 1519.5810742886 27.1819424634727 57008.4759579168 3014.53129489827 21194.9597614408 0 0 0 0 761.334362837333 138.424429606788 1433.55907729839
68352.8745663468 122478.063818503 8267.49288093777 3188.26370048872 586.850321537771 40.0877557941295 276.576967917861 2009.65959429474 16.3536222448749 37479.7129741001 2562.79204005608 20004.8156027896 0 0 0 0 630.087987081823 114.561452196695 1186.42793162721
63327.5874978167 30229.121200029 7744.60101357373 583.599763828195 17.1275505921639 0.12290048618332 79.4737883336136 143.143631774027 0.243882891787735 13632.5118064494 270.539144333283 25031.9892848326 0 0 0 0 583.76406824729 106.138921499507 1099.20203249166
117233.337548151 17676.4881243771 2263.65702629747 130.504272048215 0.156905742272741 36.7492557988821 73.5581077144824 157.467918985375 31.3417076319673 9534.82159703011 751.859073934115 43874.6693551767 0 0 0 0 1080.6760965539 196.486563009801 2034.86549859729
121587.707595546 40920.8140126908 3802.40421537769 303.294974857486 41.4283517787856 25.2263716548355 109.180195933845 9217.5859528749 74.4918240489051 24758.7081002115 2351.81071126761 42057.3298062208 0 0 0 0 1120.81539245885 203.7846168107 2110.44602511715
63619.5869129615 48173.2863375046 2418.36249705271 242.258465013635 41.270551277271 9.02500326116236 178.852748513479 4189.1394405852 84.4473674520787 19503.9424801375 2998.76571657388 20460.151557853 0 0 0 0 586.455766656245 106.628321210226 1104.27038205771
80881.2529551624 54448.8553779683 6943.41998891463 418.166324614146 40.8468923527836 3.03943826871741 192.541920831287 4936.22658998258 76.0789654889755 22956.0700462151 3331.05707290175 29490.0195369659 0 0 0 0 745.576629958809 135.559387265238 1403.887960233
78744.1030167439 92703.2141860421 3850.76926377055 364.943293725276 76.5297963412298 0 196.730724232644 2550.42950487997 157.781561262192 28453.8185732983 4995.44839856763 19667.2433893532 0 0 0 0 725.876031976159 131.977460359302 1366.79260181389
79783.8005676855 61880.5839875653 11956.530317881 616.345298951943 70.3127028718752 11.0546252995733 246.64946594117 13736.1007622197 166.817769721024 28748.9231673899 2520.18848253626 31513.1342325624 0 0 0 0 735.460134198674 133.720024399759 1384.83904423065
21323.5104060705 50779.3313349298 1404.76855160127 377.676975504113 20.0690773530961 0 574.790639439886 2162.09548530862 64.4291344066002 14326.8650712565 2644.08198708827 3917.40622529739 0 0 0 0 196.563609570478 35.7388381037233 370.120620480258
14519.0181824071 36677.1411774176 1323.76915083661 406.182994060722 24.0575541084369 0.00717116943228228 348.590447625416 7523.71621450472 110.23117133547 28480.0901241896 3900.69803610554 1128.61441921097 0 0 0 0 133.838686360988 24.3343066110888 252.01235238016
14961.5835199028 30390.572622645 1784.2600088489 298.718106533186 30.8706862241497 0 156.878326386351 503.063023028933 518.734553846586 18715.3948612276 2120.76654973697 1762.70084539604 0 0 0 0 137.918326089734 25.0760592890426 259.694134328706
3054.64132011358 9500.78943458244 288.544683065625 269.81764809168 15.0451336794122 0.327614289821216 73.7799095913208 2576.28921663502 186.688706095689 13034.9216955917 2084.52090378635 52.155931821059 0 0 0 0 28.1581837319676 5.11966976944866 53.0206199267834
4085.63537870982 5702.81780936043 207.229138422728 281.850259059394 21.817229042383 0 45.730339576525 30.2692105920538 143.968545659446 9187.61445171162 842.625617996676 42.5903647617072 0 0 0 0 37.6620557372872 6.84764649768859 70.9159923777691
4328.40796376088 8573.68730217682 276.783526074656 393.682680868484 44.4847923571856 0.231600444263023 24.6850323600455 2098.92088952155 133.236764095143 14602.089457961 1325.74643918693 71.6356450794501 0 0 0 0 39.899973168031 7.25454057600564 75.1298923456239
231.80601675528 427.558358115582 39.937344700562 121.189200683567 25.3663776062938 0 28.9132639981223 422.26640047457 22.6471723192974 2330.60312704008 10381.230368282 0 0 0 0 0 2.13682580897191 0.388513783449438 4.02354889596866
147.625617827099 1090.53377886656 24.2241395717234 76.958441448265 13.0855999532826 0 13.5853055565556 268.920277093127 10.6410938581547 2000.56196542939 6123.87427395942 0 0 0 0 0 1.36083711136538 0.24742492933916 2.56239635165289
474.761850545861 1652.85433091286 95.9378487733415 64.3181507529122 46.5415100973675 0 26.444087108726 376.64465721274 13.617610594383 11403.6788835581 2572.41753112033 0 0 0 0 0 4.37643245659436 0.795714992108065 8.24062958481569
1793.23915094289 4363.52331679772 377.955526452295 294.463029869017 79.7507002742294 0.506487628228654 58.5059773951649 2690.332680681 22.9704673338259 14031.1973304284 1793.24539707295 145.364340053544 0 0 0 0 16.5303720456875 3.005522190125 31.1259625913904
5144.32677992613 7126.58804634797 1781.37978150424 1222.44814425444 74.6729211815031 4.46671111844965 300.755553407636 11479.6627023697 22.711244562639 16154.9507824933 1710.42680088966 491.322101070878 0 0 0 0 47.4212463809189 8.62204479653071 89.2921185808797
3684.09957582287 5365.54455368194 1361.98706855216 579.99329103047 141.7169813886 2.56458358519396 50.4124218704271 1014.50019147053 35.5604349793383 16841.7914228066 1016.36483338298 533.39324269182 0 0 0 0 33.9606329750778 6.17466054092324 63.9463763211536
3729.19315056353 6729.48492232964 1642.52790631639 700.054514878113 102.201696227622 3.17245636366229 34.0390167606986 10.3776299772547 53.0335795863096 22387.9104887655 1371.86663336692 352.836833806382 0 0 0 0 34.3763129288314 6.25023871433298 64.729083368204
2020.08028978961 4844.74246302713 354.839343775853 200.294732557816 86.1023849439478 0.00578688605568317 36.0098316566285 636.967028595814 16.5281463270814 9598.33452468907 893.360626671188 159.77845173594 0 0 0 0 18.6214307973504 3.38571469042734 35.0633341339528
16498.9020410188 18336.6490068562 3606.96282411326 684.840730032559 330.039117556572 0 165.785842454693 1130.21571216144 37.8862060320862 21560.7336671774 2005.73583135964 4324.34810296996 0 0 0 0 152.089579875606 27.6526508864739 286.377981128586
89372.9701200274 11424.2114733461 11551.1489824928 553.101832995822 79.2003824289411 0.0951914420085573 4.39189756712887 14685.9605989408 126.02950707525 12677.091538592 1750.80093693755 31273.0735090892 0 0 0 0 823.854668874121 149.791757977113 1551.2820602733
64867.4490089126 27785.2890172606 12269.542270065 725.290823907873 128.683590054544 9.49877074407173 181.024613383393 4967.0187806919 89.9334085047484 24721.7723263925 2475.59440130895 30460.6889442786 0 0 0 0 597.958763731084 108.719775223833 1125.93001897639
134294.803884966 93138.8505252397 25780.4159239008 1254.41684987163 307.063135554618 30.8433203720318 242.569233372943 6247.71471567791 55.2133577550779 25582.514487434 1112.45341655155 32738.6278227857 0 0 0 0 1237.95148619964 225.082088399935 2331.00813114842
119094.983887085 113368.748609716 27222.8006685423 1868.8456970495 309.107294203986 19.6221744642487 252.677323864116 4714.13438000467 37.2765260542971 34379.1030631121 2606.18483331624 38066.7231780199 0 0 0 0 1097.83705725672 199.60673768304 2067.17883185995
59026.0762294678 43111.1789322521 12843.0584522891 1448.23117594322 142.43070839453 2.70943340580996 135.620606628225 1808.63925736473 38.8798069447538 28855.7304180878 5276.07779855236 43354.849757756 0 0 0 0 544.112033220542 98.9294605855532 1024.53899674728
28764.3318797586 15077.8912694532 4225.10849132925 573.222451660241 32.260110803668 3.37884708983368 103.427997746432 60.2551928591434 13.1109435464497 11084.7563295608 4949.51099799028 29774.3999878433 0 0 0 0 265.154319973456 48.2098763588102 499.273907545987
12908.9629058549 13966.2599298734 2337.08003501049 334.410296451533 20.154043521905 4.96001447772054 57.6785341784193 22.1994345954675 28.5120537568754 7911.08155804619 1674.45413168515 11619.1015315104 0 0 0 0 118.996933256537 21.6358060466431 224.065984891092
12046.2104426584 13883.3046368422 2020.10472013103 289.831123261678 11.9188168539589 4.77127205531148 50.5686071115277 179.285610626484 19.0067664891457 5604.91251685107 3832.99277392919 11687.622075501 0 0 0 0 111.043939818673 20.1898072397587 209.090848484461
5297.34888730151 1309.81031275766 847.135194152562 71.0980419401681 2.62635490307037 0 0 330.362450617066 20.4199226442871 2798.13496121545 4280.3140228373 3442.74010010525 0 0 0 0 48.8318292163427 8.8785144029714 91.9481839402141
31986.6938783411 14394.2365488394 6016.80939517122 265.561583088564 34.4343123647425 0.714364730392315 37.0026725343374 1243.81725484089 61.9700157369244 16766.7729505101 1869.37086527303 14827.5335538022 0 0 0 0 294.858580375336 53.6106509773337 555.205721755518
75619.5564313306 9890.79915609545 16378.4647666807 742.553876745352 56.4402575027699 16.3318261066907 173.093818216391 9235.19272330872 53.1888983497702 11822.6542642577 2104.58272074994 41289.7524027889 0 0 0 0 697.073450065203 126.740627284582 1312.55860849432
95838.3791222032 44032.3244706955 20945.7711137112 472.666898727946 32.1187244708409 4.90091322302358 256.627659203317 2793.62131604097 183.439685022949 17819.4832225253 1513.19832845844 47021.4258744187 0 0 0 0 883.453867440195 160.627975898217 1663.50472652166
101894.285054331 10278.0825261888 20537.8620923539 672.22256157947 40.7341786865294 16.1855623669623 208.960589665921 9046.09633335977 71.1240315519074 8007.14116959431 914.828933182901 52364.5647336907 0 0 0 0 939.278199671129 170.77785448566 1768.61948569991
110913.793054199 33646.9575738673 28278.3897152629 416.605466366218 22.9977294557545 21.7862423803806 151.224529759663 1025.66908281658 35.789584808127 13430.6274798379 4303.57118764706 80169.214871557 0 0 0 0 1022.42150090258 185.894818345924 1925.17466042328
86296.8607197839 8839.01327252442 36710.7994571781 253.22330168914 17.9537789150121 0 275.201250277018 620.553095379501 46.3768708025534 11266.9976603207 3393.22008565099 71140.3680977631 0 0 0 0 795.498588865203 144.636107066401 1497.88881037204
96612.341880164 14503.5471156038 34412.4433869372 455.448327528851 41.0227347865429 0.743805450245978 143.390276034249 106.814209543912 32.3540066016858 10130.7100505234 2377.82202650819 66317.1934848988 0 0 0 0 890.58838284037 161.925160516431 1676.93870482776
76958.3468611341 23896.9219011468 24772.6844745477 349.797385823062 85.4246208543333 0 232.223364075663 300.596695870028 26.1018773123349 13293.5126956789 3844.09337093196 50617.7913603332 0 0 0 0 709.414639406414 128.984479892075 1335.79652453796
18053.3458996664 25613.0328607885 11042.0668875583 415.109791340999 243.947239542867 4.50854924385563 156.393220040062 55.3938319739154 34.5450936538274 19654.8117902857 6227.96486458817 27341.1545564422 0 0 0 0 166.418697826254 30.2579450593189 313.359079198659
6526.77114137493 8913.10368801607 1570.82654637322 581.836815267536 35.6917487783513 2.09969103150449 91.9550069187302 124.867691129205 24.1632707366114 8927.70297051029 4926.7262556604 3023.17664405729 0 0 0 0 60.1648448101612 10.9390626927566 113.287753215841
14529.1276248693 20479.5571898019 3259.56420507346 1183.46691657594 40.7037521481746 7.4153244659953 148.917962317114 142.5403124511 10.3337568211359 12048.1308755063 15061.2182602959 8634.34598463577 0 0 0 0 133.931876856515 24.3512503375483 252.187825979281
14327.0608679164 20315.3497380134 3616.31309249076 958.866382786915 33.7835485123656 9.22333067346393 92.2943297275966 411.744410210394 3.39454396948501 10591.4878001852 16658.9636354927 8636.89309920782 0 0 0 0 132.069192412703 24.0125804386733 248.680473201168
13678.2911872747 50276.6187804405 1237.50515957696 971.669444693119 65.071997314089 12.0050808741275 280.362350710178 4600.35041062823 80.972405622466 7529.9569103485 23145.5375366317 2569.07179415007 0 0 0 0 126.088727293296 22.9252231442357 237.41952075126
6041.72866584802 106807.559338077 638.097474665109 535.6756114509 43.9378040383919 1.79806074618851 344.295970760666 4279.35446901314 44.0795788261765 11105.8339308482 18661.1296668405 306.38447261704 0 0 0 0 55.6936438695586 10.1261170671925 104.868678749088
7473.77916295272 140596.412523176 1263.25490461456 626.849143601162 107.934392608747 5.1227431967482 71.9048306952161 7382.36438177592 94.9222250578762 14603.1186210728 20533.3846638894 640.388868231621 0 0 0 0 68.894519777775 12.5262763232318 129.725346739202
23386.0990191909 188495.305604363 6674.65787335503 1189.52929656127 187.275283970225 9.38478913902473 299.801360232683 7188.61262688438 153.573373839699 26905.2906861229 17604.6033644639 2188.31189537256 0 0 0 0 215.576889050882 39.1957980092512 405.921788428023
37016.5350459053 63546.8011478801 13490.9674826538 1204.83356153371 134.161812623039 11.5532461101227 376.070897491223 3426.97811405318 131.779914032353 23173.7806160504 10928.4718282068 7559.86882162267 0 0 0 0 341.224479640269 62.0408144800488 642.510668192763
20486.2869694855 145001.150216447 6692.28268321364 1006.95618789329 241.197279634731 4.69249375350206 530.360003757964 7713.41184812181 150.252166533891 20252.2136811878 16213.1685401665 1564.44475794183 0 0 0 0 188.845946879006 34.3356267052738 355.588601505501
24651.3144476122 56883.1933271506 6125.77705436584 1014.19634997685 163.210170545897 4.70764719713461 295.53744939404 5586.7797371838 137.013527951482 18548.5033136657 6163.22468116859 5969.27223817656 0 0 0 0 227.239851985163 41.316336724575 427.882634015397
22295.7522062521 91533.5199666933 4657.8721455718 1432.65624050063 399.518142778853 3.00845059610491 338.779164183483 1612.38039944253 179.587870918288 26256.0341582202 13242.394242769 4366.81048510125 0 0 0 0 205.525893640019 37.3683442981852 386.996206698822
4343.14886824696 57894.3265842604 69.517446314822 221.642439634459 97.7367659775414 3.19394043638954 695.514077229014 1424.15410831954 17.7688088131081 10334.6819665731 23108.9553209315 248.772726778026 0 0 0 0 40.035857238662 7.27924677066581 75.3857560665091
8004.80643564526 104956.968838527 156.056677848615 381.097259971805 184.30430458728 9.22787757046952 1639.88482793851 930.048263967892 41.6626232295939 15332.4023591696 41324.3454233038 409.681259992209 0 0 0 0 73.7896161063371 13.4162938375158 138.942597553822
3474.98851606177 57710.7307662306 87.170277482674 304.605740562673 76.5608207994007 0.668087133398531 224.506118953077 416.459341560836 9.61017000776041 13832.0293449149 15493.7948406606 130.74998175386 0 0 0 0 32.0330129948306 5.82418418087829 60.3167527875899
8016.77039879158 105113.837254675 156.289919758651 381.66684695809 184.579765327714 9.2416695325937 1642.33579559193 931.438311715313 41.7248920793038 15355.3181283696 41386.1086838729 410.293568551534 0 0 0 0 73.8999018771143 13.436345795839 139.15026080339
5075.15333954919 82632.348073689 97.2462129555066 255.331696968281 114.600103657774 5.49782256064163 1075.00057330683 726.041813402844 27.2084095043027 11623.9263874025 32699.6420654334 259.61193254646 0 0 0 0 46.7835942838688 8.50610805161252 88.0914477632934
2694.5004932404 67439.7553287059 43.9919902985128 173.921512548114 64.6417866979986 1.98047174275052 538.470766845149 560.473489011414 13.9504045608757 10355.9503608781 24893.1662701918 121.658016231923 0 0 0 0 24.8383466349887 4.51606302454339 46.7695128733862
633.123097991712 41452.220721724 8.77859008609027 58.7250024555955 9.90368744549165 0 201.839417384679 361.303732161804 5.10650996917515 5137.13625227126 16650.5189496513 32.2996668995303 0 0 0 0 5.83623235920226 1.06113315621859 10.9893685142182
807.572987068738 53045.2315537685 11.2687837911945 74.6303970723912 12.6526764069286 0 258.575963947281 453.730027403277 6.29787776449408 6568.75147311131 21320.9921650209 40.9843081204713 0 0 0 0 7.4443399940684 1.35351636255789 14.0173643722323
553.889408348518 30024.4600018711 6.80797357815985 61.2139976689568 7.83213974194571 0 137.217351810182 553.343046584584 11.6695397440722 3992.3435902952 11668.8765312845 34.9654488494387 0 0 0 0 5.1058432375584 0.928335134101528 9.61407796330919
915.827841214236 40929.1076244618 4.77168841506481 115.565743514492 12.0884977741314 0 167.321606735558 1314.37384719501 31.3463443602162 5638.44939802172 14907.8567603662 70.62552883443 0 0 0 0 8.44225096084369 1.5349547201534 15.8963867762978
1660.17781026893 38775.3785527339 7.8033249846048 134.261219713055 9.27274372201698 0 117.905106651394 1590.62927959551 40.6466339278713 5929.49495082752 10534.7218684859 209.921228012952 0 0 0 0 15.3037908252842 2.78250742277895 28.8163641700085
1512.8738058979 71377.7233637339 58.6129050027934 32.9080148133215 3.8734066600661 0.436719881059889 131.733428358944 215.61521220602 12.3163287553958 5807.64816840753 13372.2391651542 147.761196753613 0 0 0 0 13.9459183994048 2.53562152716451 26.2595501905658
122.483239214636 13109.5566727412 7.48550427687377 0.879557510520257 0 0 0 551.716532408708 12.1686074085125 1880.61781123729 4020.9418079335 0 0 0 0 0 1.12907054952168 0.205285554458486 2.12599012232278
98.1074836523309 59983.5991535439 38.9315453698791 32.2915753536759 0 0 0 16013.6670729666 67.1822943142453 3733.43626892655 9613.06263537326 0 0 0 0 0 0.904370844450118 0.164431062627294 1.70289047308177
92.0286968523236 56860.953125 36.9118998360431 30.668875734039 0 0 0 15208.0073134297 63.7044634521583 3533.45833333333 9112.85170762456 0 0 0 0 0 0.848335592633483 0.15424283502427 1.5973785616122
89.8424042189655 14047.5129217822 5.40009159182166 3.17902286548996 0.0113207666055194 0 0 812.64545086015 9.92967888597411 1809.58354391508 4675.25351530684 1.23673041504161 0 0 0 0 0.828181989244246 0.150578543498954 1.55943021396211
44.3523231957036 13993.1418312388 0 14.7805623151191 0 0 0 184.907067725162 30.7017381390604 1196.28366247756 3328.92280071813 1.35815840838554 0 0 0 0 0.408846975669731 0.0743358137581328 0.769840850231745
60.2095012387794 21892.1273918873 2.95149008302082 13.7015178971459 0 0 0.230802702071649 153.206190120923 29.0174981653401 1490.13343497274 4162.71813798168 1.11514803922362 0 0 0 0 0.555021038682421 0.100912916124077 1.04508017361718
934.210860798468 1657.30608087765 102.25160563997 44.9949052766409 0 1.54060432897582 0 16545.3655035763 294.705439101832 368.106488223533 998.314716688231 44.1438952748354 0 0 0 0 8.61170864466168 1.56576520812031 16.215468132287
732.565450141639 1299.58366585776 80.1810347712382 35.2829478024807 0 1.20807148696786 0 12974.1192663141 231.094533058951 288.652280294676 782.832763460564 34.6156246624832 0 0 0 0 6.75290823998048 1.22780149817827 12.7154288288121
963.563652130904 1709.3784358537 105.464338621036 46.4086397139382 0 1.58900992913724 0 17065.2188702244 303.965048063235 379.672349198116 1029.68164335616 45.5308910816446 0 0 0 0 8.88228748020041 1.61496136003644 16.7249561637555
399.700922704551 24341.0158316496 9.89550939071892 2.96282383115013 -0.515884908884092 0 8.0249687189585 1303.00912286024 13.9454267437878 1397.85308446541 6984.22628876598 7.16926918489032 0 0 0 0 3.68450853631917 0.669910642967122 6.93776731413907
805.551754208881 36070.9755252129 14.0790097439836 13.3078508776595 0.875395857456879 0.100048915530385 11.3336244032509 486.689059183137 25.9804961375021 2368.11238317523 7508.26873327065 13.0003555969609 0 0 0 0 7.42570793869149 1.35012871612573 13.9822810324829
755.224663767956 1339.78149924487 82.6611397165497 36.3742958198735 0 1.24543872820722 0 13375.4258526565 238.242591149111 297.580675268335 807.046811253158 35.686331496779 0 0 0 0 6.96178458048909 1.26577901463438 13.1087337794163
632.097058768495 1121.35101737796 69.1845298438724 30.4708482837312 0 1.04238936404498 0 11194.7712341105 199.400851645131 255.295656641148 738.605511623991 30.615447136709 0 0 0 0 5.82677416168057 1.05941348394192 10.9715591448085
453.741724391111 804.945596905795 49.6631133416557 21.8809157589111 0 0.748264116985787 0 8036.00449245196 143.137015139403 185.086356320183 548.700109966354 22.1958400397374 0 0 0 0 4.18266549271639 0.760484635039344 7.87577492501472
3489.17231294125 28081.1457076161 270.577812845796 164.203095207566 30.7344802788993 20.365041681355 163.562027473672 244.455765281995 62.0429412956384 8248.29988004743 10560.3898569879 465.89575540199 0 0 0 0 32.1637615563456 5.8479566466083 60.5629465709692
3479.92496308007 1522.07397130374 1022.03243436447 53.465211990161 61.708298288823 52.627974956693 0 7.61553570972746 374.936927516253 3886.65892590763 3554.00987774759 3363.20968608303 0 0 0 0 32.078517971539 5.8324578130071 60.4024366547669
890.7374925543 1230.86086619655 236.866796966979 11.0354669596549 17.6394606600243 10.8626573648489 0 51.5428253461598 81.545913989264 968.15482814079 860.136506511034 706.75349395998 0 0 0 0 8.21096401961966 1.49290254902176 15.4608836514729
167.212205538844 875.796594593093 25.5070349157639 0.0408885881547846 4.72480671696467 0.0402482944203146 0 47.6837132507991 4.25317455745929 161.288679069767 123.482310240733 14.5666698767686 0 0 0 0 1.54138948320624 0.280252633310226 2.90236851659709
153.086133441709 813.694402420575 23.0027247056909 0 4.35171129310228 0 0 44.3560340092298 3.69008123488211 147.285930408472 112.350314815732 11.1588908183635 0 0 0 0 1.41117303818436 0.25657691603352 2.65717668514086
1626.15773106271 3259.4912268934 881.799524082689 8.00123393292583 84.4216054748116 31.0946094122845 37.7764618452819 442.513270614864 205.020837517623 1013.96629049444 2285.52767859367 2012.85203455756 0 0 0 0 14.9901881660923 2.72548875747133 28.2258641733001
112.441053652387 16.0309310238169 106.18969752125 0 20.0892247256262 17.1331124836922 0 25.5903469903196 45.3273944370722 291.256418187442 1627.7949134503 220.397171410876 0 0 0 0 1.03650003910843 0.188454552565169 1.95168392786902
11551.788516835 25396.2803171263 4085.77680217454 343.127633172679 1018.98800831877 98.5912669609607 224.520469107235 2145.62079987957 188.302992044933 7112.37409735074 10684.2758661501 4720.09424192521 0 0 0 0 106.486277569826 19.361141376332 200.508971181899
80383.4348489766 15402.6227738802 14762.7041764564 12.7879167946778 6334.47288285666 76.9428969076766 0 3935.68373269608 106.573773884252 -828.923622329086 4280.5264285892 21845.3220569719 0 0 0 0 740.987661163429 134.725029302442 1395.247134082
78215.7208987533 14987.2575892536 14364.5957870047 12.4430628371156 6163.65006020324 74.8679645374597 0 3829.54947074197 103.699780544568 -806.569896052418 4165.09273418456 21256.2154896924 0 0 0 0 721.005319116649 131.091876203027 1357.62126399769
74887.8679608007 12080.0132586618 13306.220430813 9.68282811683959 4897.58383481181 72.0730416198103 0 3545.28310035739 80.6961408064228 -499.576365414844 3517.49982840104 23004.0778011095 0 0 0 0 690.328625966845 125.514295630336 1299.85840174817
62397.1770619456 7375.16161685406 10556.805952428 5.42374933294358 2890.93518323313 60.514669602065 0 2810.15291226211 45.2012195805466 -93.0634367186275 2373.29450824621 22310.7471746479 0 0 0 0 575.187392541737 104.579525916679 1083.05252984092
44415.4321442046 1718.92718399056 9536.84802580329 0 297.763060355174 45.8384841391293 0 1732.38076141269 19.234095132813 367.718138699551 875.102959219895 20799.2953588763 0 0 0 0 409.428724287914 74.4415862341663 770.936257260524
39882.7982527772 1564.37947819573 8710.61964281564 0 266.17662945394 41.2703652098552 0 1552.54255424664 18.2824822223739 328.197484862599 785.787610619469 18693.9556009221 0 0 0 0 367.646163086978 66.844756924905 692.261534555046
10301.4221180024 705.289509178759 4371.76491764986 0 51.439695777076 12.2436827455187 0 357.029120056261 19.3175427569552 55.9813953488372 202.813953488372 5077.42703685131 0 0 0 0 94.9601954210718 17.2654900765585 178.805866085664
25457.3241579355 2358.75961126904 14842.1600886547 12.8443366232223 1449.7705966099 42.1835631410901 0 16145.2538383936 105.058251389706 161.599525174227 478.32554763011 16724.7626465957 0 0 0 37.988157766979 234.669781438284 42.6672329887789 441.872863973643
11424.9057640293 6400.11971420903 4419.47108320178 44.6216863475118 919.988545531905 15.5857784830775 47.4986799708519 277.578529949447 115.46493157934 2178.22128404281 6068.07690103664 4187.04767553062 0 0 0 0 105.316651583824 19.1484821061498 198.306616958678
8989.58951356577 49937.1832780092 3032.99922914938 185.707636767359 1328.28246189272 17.4805517281116 637.503622378666 325.502885813507 82.9594661616273 8135.7206704083 23767.224403344 3061.21586542517 0 0 0 0.940116776529855 82.8675077270748 15.0668195867409 156.035867700122
14183.3618461997 20434.5083370065 5778.97098186186 46.5117171862676 2707.2185455982 19.1249759830575 852.788965176131 386.588536465587 26.7956745140426 3372.77900200887 28086.6472600213 6016.53100136369 0 0 0 0.0038394770229884 130.744551307065 23.7717366012846 246.186232334287
9569.65798452132 8974.09085270672 5889.04467302148 60.2032877381841 2020.8344567435 31.2747207260005 33.4335882246407 195.041533111897 35.9941988093245 1591.46722831629 12852.136020725 5298.85949068867 0 0 0 0 88.2146738492435 16.0390316089534 166.104346027686
2408.62968656698 8212.06605011119 1856.91524158391 31.4457416259724 270.133987927706 23.3187904729222 113.092200337133 202.769843992363 16.1356619538836 1891.16985968904 14946.7095745886 1615.01518501257 0 0 0 467.575437153643 22.203142742174 4.03693504403163 41.8075399933
72521.9925894135 45087.7474529423 44898.8011718178 64.1246690748869 6340.54112073088 129.793152950526 385.898877045116 5162.72304143539 84.3497796341724 4146.89951738022 5212.28677630349 33500.751554069 0 0 0 0 668.519599500857 121.549018091065 1258.79296534669
55947.5704419744 19386.02291409 35228.5855507561 65.6700397166232 8667.61766535422 412.220986288412 314.405174773658 6160.73411650596 158.179915182499 3288.76669826657 3012.48335894253 28853.2606171383 0 0 0 0 515.733862921666 93.7697932584848 971.104151802858
46036.035295444 6899.46512710802 13586.0336901247 18.9994371235656 3214.01368440011 340.894546910612 157.060490748252 4370.9774402414 67.7144333858806 702.019330869191 3233.1520814586 19631.5843604906 0 0 0 0 424.367709427914 77.1577653505298 799.065708390589
13621.9732892895 0 5573.86711735559 21.4647739886626 0 0 0 570.985277538065 0 0 703.479346489693 12060.7627228984 0 0 0 0 125.569579690458 22.8308326709924 236.441988677531
2.01866274827635 0 0 0 0 0 0 0 0 0 91.2289241875024 2.16891811520884 0 0 0 0 0.0186083636676305 0.00338333884866008 0.0350387293041452
16807.1931166207 1178.14689659586 5305.91518518349 13.7432707377023 1556.71686322234 8.57917599487849 0 373.962631957897 28.457163577222 951.30404586277 6217.86781639246 9540.968489058 0 0 0 0 154.931457477591 28.1693559050165 291.729111501465
33358.2235129574 431.042805728891 26507.5084520615 36.7531070130243 4979.82424657695 0 0 2.3380864268975 0.0131946962759936 726.830008054862 1945.80090998639 17531.3896519062 0 0 0 0 307.501565065901 55.9093754665275 579.011905151417
10114.2057218686 326.661000888839 2611.39094398638 0.0063277930612799 720.283204380671 0 0.0567328643409959 14.6327092599335 51.1551288741757 2056.45848281298 -561.685494025802 4057.65098824088 0 0 0 0 93.2344040342857 16.9517098244156 175.556276905385
23237.1138162407 35689.6199600271 3872.09009287329 102.725363975097 1623.84845862792 12.6139327045727 194.662168398593 140.767575953139 71.2934467427911 8552.66345298906 13044.1186119365 6331.41758110396 0 0 0 0 214.203519061288 38.9460943747797 403.335793218594
10419.8544190253 66330.0824607441 2180.88403030843 783.948214252477 779.333016195419 29.9093773133275 554.669706330069 1216.78956110475 136.557312702801 15778.7041020684 16063.1372145599 2233.72764758891 0 0 0 0 96.0519237592056 17.4639861380374 180.861542468433
41840.2342193591 63692.9439714232 19258.3652530871 48.348204500063 4111.44267256456 74.1298331713444 123.79687221141 2417.96940388115 186.750077303186 10747.9835719461 9543.77360349029 15534.2872378503 0 0 0 0 385.690128258157 70.1254778651195 726.237526345565
65380.2806324567 14930.1299893401 43535.1346985446 60.2771679616876 4089.6549493521 106.535211902393 258.965610657786 1702.56214720147 269.565192542396 1258.18800121032 2478.0925599587 29935.4343540346 0 0 0 0 602.686129587177 109.579296288578 1134.83144069793
23327.2834846661 1082.59934235955 12734.8187042475 23.7880394964655 2198.02843215487 918.499544060216 209.26933948728 7074.21100980749 26.4647604249537 195.905533225618 3136.84772004179 12576.0163259189 0 0 0 0 215.034717825561 39.0972214228292 404.90090388708
23993.4322984255 2550.46735741238 16135.3750808186 18.9333038887718 2069.47449677601 46.0974951853741 0 23330.048480832 129.48610188219 164.668881070874 438.659399865721 17983.4696069036 0 0 0 55.9967677798513 221.175386639002 40.2137066616367 416.463512837745
21173.6673966645 17028.118974359 8729.86556983814 43.8006888411824 1010.97001073661 16.3720683444579 74.6132961486268 14.455238404944 95.6685594538844 4210.63384615385 4091.16051282051 7796.59734447412 0 0 0 0 195.182332180553 35.4876967601006 367.519735984234
2752.23231769938 457.235362451544 2930.78646030581 5.6065275830243 591.077515287611 8.47701374017164 0 6757.63414312462 30.1810920231973 25.1076923076923 44.2 3179.8778273031 0 0 0 16.5817558817152 25.3705280435205 4.6128232806401 47.77158702925
16628.9340507745 0 6804.26152172561 26.2029812782629 0 0 0 697.026511688226 0 0 858.767772511848 14723.0965486336 0 0 0 0 153.288236227705 27.8705884050374 288.634998252717
12.5700663267454 748.215543528406 0.617472699160448 83.9731770764119 105.243196289944 0 0.311548578361082 2042.59077550549 2.48084055833436 255.454345257622 719.206493733326 2.60089426922475 0 0 0 0 0.115872929113116 0.0210678052932938 0.218183622665081
0 0 0 0 0 0 0 4.06163153228394 0 222.968906143872 484.533452620623 0.199540212674939 0 0 0 0 0 0 0
0 0 0.816998489101638 0.193213028135164 0.336605675312166 0 0 4.88970481986199 0 243.95398506413 539.602061065485 0.215243762197287 0 0 0 0 0 0 0
0 0 0 0 0 0 0 2.9014625353597 0 159.279817133681 346.130772506752 0.1425433220055 0 0 0 0 0 0 0
0 0 3.8621142537622 0.913356389182432 1.59120193471819 0 0 5.80694973686788 0 203.091107007112 486.084504363263 0.167207867029518 0 0 0 0 0 0 0
0 0 0 0 0 0 0 1.69390772731267 0 92.9894181846614 202.075189000227 0.0832184567883797 0 0 0 0 0 0 0
0 0 13.1312092302953 3.10541663455409 5.41009513431185 0 0 8.66667999468008 0 82.4246301321417 331.258507740891 0.024316724113891 0 0 0 0 0 0 0
3.8820968204005 382.678269016329 14.851191349019 5.54074211661209 10.8400825494258 0 0.0640754794570543 117.729119385057 1.16600766010407 69.6964695855843 387.192644839941 0.596049176156693 0 0 0 0 0.0357858039876381 0.0065065098159342 0.0673830929602484
0 0 11.5219552667411 2.72484208578261 4.74707797531246 0 0 7.17025554843254 0 48.4814645308924 238.851416783172 0 0 0 0 0 0 0 0
0 245.478065548838 11.7738287875412 2.78440798010191 4.85085057427455 0 0 27.1770962427058 0 98.6769020279073 908.436971492534 0 0 0 0 0 0 0 0
72.1191796702303 6485.22571646689 2.37437675823875 219.742843104309 285.858493842404 0 1.14537218369689 5735.90553130158 13.0771857040814 198.47890171397 1948.3772803369 10.2959406553444 0 0 0 0 0.664806404071566 0.120873891649376 1.25180118187641
0 1991.71713709523 0 0 0 0 0 161.05625422793 0 398.668009075061 5390.40234268373 0 0 0 0 0 0 0 0
0 2297.94481541674 0 0 0 0 0 185.818747803352 0 459.963449359399 6219.17986529232 0 0 0 0 0 0 0 0
0 2353.1525827834 0 0 0 0 0 190.283014365485 0 471.013999807363 6368.59469584481 0 0 0 0 0 0 0 0
46.8224118510874 8823.60921393041 0.954530955311148 2.55633906780673 4.35029498371752 0 0 151.655811732398 0.961102639348464 590.624471515985 7867.78492425272 0 0 0 0 0 0.431616657247259 0.078475755863138 0.81271515790257
41.8954893557643 2020.99033611684 2.08697290534025 0 9.51142308244642 0 0 132.18327658118 2.10134114185686 404.527419407906 6444.55914095656 0 0 0 0 0 0.386199479150776 0.070218087118323 0.727196611645384
92.2263360363463 1995.3764139794 4.59414288808583 0 20.9379032176139 0 0 92.5819905961608 4.62577230284163 399.400460788657 7546.46440407621 0 0 0 0 0 0.850157462985234 0.154574084179133 1.60080906325234
84.0901046497002 2131.27824200853 4.17593380727183 0.0239565167607748 19.0319065013343 0 0 104.700227279566 4.20468396711677 415.586543292656 7564.66485927756 0 0 0 0 0 0.775156350166376 0.140937518212068 1.45958527074119
0 0 0 0 0 0 0 0 0 0 0 0 0 0 0 0 0 0 0
31.9437398062787 691.123465629424 1.59123859145878 0 7.2521034795193 0 0 32.0669251913639 1.60219383308071 138.337322572509 2613.81190819672 0 0 0 0 0 0.294462622707506 0.053538658674092 0.554460150904325
99.6016337942665 10387.089738781 3.88029978890274 4.59621892719904 15.6643474977915 0 0.799577199428483 67.5242572613159 3.90701458954996 597.478956144966 8511.88612128712 0 0 0 0 0 0.918144165050065 0.166935302736375 1.72882502921689
0 0 0 0 0 0 0 0 0 0 0 0 0 0 0 0 0 0 0
0 1936.28507248531 0 8.27101831489428 0 0 0 7.06007384003935 0 387.572562625677 6199.70094164783 0 0 0 0 0 0 0 0
94.8555861774985 8320.82750671759 1.82049009268194 6.56164556869389 10.4818415859432 0 0.950487171601205 725.223789543739 1.61376149974598 354.731480823609 4422.65128945462 5.97465516303737 0 0 0 0 0.874394321193225 0.158980785671496 1.64644599990626
0 0 0 0 0 0 0 0 0 0 0 0 0 0 0 0 0 0 0
0 1972.65589952003 0 8.4263796203171 0 0 0 7.19268898443999 0 394.852655231344 6316.15499782988 0 0 0 0 0 0 0 0
83.3875285059018 3365.42733752786 0.34070675143406 7.80211098356531 2.52962123989435 0 0.18111592317576 551.263609812658 0.317125956708732 393.804629575333 6598.54734069036 0.645026023654902 0 0 0 0 0.7686798882615 0.139759979683909 1.44739037818713
0 0 0 0 0 0 0 0 0 0 0 0 0 0 0 0 0 0 0
90.6006334055635 2694.55163043478 0 8.37318714735488 0 0 0 7.14728432294004 0 392.360103253646 7072.62087500722 0 0 0 0 0 0.83517147000802 0.151849358183276 1.57259109843495
46.5644405217205 3192.84738090448 1.01640254134084 2.18696152417535 1.76508126161692 0 0 644.205992518751 3.47502047970877 576.70664573897 3520.86858758457 7.01541695647277 0 0 0 0 0.429238635303385 0.0780433882369791 0.808237447306466
0 0 0 0 0 0 0 0 0 0 0 0 0 0 0 0 0 0 0
85.7742875807918 2558.45681419199 4.27274193257146 3.56097625169352 0 0 0 71.2369531393893 14.3649093478515 1444.45497898456 6908.09836647488 29.2178554318656 0 0 0 0 0.790681424125029 0.143760258931823 1.48881830130638
85.7296028229039 2557.12396694215 4.27051601564275 3.55912113443007 0 0 0 71.1998417148181 14.3574258406794 1443.70247933884 6904.49954086318 29.2026341711265 0 0 0 0 0.790269512711947 0.143685365947627 1.48804269025545
85.227027531067 2542.13326032936 4.24548083803567 3.53825638895219 0 0 0 70.7824446891666 14.2732578608416 1435.23901781578 6864.02308048688 29.0314386691331 0 0 0 0 0.785636691400486 0.142843034800088 1.47931929174787
32.6820240015484 4480.79826438805 1.04722256612537 0.872773209114853 0 0 47.6360508984396 40.9213697944576 3.52080736459133 1362.97508668961 5230.01378090479 7.16111528028183 0 0 0 0 0.301268247276232 0.0547760449593149 0.567274842258624
0 0 0 0 0 0 0 0 0 0 0 0 0 0 0 0 0 0 0
5.26746270401261 3709.39212598425 0 0 0 0 0 16.6585031848294 0 998.75905511811 3242.11023622047 0 0 0 0 0 0.0485563334864334 0.00882842427026061 0.0914294376131776
5.00169985578089 4911.23553685573 0 0 0 0 0 42.7124742434625 2.88495214322935 1181.11335868598 3861.76875151711 0.715253233971082 0 0 0 0 0.0461064880461964 0.00838299782658116 0.0868164865364112
1.19080495860095 9537.0012295082 0 0 0 0 0 172.189365478576 18.066679587151 1683.32848360656 5637.85553278689 4.47919076652835 0 0 0 0 0.0109770350425224 0.00199582455318589 0.0206692735743398
121.445905743751 10187.6020497446 0.733993746537603 0.278711338930532 0.687108385377745 0 21.9660379320698 23.9689074929627 3.85538089383195 1029.89158480649 4600.53578507191 1.55577523191131 0 0 0 0 1.11950823977612 0.203546952686567 2.10798471418043
0 10598.7272727273 0 0 0 0 0 205.21801823936 22.0136154076217 1775.96256684492 5976.47058823529 5.45773684622446 0 0 0 0 0 0 0
8.48519758770202 10614.9577445384 0 0 0.84194490755348 0 0 193.693539932901 23.0456717027254 1828.91316436693 6322.53189008155 5.71360993044375 0 0 0 0 0.0782179403857727 0.0142214437065041 0.147280937155816
0 10689.3342475146 0 0 0 0 0 206.972397168646 22.201806597459 1791.14501199863 6027.56256427837 5.50439424310777 0 0 0 0 0 0 0
18.9481694599126 2584.15666888571 0 0.0732164074265117 1.66242109544498 0 0 58.1899860765297 5.67965500584018 649.74705899915 2603.84414221009 1.55393539886151 0 0 0 0 0.174667327886745 0.0317576959794081 0.328890886346341
7.06405983034377 5167.48578103857 0 0 0.303737869071058 0 0 99.9340985818295 9.81670628382734 1440.41796529749 5113.5981088765 2.43381192056521 0 0 0 0 0.0651176598989487 0.0118395745270816 0.122613685914125
7.60166029838357 1112.18823529412 0 0 0 0 0 24.0502431524814 0 1231.66588235294 4525.83529411765 0 0 0 0 0 0.0700733490182505 0.0127406089124092 0.1319450302853
3.62829121398127 530.850188513299 0 0 0 0 0 43.9160622180566 0 603.808756550457 2645.07776069209 0 0 0 0 0 0.0334461823598227 0.00608112406542231 0.0629776884681947
0 0 0 0 0 0 0 64.5218971574001 0 24.1900037652101 972.013115415838 0 0 0 0 0 0 0 0
0 0 0 0 0 0 0 63.5798770149685 0 31.2277413308341 950.43080545594 0 0 0 0 0 0 0 0
0 0 0 0 0 0 0 44.0136648626545 0 21.6176470588235 657.943124624667 0 0 0 0 0 0 0 0
0 428.550369075576 0 0 0 0 0 60.2317534650652 0 335.533334862442 594.430961278221 0 0 0 0 0 0 0 0
108.663758052489 1254.67265714928 4.76831481643101 1424.11430366933 1710.44123285814 0 3.39765679095727 32639.5898528165 5.1590913747879 347.18490390368 1750.52359382482 23.7974748637554 0 0 0 0 1.00168030992729 0.182123692714052 1.88611991122505
0 466.899145465044 60.5753786780459 92.8035757096452 0 0 0 144.648362475193 0 47.8844464131994 3469.08507238947 0 0 0 0 0 0 0 0
0 469.668051162324 60.9346158125869 93.3539394273909 0 0 0 145.506187294215 0 48.1684210526316 3489.65818655039 0 0 0 0 0 0 0 0
0 467.740473560227 60.6845323752698 92.9708029499098 0 0 0 144.909011337918 0 47.9707317073171 3475.33618414312 0 0 0 0 0 0 0 0
0 466.893990958733 60.5747099336827 92.802551170146 0 0 0 144.646765575939 0 47.8839177750907 3469.04677413797 0 0 0 0 0 0 0 0
0 465.105157692555 60.3426271519019 92.4469923196702 0 0 0 144.092573508536 0 47.7004578319564 3455.75564940372 0 0 0 0 0 0 0 0
0 466.571512993263 60.5328717228755 92.7384535838174 0 0 0 144.546859825216 0 47.8508449391111 3466.65074598703 0 0 0 0 0 0 0 0
0.0360582010635176 467.860280444916 60.7617804552562 92.7449365984044 0.030168705632418 0.0178241365531387 0.0691335240308231 144.619639219124 0 55.6874950959999 3467.2242309971 0 0 0 0 0 0.000332390400111856 6.04346182021556e-05 0.000625876485479224
72.6713488862559 2769.63808354834 483.690532523657 47.3069192787449 60.8017168853827 35.9225920274749 139.331034172513 200.048823665817 0 15811.5763639796 2435.76124300642 0 0 0 0 0 0.669896390294697 0.121799343689945 1.26138540177987
17.0215780802287 762.906493796078 128.107364229631 33.7762237046581 14.2413920649302 8.41403406446894 32.6350633848627 82.2314281768861 0 3843.47712831925 1319.65729073565 0 0 0 0 0 0.156907693166833 0.0285286714848787 0.29545027627411
0 0 0 0 0 0 0 0 0 245.893496126948 -190.257830597938 0 0 0 0 0 0 0 0
0 459.377872700406 59.5995706255273 91.3086040155961 0 0 0 142.318223729596 0 47.1130764371447 3413.2016223412 0 0 0 0 0 0 0 0
0 0 0 0 0 0 0 0 0 244.935558167965 -189.516634914464 0 0 0 0 0 0 0 0
0 0 0 0 0 0 0 0 0 212.970875362255 -164.784255643945 0 0 0 0 0 0 0 0
28.174453402135 1678.0789428334 186.038276968416 20.973882468644 44.2664627982012 13.927075947718 81.9511339908224 71.8896541049153 0 7224.05195284529 725.764938707927 0 0 0 0 0 0.259716723603928 0.0472212224734414 0.489035153045046
0 0 0 0 0 0 0 0 0 245.584486399278 -190.018737163804 0 0 0 0 0 0 0 0
0 0 0 0 0 0 0 0 0 245.080446393721 -189.628740846283 0 0 0 0 0 0 0 0
0 222.756910445376 85.9513745614637 0 45.0965380304397 0 0 69.0115255915996 0 4597.83713484297 335.294148181014 0 0 0 0 0 0 0 0
0.356654182316444 218.110665035143 81.0805821559737 0.457638066082407 42.7678372304893 0 0.348143692403936 65.1680634778408 0 4367.21418261699 354.948534105705 0 0 0 0 0 0.00328769663669307 0.000597763024853285 0.00619058798209236
0 0 0 0 0 0 0 0 0 0 0 0 0 0 0 0 0 0 0
0 221.021425548257 85.2817328783402 0 44.7451937758093 0 0 68.4738611925383 0 4560.19823391602 334.088123986304 0 0 0 0 0 0 0 0
8.91091169233945 196.047073446048 72.5356383971199 7.73114960476889 38.2865434677133 0 1.35517037009736 59.8121722583671 0 3977.81270346956 1544.0302904135 0 0 0 0 0 0.0821422426914932 0.0149349532166351 0.154670225577611
3.14116499443317 217.737419935467 84.0145901624421 2.69327749129866 44.0803556627594 0 0 67.4564551020298 0 4524.89372413793 763.513498317634 0 0 0 0 0 0.0289557731257251 0.0052646860228591 0.0545224456306918
33.349367351443 106.892354916402 41.2447129779595 28.5942001123377 21.6400700611837 0 0 33.1159400267788 0 2549.98638421836 4773.43377744949 0 0 0 0 0 0.307419927519313 0.0558945322762387 0.578858185246375
61.3580233762922 2.76618277464413 1.06733933099332 52.6092018607146 0.560006270721178 0 0 0.856981240050945 0 690.981609343856 8489.33647698599 0 0 0 0 0 0.565608303758478 0.102837873410632 1.0650155275095
32.0686622807649 123.837595567771 44.3158773542709 27.4580508931816 22.7759418265071 0.0167896464467644 0.301975461012623 41.0505518861525 0 2645.66937470222 4597.73949938765 0 0 0 0 0 0.295614178527062 0.0537480324594658 0.556628479799908
61.0580539198873 34.7597567372167 0 52.7436844599903 0.987285572958993 0 5.84490967331483 6.78150018819951 0 661.493713726769 8562.67478092124 0 0 0 0 0 0.562843136204497 0.102335115673545 1.05980883877882
5.98353324357294 1583.39770214695 0 22.9724315013482 44.9734363621809 0 266.250900889482 308.915044955059 0 1459.55944064642 6248.31568265912 0 0 0 0 0 0.0551571889404673 0.0100285798073577 0.103858557742209
5.09945726837571 1639.69976948373 0 22.8488366756718 46.5725907875011 0 275.718185154221 319.899370395739 0 1500.12633611123 6318.81099296229 0 0 0 0 0 0.0470076318783319 0.0085468421596967 0.0885133006874168
4.82355379415695 1639.52348224513 0 22.6102868500551 46.5675836797505 0 275.68854216811 319.864977406432 0 1497.12027491409 6280.05297766147 0 0 0 0 0 0.0444643084877313 0.00808441972504205 0.0837243347467322
35.0203803986442 1486.66846229708 110.651009377164 61.6557299496338 474.31809238318 0.81017107835926 165.33394694894 487.701882839053 0 2475.8703111788 6873.75069448073 0 0 0 0 0 0.322823599332361 0.0586951998786111 0.607862620917747
74.7272359600851 0.451900755309763 189.31760566331 152.054093036313 1657.40027815362 0 0.0759878475576412 1.64628318690278 0 3645.29019990101 7462.65959137532 0 0 0 0 0 0.688847893888875 0.125245071616159 1.29707024845438
74.7700241587579 0 189.429377603156 152.137629091956 1658.36595402552 0 0 1.55903892199785 0 3647.0294627383 7465.33351056653 0 0 0 0 0 0.689242322508647 0.125316785910663 1.29781294017541
89.2802559217887 0 127.682905069901 93.6193180148859 1039.37618827926 0 0 2720.98704166936 3.25900523979487 2282.39637637809 10986.485388939 0 0 0 0 0 0.823000014217492 0.149636366221362 1.54967278319246
103.42100856297 0 68.6437514211594 37.6055422990905 446.988460767273 0 0 5339.83850989186 6.39747380273698 976.390314594529 14394.0980481858 0 0 0 0 0 0.953351786897597 0.173336688526836 1.79511943066951
97.0189099732848 62.4955913191504 72.5026411910985 39.3625461126092 423.371407504473 0 0 5017.02733540897 6.00144925628213 995.864709001723 13893.895129178 0 0 0 0 0 0.894336194077739 0.162606580741407 1.68399566834023
69.6350779860856 360.41299359188 121.449955862546 71.1553114769673 654.011636531528 0.173696856272343 9.29100874860539 2348.31582405927 2.77320326313838 1830.52325612815 9527.63310767574 0 0 0 1.00540382243942 0.000764216855503042 0.641907548100994 0.11671046329109 1.20868364451211
0 0 0 48.7751701581868 0 0 0 28.9017461887521 0 0 814.01516401695 0 0 0 0 0 0 0 0
0.0113320744603268 0 0.0290078706813869 227.829541032379 0 0 0.0597015023825028 20.6896702252654 0 0.805001068343457 1903.13223222085 0 0 0 0 0 0.000104460917429859 1.89928940781561e-05 0.000196695307231899
5119.31756281878 41225.7996728251 3440.04226030939 214.966667596529 405.989284378087 110.952663609768 450.890654805573 1412.69544336455 2.9425631371374 25609.7572021547 4799.72274528517 0 0 0 16945.3170576393 0.0622566232265872 47.1907073236277 8.58012860429595 88.8580236885648
234.910866725691 117.330138731991 74.801244811393 35.411367148473 14.0565950616733 0.0103494005050046 59.4199025812235 71.1718243266275 0 1407.82920409235 1874.61021897568 0 0 0 0.461493632354751 0 2.16544682426145 0.393717604411173 4.07744100733601
0 0 0 0 0 0 0 0 0 0 0 0 0 0 0 0 0 0 0
0 0 142.614638006624 47.7692062928639 0 0 4404.53932214544 48.3589856318035 0 772.923599760614 3329.71517944307 0 0 0 0 0 0 0 0
0 0 129.348264061403 43.3255940339448 0 0 3994.81794627029 43.8605106086907 0 701.024293708775 3019.97666088007 0 0 0 0 0 0 0 0
0 0 140.570193087435 47.084413255738 0 0 4341.3982717989 47.6657378428388 0 761.843392647662 3281.98221615045 0 0 0 0 0 0 0 0
1.48975544075599 29.3933003656159 143.220915042927 56.3855880325265 1.32573220904399 0 4313.3360090842 48.0809233766969 0 762.262112329314 3420.04249375089 0 0 0 0 0 0.0137328095250626 0.0024968744591023 0.0258582755651469
0 0 142.755087909421 47.8162504145214 0 0 4408.87700534759 48.4066105805907 0 773.684791220155 3332.99435316487 0 0 0 0 0 0 0 0
69.2974774128081 1367.25902282358 215.911004409529 463.673529413879 61.6677712987826 0 1554.84145029743 50.7157606533225 0 521.392358861081 8584.23797600431 0 0 0 0 0 0.638795490751488 0.116144634682089 1.20282377757292
59.2822581157011 1312.44942581817 170.292588422349 389.171903669758 59.1956825162725 0 309.763335145263 79.798255506184 0 374.025526442596 7567.3755972796 0 0 0 19.8599178606154 0 0.546473559784679 0.0993588290517598 1.02898564726977
74.1191336056125 1546.94482004503 200.700235111664 484.185480117765 69.7721776063806 0 388.972410036307 68.0686659193793 0 396.50489167987 8803.82352355099 0 0 0 11.7597650205953 0 0.683242306839315 0.124225873970785 1.28651517490097
1.28379745870448 402.998836879141 52.2849685802085 17.5130090784081 18.1765413074513 0 0 124.851635305337 0 283.367028050152 2752.26633984811 0 0 0 52.5267333850922 0 0.0118342551312995 0.00215168275114537 0.0222833812509317
0.0364486614777047 2169.91643652457 1.48443752340464 12.1195330806483 0.516055392117204 0 0 23.5218311863222 0 436.1499582729 2845.58433202937 0 0 0 1.49130153724942 0 0.000335989728127995 6.10890414778172e-05 0.000632653861625075
0 2192.10138248848 0 11.8033787939587 0 0 0 20.288353820195 0 434.774193548387 2810.55760368664 0 0 0 0 0 0 0 0
376.730347007475 1862.94388257442 107.705791767541 15.0470562347374 57.6098413364334 5.76459375298568 0.0120320528239365 74.9950750171434 0 1122.51070741493 2484.76919707807 0 0 0 2091.51602935574 0 3.47276200927248 0.631411274413178 6.53905792868205
0 2167.88394946186 0 11.6729799275039 0 0 0 20.0642164450782 0 429.970987365466 2779.50772110435 0 0 0 0 0 0 0 0
0 1103.04 0 5.9393233583514 0 0 0 10.2088644150315 0 218.773333333333 1414.24 0 0 0 0 0 0 0 0
0 2205.36489075533 0 11.8747962080715 0 0 0 20.4111103454016 0 437.404834246125 2827.56313742186 0 0 0 0 0 0 0 0
0 1846.40259503572 0 9.94196226937943 0 0 0 17.0888397050713 0 369.010392016605 2395.94488483442 0 0 0 0 0 0 0 0
0.565434259771777 389.07044497048 693.191080039333 255.302996891905 959.618188823718 0.000901142626169303 49.1547722331038 5859.89521609519 8.38760980264687 13532.0158720709 3947.70885052035 0 0 0 0.00395413140256775 0 0.00521226556786405 0.000947684648702555 0.00981446652460877
0 0.338053568891081 0.514775524323232 0.0574580395109963 0.422513349662791 0 0.0630259311154711 8.23147686003707 0.000740019522730882 7.49082448853279 655.258239831799 0 0 0 0 0 0 0 0
0 0.176735511864849 0.0159154806429952 0.0155740619163798 0.00848634469212133 0 0 39.4430162401463 0 0.559464085245781 749.292793667247 0 0 0 0 0 0 0 0
0.298378697063059 573.67077977566 114.269792263882 37.8205792447443 148.784290158361 0 2.61353530494807 503.898399785906 1.03777430569983 2691.43105474769 3436.50173520743 0 0 0 0 0 0.0027505036739614 0.000500091577083891 0.00517907729037104
0 40.7622161611515 0 0 0 0 0 34.4404329692558 0 19.8549176826263 1270.3340049489 0 0 0 0 0 0 0 0
1.45873559994069 287.748214868339 3.63769405190606 0.301426424531559 0.368829080445401 0 0 0.277066811435559 0 163.489217106795 4258.45013637242 0 0 0 0 0 0.0134468635544957 0.00244488428263558 0.0253198518951638
0 271.698746931921 0 0 0 0 0 0 0 132.342074667356 4219.04663480171 0 0 0 0 0 0 0 0
2.80467497581301 297.083003353089 6.99410467356772 0.579545155384449 0.709138580233046 0 0 0.135735391618949 0 189.561745869581 4202.46311057125 0 0 0 0 0 0.0258539530508473 0.00470071873651769 0.0486818550287969
3.07481735334853 297.781824779883 7.6677670699394 0.635366135538973 0.777441818119207 0 0 0.148809235013951 0 194.222528074072 4173.75082110795 0 0 0 0 0 0.0283441697091333 0.00515348540166061 0.0533708233312671
13.1058953385537 403.614320084312 50.3191935263558 4.47099359083945 6.49178679832011 0 0 13.5022779767904 0.0366247338614448 429.694975831874 3868.58976531956 0 0 0 0 0 0.120812288658889 0.0219658706652526 0.227484219168429
5.82375876650179 946.471133032977 367.517964037665 17.0418300557778 10.8999523309891 0 0 6.18494205245095 0 257.403706395349 3912.49545784884 0 0 0 0 0 0.0536843616558284 0.00976079302833243 0.101085288826147
0.569023374140185 1380.60454317125 620.487096841335 29.1460551748498 16.5112563013758 0 0 10.3088470084112 0 165.02693104707 4060.38156501498 0 0 0 0 0 0.00524535061164815 0.000953700111208754 0.00987676420504283
0 999.607431109413 449.384318942653 20.9673010468062 12.0017377899841 0 0 23.9748518896368 0 384.543196905296 3361.56335068532 0 0 0 0 0 0 0 0
0 4146.34973355729 3239.27648366655 460.469797757205 44.8730255810748 0 0 64.369199631417 0 738.838341804755 4916.41736597643 0 0 0 0 0 0 0 0
0 0 0 2.75732097185386 0 0 0 56.4488137653811 0 944.578349965719 1656.4515883294 0 0 0 0 0 0 0 0
0 558.416883605911 369.20775074692 53.589574752555 5.30808072886172 0 0 57.2695132167715 0 941.155577064046 2050.01946676865 0 0 0 0 0 0 0 0
0 0 0 2.74302234545827 0 0 0 56.1560874173264 0 939.680054458816 1647.86173511837 0 0 0 0 0 0 0 0
0 5431.28430393151 2023.6772611332 222.81695238959 37.1565561710049 0 0 43.6058155851079 0 1184.16184133367 5172.60075382958 0 0 0 0 0 0 0 0
0 369.18725132626 137.491949575376 17.2314174009435 2.52507894546776 0 0 45.8967331650138 0 888.382543103448 1750.75 0 0 0 0 0 0 0 0
0 4073.22835989122 1755.39769233265 162.885982761343 60.9952095523752 0 0 0.0878522166737553 0 1194.33099229632 3948.89258560601 0 0 0 0 0 0 0 0
0 0 0 0 0 0 0 0 0 526.972010178117 820.620229007633 0 0 0 0 0 0 0 0
0 0 0 0 0 0 0 0 0 508.585858585859 791.988636363636 0 0 0 0 0 0 0 0
4.28289051584856 2990.53051180394 1172.90368619442 190.782646794128 16.8023141884089 0 0 39.8941438081072 0 782.950594953194 1819.22038265206 0 0 0 0 0 0.0394803858819932 0.00717825197854423 0.0743398279639549
0 0 0 0 0 0 0 0 0 531.500757958565 827.67256189995 0 0 0 0 0 0 0 0
12.8747712341438 3268.12554241501 1208.21171883098 213.842254718736 8.65615192572675 0 0 51.1487081934672 0 641.855945440106 4404.64079305488 0 0 0 0 0 0.118681748829546 0.0215784997871901 0.223472506495276
0 192.920417893106 0 0 0 0 0 0 0 274.333286214935 2052.92525764492 0 0 0 0 0 0 0 0
978.510597752755 8660.52675738889 11605.4040359669 105.379579089628 2595.65580869208 0.168950076783967 3.93046675107016 18614.1104874923 1.78240057503601 13776.5766764383 3934.6951285616 0 0 0 0 0 9.02007087174969 1.64001288577267 16.9843962222869
0 0 0 0 0 0 0 0 0 10.181291880382 2400.85851315617 0 0 0 0 0 0 0 0
0 598.717875432947 0.278118728077107 2.50444600212981 0.470725224378748 0 0 4.364492404176 0.0284986694894477 29.4175937123399 2835.16570869489 0 0 0 0 0 0 0 0
0 2126.18286467487 0 6.25654832248989 0 0 0 15.8191011848437 0 57.9843153858882 2351.51452468441 0 0 0 0 0 0 0 0
0 1976.9217731662 13.2911417083126 41.420600384873 25.5682158793917 0 0 10.7332119087255 1.35538191758672 343.623067172098 4385.60042910096 0 0 0 0 0 0 0 0
0 1303.75318922401 0 4.03040064710372 0 0 0 14.9384873037961 0 80.1435946132484 1397.4107336672 0 0 0 0 0 0 0 0
0 943.286295878165 0 21.9866641434127 96.3814141886305 0 0 11.4282642448672 0 1176.51109553205 1373.76995126978 0 0 0 0 0 0 0 0
0 1422.54492495685 0 33.0582160609695 145.758334477102 0 0 12.3747781895851 0 1735.63472122589 1665.91486341217 0 0 0 0 0 0 0 0
0 1007.23848459408 0 23.4639593969434 102.970634800717 0 0 11.550126185832 0 1251.0851571725 1412.38288994574 0 0 0 0 0 0 0 0
0 29.3011506380635 0 0.568681476559421 1.76567657775006 0 0 8.54602228156287 0 78.0888604909771 1076.07734143196 0 0 0 0 0 0 0 0
0.0103916719496631 31509.8788800182 1069.99002036037 6.49405182269623 112.59136207845 0 0 13388.9954259079 1.18363217546309 538.875672245496 3882.08540596822 0 0 0 0 0 9.579213314317e-05 1.74167514805764e-05 0.000180372368179194
0 1114.19666168354 6.85460640285247 20.5700254276502 18.4212314706724 0 0 13.8631798613794 0.702387659061152 336.037682761132 4495.06881481133 0 0 0 0 0 0 0 0
0 40.7179562821249 0 0 0 0 0 36.3709207269886 0 178.504989051619 275.285832152755 0 0 0 0 0 0 0 0
0.948311441098597 3809.19831724746 9.81642095129064 1.95403612875337 23.6738146559076 0 0 31.7592918234212 0.127047028565565 298.862067003491 1742.79734704262 0 0 0 0 0 0.00874169010212577 0.0015893982003865 0.0164602174925203
0 22882.9117309897 73.9328356302492 5.15789465519775 914.636238422114 0 0 131.594989650191 0 9974.1650745128 8151.99465036301 0 0 0 0 0 0 0 0
0 0 0 5.97396668997603 30.5695197138906 0 0 152.415692310769 0 2218.01186229123 12285.964961087 0 0 0 0 0 0 0 0
0 51746.3750737525 2024.3232840452 5.05263595613141 95.8206584960568 0 0 27269.8222212372 0 255.423349194076 5735.47885802653 0 0 0 0 0 0 0 0
0 70946.9017051126 438.248397552822 5.01927632217341 35.9358846920559 0 0 7751.58102192816 0 245.626874165171 7152.87631490147 0 0 0 0 0 0 0 0
0 70551.3789150461 157.700907675359 4.76424372181995 24.379219023824 0 0 4181.88362547889 0 231.814534288639 7028.42661207779 0 0 0 0 0 0 0 0
0 72187.4348855564 161.357923534224 4.87472447366232 24.944562571373 0 0 4278.85969850055 0 237.190213101815 7191.41278610892 0 0 0 0 0 0 0 0
0 73960.9536366318 165.322204900867 4.99448790997326 25.5574067530209 0 0 4383.98378166741 0 243.017560910676 7368.0931937603 0 0 0 0 0 0 0 0
17620.2965668905 0 6908.78734963838 9.92626070840317 0 11.2403413761117 0 241.26981685235 0 148.981259010091 2196.54624582023 10678.8981866022 0 0 0 5.79024087624209 162.426778186779 29.5321414885053 305.842470315162
10974.8880881465 6748.06885151317 4582.70505516259 85.8791726477904 118.981888823261 145.614266315912 179.990844027296 2713.34022282191 42.016377007934 916.001202281155 13409.5116127249 7087.86422528921 0 0 0 2494.81914156953 101.168314979882 18.3942390872512 190.495481819437
6004.91631035452 0 1259.4111045512 7.98055164581226 0 3.88241901641438 0 0 0 0 496.781433839035 1755.73966581043 0 0 0 0 55.3543015504565 10.0644184637194 104.229712106301
6617.54390712923 0 98.4349378161126 0 0 380.770578941311 151.039131028572 2201.62812073458 11.5283816096987 0 260.413279132791 8469.97929029413 0 0 0 0 61.0016030243377 11.0912005498796 114.863332083668
17306.7209325154 1320.67195435391 6837.48061458118 276.060908527794 72.0721280234642 34.3446919939386 205.768645578619 814.152320047456 35.6090173687304 32.6104262743084 8055.54486544406 10397.8913801207 0 0 0 2269.72904408437 159.536186656946 29.006579392172 300.399613761424
11956.5223178071 3289.51580896517 4936.69737318817 299.150504936352 47.5142857303731 36.4324054424086 436.568071242685 811.128072565802 98.1038866702731 119.065875596441 6484.51596295214 10115.3645900667 0 0 0 129.356857305745 110.217180001895 20.0394872730717 207.534096158622
31387.5507932428 0 6955.41554622842 1.70852919885587 0 117.247190322489 36.2182341567735 4538.34330463128 2.76443344016406 0 493.728338959075 13038.4010660315 0 0 0 0 289.335581337495 52.60646933409 544.806157791139
11577.53778538 0 1513.25242047581 35.1744547674743 0 293.375648409998 116.372444331157 1744.86067764143 16.0926203206323 12.7272704746734 2116.21190482629 9071.74189639362 0 0 0 2.10047258781755 106.723638542415 19.4042979168027 200.955911440293
6354.49827575409 0 149.867919256497 2.00655541328257 0 333.56526201542 132.314338613574 1928.68541207996 10.6046554004409 0 370.868940092166 7595.07080238176 0 0 0 0.16624911732283 58.5768053338916 10.6503282425258 110.297544816696
13812.807814735 0 1600.98936063236 50.1417722660098 0 0.0339901721088286 0.460364504404139 1.64350802738391 12.719939388001 0.529191219126089 3557.45902399073 4352.84969760417 0 0 0 4.08814815979055 127.328723585526 23.1506770155501 239.754379162113
12282.286993228 0 1402.34356777764 44.2181820476447 0 0 0 0 11.1392636158807 0 3145.53945945946 3859.56390832655 0 0 0 3.66360863317255 113.220132107429 20.585478564987 213.188522728227
5167.30303350098 0 710.934828060697 13.4428514332704 0 3.87743914823559 0 0 2.12747463653671 8.3962962632243 1313.61380552322 2327.18860381685 0 0 0 1.31556744455166 47.6330452475723 8.66055368137679 89.6909265195114
943.956475389026 0 0.12495891789485 9.00520901813102 0 0.0209815698669461 0 0.0202992519128633 0 0 166.177572649573 1196.24308361578 0 0 0 1.57917646620017 8.70154531530937 1.58209914823807 16.384626626856
9166.10023424063 4025.86071138216 2767.86075451279 136.766043258982 70.8058400018286 14.8101444189379 352.678580922616 61.1193514661092 100.228599485844 195.004108902741 11124.0779584125 4884.65228371877 0 0 0 124.991868745407 84.4946124449668 15.3626568081758 159.099634228873
2995.69821768071 0 39.8795597788236 11.6138385017278 0 6.69608687285959 0 6.4783309887945 0 0 2036.98387096774 2464.88996533705 0 0 0 0 27.6148365647869 5.0208793754158 51.9975211391056
3881.50353957546 213.399133848818 472.312318495595 179.172000004976 0 22.635581219004 0 7.25816702817938 14.9780085951809 22.4496065866321 3309.66149019516 3500.13065165514 0 0 0 11.0894932514912 35.7803350278731 6.50551545961329 67.372795149855
7098.98097454956 8733.53184121024 4478.73424350354 185.5722848395 248.650339372058 19.739450884547 190.279328277219 77.1755923167269 104.889144405994 388.235450822253 12075.4837667114 6002.13817704923 0 0 0 130.218378551397 65.4395687228104 11.8981034041474 123.219826053117
657.250658931813 2.38473767885533 125.336477114429 6.28285196021794 0 0 0 0 0 0 1161.1560470231 469.003104749065 0 0 0 0 6.058644165617 1.10157166647582 11.4081601510438
631.134404603767 2.28997867803838 120.35615603233 6.03319901964092 0 0 0 0 0 0 1115.01680588809 450.366981379974 0 0 0 0 5.81790025800413 1.05780004690984 10.954849974978
2765.03147218487 663.319688671181 1070.74754143331 71.461470008258 0 22.9101224703233 4.3363918208072 19.5643939576734 9.21310974083461 3.04910056926398 1787.84012341475 1403.86006207552 0 0 0 25.5763794108304 25.4885127447826 4.63427504450592 47.9937470258724
286.955637689629 1.04117647058824 54.7219059081597 2.74309316583115 0 0 0 0 0 0 506.960730130287 204.766755533442 0 0 0 0 2.64520404270838 0.480946189583342 4.98080272194572
196.582252461817 120.932528635925 23.0363007383597 13.1848130537421 0 0.000122592645495513 36.8764858104291 36.9969179959134 2.4516487803052 9.52314660601296 1110.25915970164 0.00213928299038456 0 0 0 0.195966779957641 1.81212738360328 0.329477706109687 3.41215606018889
1598.37311513178 4638.29410454346 1372.65006986868 113.153951147429 147.227232672974 21.3195070947493 541.634652078026 50.5643089905863 22.5658897204823 288.373971237573 10416.7825276183 918.083365533972 0 0 0 38.1407912963126 14.7340650281142 2.67892091420258 27.7435955837328
194.686826506135 119.763915382094 22.8130344553664 13.0576410674251 0 0 36.522647904614 36.6416584549175 2.42812467677004 9.43176994205522 1099.5945992263 0 0 0 0 0.194076580799351 1.79465503686358 0.326300915793378 3.37925640073172
803.865029606383 344.770586861185 72.7097137632494 83.6372071647503 0 7.63319480318646 30.841069014717 39.0003107426758 4.93866777501749 15.3887050216718 1582.85579383905 187.778254826104 0 0 0 1.60548741389491 7.41015943518975 1.34730171548905 13.9530038851199
186.026763404565 114.436574631243 21.7982646249304 12.4768108303161 0 0 34.8980467892405 35.0117635099929 2.32011678893976 9.01222577297342 1050.682411451 0 0 0 0 0.185443662658861 1.71482515754558 0.311786392281015 3.22894025355368
197.948991826601 121.770675153231 23.195288823525 13.2764344219714 0 0 37.134620052623 37.2556247393401 2.46881024474851 9.5898083330843 1118.01936597884 0 0 0 0 0.197328520865149 1.82472621080237 0.331768401964066 3.43587909697297
5105.12310105777 5643.92475163184 1708.52599381319 383.019169400842 2.14761545121825 46.8811272898723 306.842912716784 85.0002859870708 64.1065261149769 35.360686659982 6543.19364456422 1626.47021930475 0 0 0 240.782902767868 47.0598604514889 8.55633826390708 88.6116447906104
176.861916004051 0 33.6023349968598 11.5023556536695 0 8.54227675082276 0 0 0 0 1902.25945945946 19.4588568169289 0 0 0 0 1.63034209392699 0.296425835259453 3.06986236525629
3472.49415556507 88.1704418584984 1291.83592705668 94.5430873651417 0 27.7278730930783 0 54.9295891908573 45.7989096464239 24.3804669986033 3220.34214162487 1633.71506529694 0 0 0 252.69108871672 32.0100195714466 5.82000355844483 60.2734571839507
180.707605383892 0 34.3329849058675 11.752463127228 0 8.72802020380872 0 0 0 0 1943.62223085892 19.8819706262523 0 0 0 0 1.66579228816768 0.302871325121396 3.13661351984273
1694.74116996339 2576.76917313379 957.988646125092 121.144434601668 24.4001263181045 46.8671699084459 831.57304915781 43.7464155579194 109.741730490958 38.057702789443 10274.8611522491 574.716956986735 0 0 0 533.882791194768 15.6224015329513 2.84043664235478 29.4162941014494
154.938205559895 0 0 0 0 0 0 0 0 0 412.325332665395 0 0 0 0 0 1.42824574215302 0.259681044027822 2.68932383485979
5341.76498064686 5727.75203124843 2257.64580859998 192.227436676008 0 53.1545717046221 1555.94899574889 33.1842677939814 215.22204367486 13.3898105850542 7837.59714534541 1678.66977346247 0 0 0 3193.38289936863 49.241264035691 8.95295709739837 92.7191316742049
150.532382355675 0 0 0 0 0 0 0 0 0 400.600448465398 0 0 0 0 0 1.3876321426256 0.252296753204654 2.61285021550638
168.89821608206 0 15.4024115187926 1.78008536515785 0 0 15.6967244663538 0 2.6046398920213 0 575.362596485342 89.9148672871259 0 0 0 7.4478843461628 1.55693140439263 0.283078437162297 2.93163326975019
26.4481297525209 0 0 0 0 0 0 0 0 0 385.247747747748 5.12291276796436 0 0 0 0 0.243803189603521 0.0443278526551857 0.459070669328378
0 0 0 0 0 0 0 0 0 0 98.1429752066116 0 0 0 0 0 0 0 0
2187.35656031689 1992.30236733603 1358.83831379817 132.558478874474 2.75695446697838 51.976560856286 604.102243775254 25.577149220028 75.9028092261667 26.3826651088689 9147.29342822308 548.868300320725 0 0 0 1419.15921124038 20.1634108421075 3.66607469856499 37.9668146519427
0 0 0 0 0 0 0 0 0 0 0 0 0 0 0 0 0 0 0
4741.29695125078 5841.54531676187 407.059330999815 51.4834795862137 0 30.5169936943003 875.816032223263 42.8888733646558 51.8454314435995 3.6421657582416 7803.08861509341 478.701919152987 0 0 0 2327.84711708738 43.7060514444207 7.94655480807649 82.2965701265827
19.1131025809261 0 0 0 0 0 0 0 0 0 256.259154929577 0 0 0 0 0 0.176187708395711 0.0320341287992202 0.331753695889645
50.9001685314876 0 8.71236559605805 0 0 0 0 0 0 0 169.114659018153 0 0 0 0 0 0.469206085853789 0.0853101974279616 0.883494396591504
196.53296085532 152.724649241225 20.255657023593 1.31373738504761 0 0.745699769075273 52.3221205153693 25.950884958002 0.516653136309303 8.1622362291989 1468.25777997403 11.3488843488984 0 0 0 10.4111512675249 1.81167300550558 0.329395091910105 3.411300486241
86.8131143321693 120.07540235505 0 0 0 4.09886033686791 29.949679285705 0 1.03796774040274 12.3039546347874 1864.34476629678 0 0 0 0 8.02326676156838 0.800257499174613 0.145501363486293 1.50684962891001
75.8496512964435 2881.91267735132 1.01232288473228 6.29340510207411 0 15.4276833930326 188.622131527455 7401.70689653091 3.86925022786699 25.863943292973 4909.22165422199 15.6205707266105 0 0 0.0398634112079451 376.942173901366 0.699194502198221 0.127126273126949 1.31655245625311
51.2318413326964 350.89466949554 0 0 0 17.7689307815795 1.21484695442479 46019.778403796 0.0421030200754542 14.0827823583907 1225.62686330154 0 0 0 0 0.325447264287777 0.472263500029993 0.0858660909145442 0.88925137284176
0 364.274353267515 0 0 0 0 0 515.014223227502 0 27.2563753120917 1101.51776519468 0 0 0 0 0 0 0 0
0 1209.94709786042 0 0 0 0 0 645.28722435391 0 13.3007258755139 2243.07136216831 0 0 0 0 0 0 0 0
0 2141.04114356312 0 0 0 0 0 363.269260243005 0 0 4100.85144355809 0 0 0 0 0 0 0 0
0.571089437748275 2420.64478184203 0 0 0 4.58382253246823 33.4932160325607 647.212906255341 1.16077629521499 173.187207741305 7316.41165346243 0 0 0 2983.69791807584 0 0.00526439592420104 0.000957162895309279 0.0099126256898554
42.4843077657693 732.91991042099 0 0 0 0 0 1156.40812173562 0 50.2685912828116 1575.78545076722 0 0 0 639.97510816736 0 0.391627303643463 0.0712049642988115 0.73741696613257
36.3380834962562 197.314335250485 0 0 0 0 0 643.960670791438 0 0 30.1654478976234 0 0 0 0 0 0.334970402193446 0.0609037094897174 0.630734515779772
0 0 0 0 0 0 0 0 0 0 0 0 0 0 0 0 0 0 0
191.859117003011 67.6118125831087 6.31797307842358 50.8847672123042 0 1249.15784015135 230.772340557044 0 0 30.2836094715112 2507.29533263291 0 0 0 0 17.1677858844029 1.76858874776924 0.321561590503497 3.33017472628395
351.835372617459 32943.9447069032 2866.39224964193 62.4945098308969 154.213665670626 46.4884241410454 193.228912123972 3074.5279867703 0.717842428124593 25387.7638471124 4589.90394692923 0 0 0 71.7831196232437 0.0646808890829473 3.24327606005124 0.589686556372954 6.10694599248558
128.070007237619 2675.89581460607 483.175891929627 32.4431916927282 242.033844725041 2.11452666383412 42.2982953413983 506.05798202857 0.150886804950523 8221.38544133502 1348.69555486949 0 0 0 18.3207668093615 0 1.18057029170849 0.214649143946998 2.22296186889585
42.1195034336716 145.846665833356 139.998367377409 47.4343618340001 115.715696776969 0 0.94253628886691 573.573159842321 2.43833190291949 8909.70130345538 -659.710640414195 0 0 0 8.27599029868835 0 0.388264477591911 0.0705935413803475 0.731084912770876
0 278.587241054246 2474.37076959078 92.0311785916498 8454.75076967667 0 0.00419977176623294 78770.6424397799 0 22242.0874332408 3292.11336404293 0 0 0 0 0 0 0 0
275.465964025766 1790.6495239962 507.603730274889 10.0962900519355 171.521538888452 18.8806833866973 275.674505091728 328.962494226524 0.616804770369237 4956.40531701398 920.714655848671 0 0 0 0 0.0622097422930287 2.53929035002142 0.461689154549348 4.78137190288254
0.0190951036128777 2073.89448382125 3527.23518838845 41.787695519946 3744.7219714394 0 0 16642.1543992303 0 25658.4588460217 -7050.48148753552 0 0 0 0 0 0.00017602179096182 3.20039619930581e-05 0.000331441280668361
