9.05517782468794 1.39478165344415 1.17174635797118 0.178738563792309 0.465791232546829 0.73979264442999 0.144641310202709 0 0.0118143033212176 9.45745442154886 5.12608908941237 11.9637093885085 2.11408234213731 5.43437414690145 0 0 1.7560915955332 0.911632249047291 0.374082876514709
34.8522997647609 5.36834827911284 4.50991202016352 0.687943420374195 1.79277491605516 2.84737368018808 0.556707156849931 0 0.0454718448201293 13.4144410446983 7.27083809392885 46.0468909588918 2.9986116430677 7.70810921830519 0 0 1.55892068885819 0.809275767440044 0.332081502485237
4.85697257027983 0.748126250357899 0.628495655212319 0.0958709280367306 0.249838852837188 0.396806407478262 0.0775820077512507 0 0.00633689898520545 0 0 6.41703669036311 0 0 0 0 0.18643565368869 0.0967835360678991 0.0397145489416167
8.57210615444755 1.32037345119848 1.10923654522073 0.169203296984835 0.440942405384511 0.7003265096621 0.136925048782101 0 0.0111840390294941 0 0 11.325474647185 0 0 0 0 0.123677752372153 0.0642042976795331 0.0263458520534638
0.285533396575042 0.0439811067986603 0.0369482216686866 0.0056360935374918 0.0146876135730172 0.0233275934073229 0.00456091811633384 0 0.000372535826549747 0 0 0.377246989896111 0 0 0 0 0.00444854613323069 0.00230935455003779 0.00094762991751694
0.722165769469218 0.111236199388029 0.0934487567897289 0.0142547032155433 0.0371476397677246 0.058999716477778 0.011535389486752 0 0.000942210701312637 0 0 0.954126088247866 0 0 0 0 0.0555054460243949 0.02881430258097 0.0118237778506839
0.109853811906096 0.0169209356650936 0.0142151602654644 0.00216838508832737 0.00565079377107331 0.00897486980202136 0.00175473078414197 0 0.00014332642384031 0 0 0.145138958760282 0 0 0 0 0.054948622857505 0.0285252413741146 0.0117051633020407
0.287836820950764 0.0443359064637308 0.0372462863975488 0.00568156042645762 0.0148060999130779 0.0235157792655304 0.00459771146552119 0 0.000375541107592166 0 0 0.380290276329914 0 0 0 0 0.000758606846380666 0.000393812297301438 0.000161598536180948
0.735240602937059 0.113250134199233 0.0951406494056038 0.0145127850556916 0.0378201989282666 0.0600679081592583 0.0117442380682028 0 0.00095926945503941 0 0 0.971400570421582 0 0 0 0 0.0345603947387938 0.0179411885256034 0.00736206010566683
5.26743058992372 0.811349670857435 0.681609210675198 0.10397288675566 0.270952490866185 0.430340130355793 0.0841383876362087 0 0.0068724241442452 19.7780959898323 10.7200391927689 6.95933420878555 4.42111816028751 11.3647466571113 0 0 0 0 0
3.09251788814966 0.476344837931179 0.400173982505414 0.0610426671382285 0.159076690340312 0.25265345758134 0.049397797351671 0 0.0040348124646741 4.76205819960874 2.58111046504661 4.0858375184765 1.06449184984539 2.73633948549927 0 0 0.100984770329888 0.0524237878761712 0.0215117898549657
1.5345124486156 0.236363089908116 0.198566986506279 0.0302894715594858 0.078934114673087 0.125367060067779 0.0245112680708483 0 0.00200208056308975 2.44598179599429 1.32576061575079 2.02739927848057 0.546765196385051 1.40549239186987 0 0 0.356814185927039 0.185231407994911 0.0760086076331987
0.767624607410172 0.118238287516443 0.0993311622848138 0.0151520072290637 0.0394860066738868 0.0627136263075071 0.012261518338926 0 0.00100152091149981 14.8835684756257 8.06712827508734 1.01418634733876 3.32701463838074 8.55228861090627 0 0 2.04371067957799 1.06094270251317 0.435351533897772
4.54629425916036 0.700272037347191 0.588293663975617 0.0897385034498254 0.233857804616648 0.371424517271369 0.0726194417098229 0 0.00593155655306877 13.1977896172753 7.15340961171612 6.0065682159161 2.95018223101892 7.58361853998967 0 0 0 0 0
1.89708228142847 0.292210226285819 0.245483777024784 0.0374461737740691 0.0975844219977831 0.154988399438485 0.0303027143210866 0 0.00247512593700785 13.8178314736673 7.48948205292059 2.5064268797925 3.08878396057076 7.93990251284138 0 0 0 0 0
8.67237614367299 1.3358181773066 1.1222115521133 0.171182508681459 0.446100214847008 0.708518397433074 0.138526694039253 0 0.0113148614263216 5.78420852386072 3.13513202215281 11.45795145048 1.29297933233194 3.32368012165453 0 0 0 0 0
0 0 0 0 0 0 0 0 0 5.14280064898521 2.7874788627814 0 1.14960152664118 2.95511896159222 0 0 2.39322868236413 1.24238647445132 0.509805907581061
0 0 0 0 0 0 0 0 0 17.0381177795046 9.23492789504112 0 3.80863415623074 9.79032016922351 0 0 3.98492881313888 2.06867889206663 0.848870091353474
0 0 0 0 0 0 0 0 0 2.1174151637546 1.14767233177965 0 0.473318697520539 1.21669380694521 0 0 1.19702102787989 0.621404358735461 0.254989586247602
