29821234225.4055 13943087412.4814 1478150060.63414 602761889.744919 1177929834.16764 2018187978.11948 976664476.554424 0 35765005.1308227 5096380773.69773 4498387816.97256 6256384714.9409 2579570407.24912 8601843967.073 0 0 477977816.729008 86905057.5870924 112947254.36599
40767111865.836 19060894663.2903 2020704724.05289 824005512.379484 1610288727.7116 2758963443.57838 1335148963.659 0 48892542.6100678 1889416909.2029 1667718795.54312 8552789385.639 956342189.164881 3189021810.4564 0 0 352724593.670503 64131744.3037278 83349630.4809261
9404227473.78441 4396999960.58941 466139640.818394 190083008.665692 371464172.976195 636442431.846884 307994459.037434 0 11278615.8114403 0 0 1972972163.99876 0 0 0 0 31673228.8193921 5758768.87625311 7484456.61461378
32426047793.1936 15160982788.453 1607262937.18593 655411700.838773 1280819191.15235 2194471876.63344 1061973785.36694 0 38888992.8877551 0 0 6802864973.52445 0 0 0 0 148288298.563518 26961508.8297305 35040865.0593281
34915166685.9439 16324784462.0977 1730641172.11861 705723032.564801 1379138643.07037 2362925998.53491 1143494019.64345 0 41874226.473245 0 0 7325072916.9169 0 0 0 0 34552613.2575186 6282293.31954885 8164861.76139685
1348320610.02228 630414958.129903 66832250.3486728 27252939.0546378 53258260.8943566 91249222.7930481 44158361.5507467 0 1617058.9443397 0 0 282872680.306327 0 0 0 0 0 0 0
2242902493.30894 1048681797.85922 111174018.869301 45334681.1591298 88593977.7685933 151791130.235447 73456489.86332 0 2689942.96395654 0 0 470552652.857214 0 0 0 0 7198461.09531638 1308811.10823934 1701012.86695768
60538359024.0533 28305053550.1128 3000706757.66537 1223631973.49853 2391247078.07142 4097006430.85184 1982669941.85372 0 72604463.8106328 0 0 12700723960.7482 0 0 0 0 99338763.1153661 18061593.2937029 23473977.5640159
15020922299.9995 7023117522.96821 744542531.026752 303610489.184445 593321938.9964 1016559025.59189 491944803.645839 0 18014793.0521097 0 0 3151333978.05415 0 0 0 0 23035075.5050124 4188195.5463659 5443241.17426456
66702439613.5644 31187104434.6438 3306241935.32671 1348223492.29987 2634726418.05169 4514168016.04581 2184547519.98781 0 79997128.1197061 43380241919.6471 38290143616.3837 13993925284.6903 21957226762.324 73218640603.2493 0 0 109416608.648809 19893928.845238 25855395.5777567
4899740985.74444 2290901722.79158 242865616.50757 99036046.3790562 193538303.719348 331595878.245186 160469648.201802 0 5876324.90896576 1157514395.44862 1021695372.78874 1027947548.33673 585884378.15993 1953691975.03382 0 0 0 0 0
1228235959.75744 574268697.955549 60880010.6885521 24825727.2841293 48514953.118985 83122349.314595 40225512.5208693 0 1473039.81688198 183411136.687116 161890262.79757 257679364.538868 92834888.4368638 309567524.41819 0 0 0 0 0
467741254.789954 218695079.910678 23184545.5792654 9454223.13904981 18475639.6909526 31654953.3179078 15318824.9795228 0 560968.343932878 753157716.444932 664784608.206691 98130386.3849505 381216287.322863 1271205085.94882 0 0 28793844.3812655 5235244.43295737 6804051.46783071
509498479.760153 238218907.578619 25254327.2708974 10298241.3189579 20125037.5902033 34480923.8594856 16686400.7800287 0 611048.342433939 249795533.793953 220485327.892323 106890897.840219 126435836.616335 421613356.768137 0 0 21595383.2859491 3926433.32471803 5103038.60087303
6807477297.35743 3182874669.03952 337426442.641397 137596178.921901 268893317.538979 460704233.064359 222949231.444471 0 8164298.5876329 9660713131.07975 8527156070.51961 1428183575.11878 4889840616.79029 16305678608.8429 0 0 106537224.210682 19370404.4019423 25174990.4309736
0 0 0 0 0 0 0 0 0 0 0 0 0 0 0 0 0 0 0
1401452374.99203 655257016.568967 69465834.224444 28326865.1978878 55356949.7221492 94844979.042025 45898460.8045321 0 1680780.58082159 951541865.849106 839890998.483865 294019528.210809 481629875.669989 1606044568.0225 0 0 0 0 0
859691050.968023 401953432.938847 42612333.5308647 17376510.930484 33957539.4313982 58180628.3015093 28155431.2590089 0 1031038.97767584 1086107867.41916 958667457.488957 180360004.894287 549741441.678448 1833169620.12857 0 0 0 0 0
103298390.316736 48297749.0089211 5120194.58202077 2087919.38268872 4080255.52718125 6990843.09926801 3383088.29021104 0 123887.141348979 70136341.9943226 61906768.8157389 21671620.4758907 35500022.5287304 118378491.923142 0 0 0 0 0
