2.32497568730941 0.207808573301848 0.147855702782868 0.0564247735658482 0.124395685847724 0.180209494886373 0.0337448204960046 0 0.0033231124238107 0.641952753890228 1.37444424392911 1.05933091289938 0.75944131990153 2.02594814350247 0 0 0.543221587741723 0.0518529697389826 0.0855763380647251
8.96307950188386 0.801128705923386 0.570002699849045 0.217524739766962 0.479561325320706 0.694730718466192 0.130090611499043 0 0.0128110246532438 0.910544950755559 1.94950992704784 4.08385655082196 1.07719057990009 2.8736022104116 0 0 0.44647330564441 0.0426179064478755 0.0703351107593819
1.24789316510841 0.111537896800292 0.0793591614450658 0.0302850862742122 0.0667673761001737 0.0967245370279933 0.0181119876154516 0 0.00178362694422805 0 0 0.568578765365496 0 0 0 0 0.0549527228183556 0.00524548717811576 0.00865696962639237
2.20017738987394 0.196653980898098 0.139919215500809 0.0533960469806043 0.117718467721594 0.170536345069675 0.0319334913848428 0 0.00314473689285701 0 0 1.00246894437549 0 0 0 0 0.0375036826642491 0.00357989698158741 0.00590813748711674
0.0732725228820223 0.00654916889043309 0.00465973060472412 0.00177824892311071 0.00392037894738175 0.00567937308320859 0.0010634812851762 0 0.000104729194564174 0 0 0.0333852302106777 0 0 0 0 0.00137957774749853 0.000131686966806677 0.00021733159058958
0.194206903366878 0.017358400663856 0.0123504939597129 0.00471320220990437 0.0103908617507493 0.0150530296511157 0.00281872930068539 0 0.000277581988014306 0 0 0.0884866785308525 0 0 0 0 0 0 0
0.0363890366373144 0.0032524872533958 0.00231414316070894 0.000883124569322248 0.00194696193794403 0.00282052408014685 0.000528152408668732 0 5.20112362464757e-05 0 0 0.0165799718297894 0 0 0 0 0.00116944762007045 0.000111629091006724 0.000184228769884084
0.0733023419530061 0.00655183414780853 0.00466162693410112 0.00177897260135706 0.00392197438934986 0.00568168436747246 0.00106391408075475 0 0.000104771815278788 0 0 0.0333988167027255 0 0 0 0 0.00132172360830754 0.000126164526247538 0.000208217546734229
0.192913872832213 0.0172428283453535 0.0122682643091122 0.00468182168600022 0.0103216793412043 0.0149528065043549 0.00279996218689307 0 0.000275733845748749 0 0 0.0878975337822991 0 0 0 0 0.00250870218496737 0.000239467026746886 0.000395208053451947
1.33181927396987 0.119039293498964 0.084696401690319 0.032321886794157 0.0712577653671833 0.103229672444358 0.0193300956128456 0 0.00190358342229443 1.34249689413769 2.87433478158391 0.606818099222441 1.58819727319367 4.23680570548836 0 0 0.0385333249660719 0.00367818101948868 0.00607034204543121
0.809750307562086 0.0723762648632015 0.0514956786244028 0.0196518088332965 0.0433249454712195 0.0627639655357949 0.0117527589318101 0 0.0011573847081206 0.323238816616334 0.692066087761885 0.368947312960069 0.382397165596541 1.02011413840555 0 0 0 0 0
0.450929933722331 0.040304553160458 0.0286766707369333 0.010943606654997 0.0241265913793589 0.0349517012280192 0.00654482098578188 0 0.000644518939789408 0.166028265103365 0.355472566973172 0.205457640245922 0.19641433739004 0.52397104524707 0 0 0 0 0
0.435011667066837 0.0388817631067071 0.0276643562786446 0.0105572866618462 0.0232748991621346 0.0337178720705311 0.00631378241887161 0 0.000621766792325182 1.0102663301101 2.16301703488392 0.198204785069852 1.19516271336392 3.18831437909774 0 0 0.173348531165449 0.016546905247611 0.0273084370002819
0.995209873941981 0.0889528200955644 0.0632898899250116 0.0241527221528315 0.0532477890014875 0.0771389867291752 0.0144445289193057 0 0.00142246403454779 0.89583909289263 1.9180241493652 0.453448433910067 1.05979329320255 2.82719177715859 0 0 0.332581909015578 0.031746454951487 0.0523932452656148
0.461039366757312 0.0412081440527659 0.0293195752345082 0.01118895221839 0.0246674872961559 0.0357352861191497 0.00669154983328936 0 0.000658968459713251 0.937926271904682 2.00813433362063 0.210063810961727 1.10958316104897 2.96001532479197 0 0 0.0500032962171317 0.0047730419116353 0.00787726238792698
0 0 0 0 0 0 0 0 0 0 0 0 0 0 0 0 0 0 0
0.227961912761597 0.0203754560173357 0.014497127433663 0.00553240164162584 0.0121968924836176 0.0176693895666668 0.00330865129818547 0 0.000325828381169174 0.349082839014499 0.74739908167752 0.103866505989786 0.412971095473292 1.10167566903363 0 0 0 0 0
0.455738866567606 0.0407343802245154 0.0289824924921262 0.0110603145192422 0.0243838889084251 0.0353244429146182 0.00661461809227504 0 0.000651392398540238 1.15651275090869 2.47613595219328 0.207648738952401 1.36817478344089 3.64985561077763 0 0 0 0 0
0.0938574220128782 0.00838906706368926 0.00596881729510124 0.00227782329658664 0.00502175504325499 0.0072749141871035 0.00136225160345981 0 0.000134151409350342 0.143725830959763 0.307722242594124 0.0427643476385534 0.170030168274176 0.453586465112466 0 0 0 0 0
