211.246447821773 4566.63187380251 0 0 0 0 282.5390545967 2786.28419957698 0 71.30963197345 5017.34296149322 15.538246565318 0 0 0 2.90153341625722 0.989675872104695 0.179941067655399 14.6839004574973
155.601067379457 0 0 0 0 0 0 0.680958372970112 0 0 1256.20383778695 0 0 0 0 0 0.728980882978491 0.132541978723362 10.8159479510301
115.231439719504 0 0 0 0 0 0 2.94924606383467 0 0 932.667352212861 0 0 0 0 0 0.539851802357859 0.0981548731559745 8.0098245810167
4.25995450303211 0 0 0 0 0 0 289.3734584567 0 47.8042721117233 1576.31409862025 32.3965285622467 0 0 0 0 0.0199576098504227 0.0036286563364405 0.296112661400897
0 0 0 0 0 0 0 0 0 66.0661549428431 1742.48773964376 44.7724435716018 0 0 0 0 0 0 0
0 0 0 0 0 0 0 0 0 67.9852608929364 1793.10395292282 46.0730045461706 0 0 0 0 0 0 0
0 0 0 0 0 0 0 0 0 67.1312212853026 1770.57875001432 45.4942295262868 0 0 0 0 0 0 0
266.999323222236 0 0 0 0 0 0 310.58443882548 0 58.8255771584057 1853.46590647463 22.906195951294 0 0 0 0 1.25087446812014 0.22743172147639 18.5593250198566
137.356773177043 0 0 0 0 0 0 5270.4138102991 0 15.0977192224151 6401.31184111202 1.5069056362935 0 0 0 0 0.643507550944322 0.117001372898968 9.54777325390298
158.858400196637 2629.31126296873 6.14195555085013 13.3158520826161 0 0 31.4225008625463 3389.28298409968 0 113.615429855732 8731.80965488809 21.9088900469654 0 0 0 0.072529493101522 0.744241275424461 0.13531659553172 11.0423676202723
477.267868595944 0 0 0 0 0 0 11.761889604593 0 44.733209008178 1218.97577124378 0 0 0 0 0 2.23596893084209 0.406539805607653 33.1752507381212
44.6466318864442 0 0 0 0 0 0 1288.42213997751 0 18.8348128217432 5670.95085334914 12.7641845506636 0 0 0 0 0.209166567316829 0.0380302849666962 3.10342117059495
172.369822159493 1420.0299595533 14.8967439232858 0 0 0 0 664.244679761112 0 23.5899809891311 4978.37992858083 15.9867195783497 0 0 0 0 0.80754140876325 0.146825710684227 11.9815567862326
187.390617203121 1785.86839275423 18.7345513019447 0 0 0 0 486.296973425434 0 17.2703473700439 4188.8221470734 11.7039602767289 0 0 0 0 0.877912856841045 0.159620519425645 13.0256636173174
201.047996063046 1599.8106631387 16.7827232194566 3.50098994332088 0 0 0 2505.70298291557 0 90.4012040415081 8154.19393922098 11.563206511447 0 0 0 612.180386835443 0.941896788752005 0.171253961591274 13.9749983576519
0.0681691846229084 0 0 0 0 0 0 49.4813911990349 0 1.75728178676687 122.737688273113 0 0 0 0 13.8350830156224 0.000319368197373254 5.80669449769553e-05 0.00473849161296227
68.4973870190283 0 0 9.08472642667308 0 0 0 1562.53863364077 7.71352860674795 55.4919862897887 5860.50157026789 0 0 0 0 2.98640570907245 0.320905804258274 0.0583465098651407 4.76130520989718
220.405535634034 605.895223866561 53.8684779416354 16.5427177256123 0 6.66502794662785 164.678914886419 1570.05939997789 22.0386323088729 70.9592798820031 12672.747287963 22.723196971756 0 0 0 475.351362335362 1.03258560295106 0.187742836900192 15.3205555828426
1387.22644912572 19167.3292731579 156.461941083154 41.4771058375966 0 52.3132369476031 1174.47746173357 3105.83590669761 58.6748311904497 432.283064543625 20867.7440277526 0.205293323612093 0 0 0 6442.81687805136 6.49906571211794 1.18164831129417 96.4271603191902
6868.31666584878 10939.7835144212 939.736518774839 97.7754027172542 0.0955908900765333 383.468968109055 1277.04863910993 1149.4948487224 148.008237622754 289.669306188362 13871.3303322039 504.693417204179 0 0 0 7142.38921006098 32.1776169789138 5.85047581434796 477.421889323237
923.385449908145 9482.39059967585 92.903031474033 23.0579826556783 0 37.5245083878833 392.47474290875 2064.7299305728 32.6228808781981 73.3268045555432 10773.4171176487 0 0 0 0 4276.73459993627 4.3260007912542 0.786545598409854 64.185221432893
76.1180988709918 5051.24659508791 12.6310943661881 0 0 16.0781440036362 2966.34764869208 904.192777297899 9.85090442845047 136.743137787656 8691.68775642171 0 0 0 0 247.356896948218 0.356608343760921 0.0648378806838038 5.29102665801314
4989.66434101249 4235.07293746282 614.789006878907 113.562985474942 0 130.564512637081 795.317384389671 879.45904940131 66.2877761467158 37.5123988580104 7071.50753095983 516.530759917221 0 0 0 3621.78976413173 23.376252993222 4.25022781694945 346.835344476735
0 0 0 0 0 0 0 0 0 0 0 0 0 0 0 0 0 0 0
9290.52425301509 4869.82314427756 2225.36855658795 219.146495394661 4.44596836950038 466.642268394565 1052.79790542456 414.939081637636 120.69593110808 26.7904977114454 8926.36894306535 999.236357499906 0 0 0 6971.06785437567 43.525502024867 7.9137276408849 645.791371812016
0 0 0 0 0 0 0 0 0 0 0 0 0 0 0 0 0 0 0
0 0 0 0 0 0 0 111.513627627468 0 0 108.412628430037 0 0 0 0 0 0 0 0
4.36305408155935 69.1044325987155 0 0 0 0 0 140.06597012776 0 0 136.170980159318 0 0 0 0 0 0.0204406246719484 0.00371647721308153 0.303279191129157
248.902402277472 819.58226611356 42.860633827969 24.0626123102996 0 5.65751150307922 50.4398306521332 688.782457196698 0.637155464143299 20.6830204305422 1693.12834558743 31.3920977555859 0 0 0 620.310998288363 1.16609157021537 0.212016649130068 17.3013943493996
14.1617110732711 224.300911712646 0 0 0 0 0 168.22433897533 0 0 163.546313954983 0 0 0 0 0 0.0663466955371437 0.0120630355522079 0.984391254158249
194.589283928182 1614.07974771042 49.7420429749799 12.3456807165186 0 135.680495532345 210.138412262875 1210.55013347386 0 8.41686142127586 5169.08380536263 79.5443879777497 0 0 0 490.627986430608 0.911638142366918 0.165752389521258 13.5260483892624
407.157062541973 2706.92036855331 91.3481809827444 25.3977406354092 0 249.168826217117 385.906178491123 2274.24385046715 0 47.1302405498282 9935.93109965636 151.952495618081 0 0 0 1169.40181725842 1.90750436331493 0.34681897514817 28.3017955500842
2435.40996907727 2532.75637777993 579.174740203308 422.655315778524 0 116.139922569345 499.107327888816 1284.9288938758 52.518220024216 106.277055533729 14255.122098021 284.113978855929 0 0 0 4624.61399951421 11.4097373467436 2.07449769940794 169.287190046854
2594.71684391249 2840.56242846979 2269.62497090647 30.2463724924919 0 63.6590312750233 83.5376247745039 2891.11119774592 0 76.0579675285628 4755.49936939266 757.951849195047 0 0 0 7774.03938421503 12.1560796966886 2.21019630848883 180.360731478655
1388.04150765032 823.992974080756 594.087881621849 71.2105110364558 0 32.2938967461512 73.8239147410625 732.037849778154 0.408258714842648 87.8780633598603 8504.34075872276 404.390746874941 0 0 0 3043.70953805936 6.50288420830789 1.18234258332871 96.4838156540639
4290.75230667741 4814.7732884 4010.2061556185 115.092742774323 0 126.979182555702 163.328678405749 3698.78916620579 0 5.76778054862843 5794.40882793017 1480.11935912172 0 0 0 11983.587192966 20.1018955579263 3.65489010144114 298.253440039782
2985.55600675178 1820.85060153114 2812.82416859736 557.860596040469 0 180.193106289243 208.226103430361 1991.1053188225 0 43.3870400626196 7183.86753746498 2175.79134479176 0 0 0 9622.68681448756 13.98713576094 2.54311559289819 207.528257471167
2012.23069566453 76.1493540966201 2040.28547985826 836.344546012724 0 214.938228936683 245.149253447672 1037.81351322901 0 64.4700053087949 7991.71120155725 2553.19692802451 0 0 0 8101.92910937288 9.42716996731612 1.71403090314839 139.871678493678
2643.6513256117 585.351477694313 454.854038581437 25.8761170405703 0 35.811961302195 30.0663784295551 32.5821742736658 4.16215883361837 92.3181743019918 10269.8757833285 1111.66865829392 0 0 8.39248277142956 375.226797525575 12.3853345615681 2.25187901119419 183.762204334742
441.319790576107 1549.39597315436 0 16.4202629997005 0 0 0 0 0 12.7597315436242 5494.23624161074 94.5622851911881 0 0 0 2656.40468256442 2.06755452278167 0.375919004142123 30.6764726297812
656.114483276888 411.624406439473 205.048748685177 6.3334983914156 0 17.2577574664905 0 0.204683616086583 0.181840676101996 27.9277851796648 12729.7038135444 164.187546835381 0 0 0 501.777049834177 3.07385369142595 0.558882489350172 45.6070142740981
215.795858380612 0 105.808963668615 0 0 0 0 0 0 8.44906730927618 1875.66308222343 0 0 0 0 21.423049518815 1.01098956475519 0.183816284500943 15.0001334283951
2030.17371614556 2711.50529199593 411.071243252354 5.6870290689202 0 53.9883887700062 18.7594844712261 0 0 78.287096246597 21397.5411359229 472.78129334023 0 0 0 43.1367041709232 9.5112318515554 1.72931488210098 141.11891142643
474.093423455565 1926.0778173081 280.136085664153 1.94584160577959 0 44.8328334104702 30.9670543518136 0 0 54.2388695825652 15538.0461820907 380.641017226127 0 0 0 0.991884960945608 2.2210968617723 0.40383579304951 32.954592654022
321.83517336298 131.907731316362 24.6010760167896 1.84624055662339 0 6.51943284012837 0 0 0 39.5721774087088 5433.18637318795 41.7959082212736 0 0 0 4.39916393144452 1.50777686042181 0.274141247349421 22.3710064624164
305.472377899019 25.227949435838 131.969341164487 0 0 0 0 0 0 11.9601770921909 3040.26305753195 0 0 0 0 26.719718563606 1.43111822763605 0.260203314115645 21.2336161665005
0.151109136798019 0.104952619701429 0 0 0 0 0 0 0 0.00591638448223247 750.508020604797 0 0 0 0 0.553650383265429 0.000707936480284587 0.000128715723688107 0.0105037104568618
0 0 0 0 0 0 0 0 0 0 130.559066121361 0 0 0 0 0.955151638776907 0 0 0
74182.3239391406 14820.3961995205 10761.7595295152 273.240637745958 476.631580627023 2646.66312010532 871.437930265736 979.777976899577 28.526285942074 11453.7762548608 12408.626057686 19720.4750777642 0 0 1761.15703585224 7.33612245164497 347.539364075664 63.1889752864844 5156.46947752316
0 0 0 0 0 0 0 0 0 0 1630.35122223963 0 0 0 0 0 0 0 0
9.98913340939778 0 0 0 0 222.563359752811 0 0 0 19.8874173510949 3912.18523989725 56.9890214438216 0 0 0 0 0.0467984404966498 0.00850880736302724 0.694352222973284
0 0 0 0 0 180.688685831756 0 0 0 25.3468243350984 3268.54362172956 0 0 0 0 0 0 0 0
0 0 0 0 0 141.3849677154 0 0 0 16.8006326554008 2988.23080014484 0 0 0 0 0 0 0 0
0 0 0 0 0 115.655002436499 0 0 0 13.7431669157815 2560.13341984422 0 0 0 0 0 0 0 0
12798.9602612346 4221.57775241333 9916.38866463675 56.6574486819852 13.3639634233783 3988.48572959513 3242.50596005333 195.248536358552 34.2369675032978 2533.81727619876 19968.0100859185 3420.34879786471 0 0 2875.65480089905 255.656720950523 59.9622965933019 10.9022357442367 889.665413896069
0 0 0 0 0 0 0 0 0 0 734.592275835494 0 0 0 0 0 0 0 0
29.9877810399964 0 1369.39312514048 0 0 1121.51815873285 0 0 0 133.268868011205 8759.5287258853 3870.61923851783 0 0 421.093783603419 0 0.140490804268019 0.0255437825941853 2.08447335457229
376.405446176892 0 0 0 0 0 0 0 0 0 5276.40848181742 959.448875865086 0 0 21279.3937851666 0 1.76343504021598 0.320624552766543 26.1642274240015
1691.33189255398 109.023351861075 2058.96832393018 0 0 3196.72901555777 6.43113290788148 0 0 41.9202365503132 9795.48172541122 8612.5498656329 0 0 56743.1784946779 0 7.92377994064104 1.44068726193473 117.565759836144
899.485731604495 528.292342062156 580.174341908432 0 0 1228.36282805195 16.6199263141899 0 0 43.5231429184022 8307.89801731346 1456.495258725 0 0 11359.630577615 0 4.21403216504006 0.76618766637092 62.5239339265151
0 0 0 0 0 0 0 0 0 0 1726.1266884126 199.148629647221 0 0 3046.72223206504 0 0 0 0
395.309182006926 497.586757135307 504.185308131706 5.85672799520451 0 341.613490504671 370.963974430654 140.277156631818 1.16176852845117 303.039574349047 32640.5533032014 146.778685225342 0 0 697.524288940809 5.23043991625617 1.85199781339649 0.336726875162997 27.478240407724
172.047509249684 0 0 0 0 752.998318863872 0 510.740077098911 0 713.410031282438 17532.0313271327 84.1833546395307 0 0 12476.5268042007 0 0.806031393738646 0.146551162497936 11.9591525719484
3693.50375226269 1988.15334049513 2108.9903822799 75.3167694744932 1.97433434783072 2897.30063931708 421.8946554044 299.426467174911 7.15144417326603 556.127485706521 39833.1976232673 301.120708648936 0 0 1011.82844092421 13.4094012478494 17.3038249155628 3.14614998464779 256.738241030097
29.7687874228946 0 0 0 0 939.062459745378 0 240.391934512573 2.01821408944792 312.511458387418 12851.9381047807 51.9757707487258 0 0 2878.57312831695 0 0.139464833411584 0.0253572424384699 2.06925094251516
0 0 0 0 0 1044.68371351694 0 174.842517089057 0 244.222866344299 11855.1747240171 48.366540753308 0 0 321.264826843881 0 0 0 0
6763.22408702113 1430.56376747062 153.103694354173 0 0 13106.3135826126 1012.75786743876 208.022138399386 0 594.953111623255 18130.3849325495 201.476830001208 0 0 6460.48598698553 56.1097132442186 31.6852650805721 5.76095728737674 470.116824635811
13925.1311001883 15276.1000938388 7467.25135249678 205.77842895787 13.1086865998377 6747.54039906638 6238.42381540161 698.656267087245 19.3725261602687 1724.57573665152 29106.107584285 106.297768853396 0 0 691.466565051751 398.735223862931 65.2383337464605 11.8615152266292 967.946401187676
0 0 0 0 0 0 0 0 0 0 0 0 0 0 0 0 0 0 0
6303.43561455667 567.098454705409 137.513824442047 0 0 20542.7381926281 232.780275535264 504.675762126899 0 278.12660944206 15642.1652360515 845.006088515644 0 0 17215.4821928184 22.2427915471538 29.531185984038 5.36930654255237 438.156579951039
4300.09610151362 1400.15498310313 2327.08118359148 78.8801326164751 3.74576174525693 3551.88505930381 1026.03803712389 504.769109475122 38.5573962720733 984.249197678491 13611.8718359293 103.354283997791 0 0 1913.27837447468 1677.48766952625 20.1456706291696 3.66284920530356 298.902934290147
6907.82580786494 0 102.108507253669 0 0 24913.5076095961 0 669.448578188096 0 58.863813229572 15784.8300907912 1045.86809585932 0 0 20471.662497789 0 32.3627147402448 5.88412995277178 480.168199684942
6415.33791377348 0 94.8287632206153 0 0 23137.319089742 0 621.720779363319 0 54.6671649321267 14659.4633044495 971.30376978139 0 0 19012.1517584463 0 30.0554409796124 5.46462563265681 445.934993456249
7187.71549387369 821.247608379339 672.50105723409 87.2451070058841 0.0424039627920811 2915.69905456989 592.370696043367 338.927134863909 9.50382312001359 413.753291318965 30355.5187850703 103.808000881414 0 0 122.068170873558 39.6975162257473 33.6739797198459 6.12254176724471 499.623543577399
30375.5081170885 0 0 0 0 10811.196130364 0 418.543113394906 0 7.96478296478296 3480.07917007917 115.781234953967 0 0 4318.77641124586 0 142.307280412903 25.8740509841642 2111.42455712932
8922.32364096328 1285.48170464716 286.280786177871 15.764977685001 0 35206.8657526276 232.803726639484 498.030067536688 0.573242705166006 350.954440725128 8886.57883531461 8.37530827512137 0 0 0.0366110142962759 0 41.8005060990216 7.60009201800392 620.197468617393
32.7715635648923 0 0 0 0 11.6639958690739 0 0.451558281507484 0 0.00859305431878896 2623.1371979816 0.124914193576274 0 0 4.65944652310453 0 0.153532644386442 0.0279150262520803 2.27797618461931
3298.39430472057 334.920508626639 613.736826678902 117.473838767114 0 7793.40929292771 138.987984840281 234.565832037093 6.16126008295432 228.797169810065 8047.63799174054 9.32348042851157 0 0 0 621.501433651495 15.4527628451466 2.8095932445721 229.273884316179
5475.26160176056 0 1709.26357072246 0 0 115681.654035618 2213.71666002055 1078.32820051596 0 0 4159.06642728905 0 0 0 0 0 25.6512445846923 4.66386265176223 380.58957756696
568.900762110489 0 516.382032027102 0 0 31685.1560618931 136.345428131931 305.317301656814 0 333.700369937773 3302.92418554336 0 0 0 0 0 2.66526307868498 0.484593287033632 39.5447225132644
2953.20620180491 0 491.574294578588 8.54560892016572 0 35180.7785600759 417.999811920215 470.862649167052 0 281.634163090671 6265.98493229187 0 0 0 0 15.7060136193952 13.8355790282549 2.51555982331907 205.279598047269
342.348368536778 0 155.921184911287 0 0 10090.2542817281 124.85495748325 120.046647803451 0 48.311266380628 1874.00744295898 0 0 0 0 0 1.60387984597549 0.29161451745009 23.7968941831482
0.360807260568696 0 0.640256947187463 0 0 38.2500181199939 0 4.90951094956886 0 0.519704742083118 829.402921078486 0 0 0 0 0 0.00169035855488703 0.000307337919070368 0.0250799857378097
5800.71469968433 1268.7667602236 269.063080559842 16.3014502257412 0 50052.7475552119 343.428703239961 326.254421772992 0 293.135048844741 6195.72627382887 74.9055323044607 0 0 0 0 27.175971186432 4.94108567026037 403.21206870361
0 0 0 0 0 0 0 5.1939973748078 0 0 943.982905982906 0 0 0 0 0 0 0 0
1035.34094941397 8.80497175141243 55.3254611509635 0 0 6456.85711702527 117.689950866247 60.2009390087236 0 21.346802259887 546.791329099893 22.607892703202 0 0 0 0 4.85050502672342 0.881910004858804 71.9673329304551
3086.93425824508 26.3511111111111 165.575474314115 0 0 18304.2925162004 352.217026867826 171.569180298774 0 62.37 1531.44444444444 67.6598528001626 0 0 0 0 14.4620862772381 2.62947023222511 214.575136454612
6400.09097140793 54.6333333333333 343.284958341417 0 0 37949.9942242188 730.24587666938 355.711612214992 0 129.310714285714 3175.11904761905 140.278080712767 0 0 0 0 29.9840100460363 5.45163819018842 444.875166953672
94.8076403001362 3735.66683529495 190.072285941041 8.78606297213166 222.227768278457 269.550005358484 294.430373943008 1264.21462978656 0.411397619508291 3958.00834403697 934.72947938431 1.36637970735387 0 0 0 10.5430520759981 0.444167630100877 0.0807577509274322 6.5901508268293
36381.7352506537 7273.17706436071 41034.657982747 760.838456614639 7662.76202719323 0.0375311565554843 22.5970516498254 6583.65327538575 25.9097410484541 9473.92931743775 5165.35903246517 22703.3194311085 0 0 0 0 170.446063988971 30.9901934525402 2528.92195064195
0.00604515748219554 0.0536070622894501 7261.20313465106 13.5240559306848 6872.36203508347 0 0 0 0 5786.24480713669 10647.0043367579 0 0 0 0 0 2.83211697280216e-05 5.14930358691301e-06 0.000420203471508056
0 0 0 0.0126139767843797 0 0 0 4.05546638851532 0 5.70567612505942 27.084997359538 0 0 0 0 0 0 0 0
2.25656063330719 24.5569741552783 0.595675895372731 23.856647902439 6.03188503109 0 0 6.76982596327518 0 286.776873771053 1119.98596795196 0 0 0 0 0 0.0105718398380341 0.00192215269782438 0.156855237365912
43.1941221684466 484.405274303702 3.7359423924655 72.4102815853331 22.2310264607133 0 0.223935626627796 24.6155623234532 0.059032691761943 1083.70120934554 3746.73363450203 16.2310690765552 0 0 0 0 0.20236165373498 0.0367930279518145 3.00245612085069
395.419014167123 3202.05202498084 26.1107115858092 139.802406960881 64.223886531411 0 0 351.569088143352 17.0793576945351 2794.29129144454 6199.41706812417 119.204374570537 0 0 0 0 1.85251236992536 0.336820430895519 27.4858749242992
187.573230576354 2606.70774852686 7.06801297469761 64.9019136022944 36.6169127412586 0 0 147.331786232522 62.9166456517162 1553.90688414244 3739.59333516033 32.9965687170512 0 0 0 0 0.878768388620518 0.159776070658276 13.038357211091
12.3759892274245 51.7391739928022 10.5623124961736 31.7631995121429 16.6783906257227 0 0 241.359378455175 0.0430640703102152 325.037926503231 1272.82477255398 0 0 0 0 0 0.0579807048028725 0.010541946327795 0.860264377235268
31.0303058320452 92.7572692645238 15.5950506581073 48.2043722670432 41.1063685957314 0 0 295.254625454102 0.214131423371458 492.6963592329 1872.14569673576 0 0 0 0 0 0.14537496513037 0.0264318118418854 2.15694004184097
52.331979237676 95.2192581025024 4.14304241745811 39.9509852727129 61.5759727736998 0 0 158.26063809161 0.762582892874923 567.844649966409 1321.53514110546 0.655021174050882 0 0 0 0 0.245171919930734 0.044576712714679 3.63763548118062
21.5761721974419 366.117440513645 0 43.466386556841 2.36051976660569 0 0 340.343474612767 1.72869155116585 883.424080357423 1211.01646689841 1.48153881479418 0 0 0 0 0.101082963791184 0.0183787206893061 1.49977605809665
31.7032147345037 811.496617197725 24.4323692985288 55.4900183676834 101.96453904305 0 11.3560741877108 503.281260480662 1.12784832910097 1047.07072012142 1380.37061878596 1.50428278655985 0 0 0 0 0.148527499583633 0.0270049999242969 2.20371444890224
49.4453260343159 360.282588371295 26.6789755780664 110.887203672698 83.4324830975989 0 42.5677510547713 822.916941112867 3.46688728285668 633.323295558142 3354.84750805437 5.63873871514091 0 0 0 0 0.231648137372698 0.0421178431586724 3.43698203242195
123.587727974376 507.345710942053 70.1178527064618 302.788802181952 237.389494313416 0 122.565075950572 1962.08259474144 9.95983262919129 911.41188858505 8874.0960828281 16.2355873110946 0 0 0 0 0.579000469478532 0.10527281263246 8.59067650157645
7.02575756538782 1834.79992813639 29.1865529138678 106.828731200737 0.0121387426972483 0 0 474.541360286159 0.356770413387036 1606.91053372761 1614.10509365752 0 0 0 0 0 0.0329152173559279 0.00598458497380508 0.488365725400048
77.8323784031783 507.631059934519 27.6242780192385 255.794850929449 39.7513508463264 0 0 122.520749860201 2.15970196678083 1638.72432141217 1071.84894769866 0.303562958846913 0 0 0 0 0.364639631901109 0.0662981148911107 5.41018752564671
1428.82473496429 2272.55462559995 121.272182212933 422.902849335964 417.858752579358 0 0 49.6467787380546 21.4706918661295 5060.95909323973 2294.44363464475 10.0697015678262 0 0 0 0 6.69395097641398 1.21708199571163 99.3186886490366
1258.94080831231 2255.64769134331 109.487414516493 342.305773490504 392.707144316559 0 0 145.043393045434 18.785976878387 4599.83066070033 2097.91026805909 8.86406792830285 0 0 0 0 5.89805582646232 1.07237378662951 87.5099283408346
235.690795621328 954.728255005829 19.865212865883 99.0370316355049 71.8779545914733 0 3.37422800839078 215.879833667598 6.64767549480095 1817.95866318138 1175.00890509045 1.49644584257257 0 0 0 0 1.10419605209355 0.200762918562463 16.3830455723063
1836.77227066117 2731.01047301185 147.661350180569 480.58558156232 518.23020690742 0 0 0 27.3819383431658 6058.60858556796 2673.09241569801 13.0270535419261 0 0 0 0 8.60515865506047 1.56457430092009 127.675430586341
3170.3258324519 17592.0728195446 117.985861401752 356.745819432553 450.46988821868 0 8.1754393082961 1574.88522145533 12.3402034748481 7158.31495009048 2010.84237893271 70.8637645165185 0 0 0 0 14.852770380002 2.70050370545491 220.371747887719
2091.40975874542 7346.82602949294 119.817537224435 176.971670654471 92.4408405985027 0 6.2295736118764 532.508200209821 15.3959416773966 3423.09942017967 1726.04590798754 196.68231578332 0 0 0 0 9.79811872936642 1.78147613261208 145.375475090431
8383.72508067044 16975.7332551232 615.434087332221 253.665949318116 24.3818928067336 0 7.74141960032154 746.274383399992 35.361445955362 6802.15724263462 1777.16853815887 1057.98742781528 0 0 0 0 39.2772068655033 7.14131033918241 582.759075084907
26793.9397463055 55157.9251116088 2659.26594526836 544.258516764139 74.4857218238027 0 70.5109714978853 4400.55074131699 13.3415014017533 14547.2717864298 3731.15454136201 3684.90000912949 0 0 0 0 125.527865481165 22.8232482693028 1862.46702917756
59253.3850017333 184746.20745327 9296.22870460942 1335.36720716236 199.683859238608 7.09140664363853 150.197475279063 3420.6094721887 53.6001356235039 34788.0118872882 3203.5600303253 12961.4934538825 0 0 0 0 277.598255882727 50.4724101604958 4118.74763389768
64494.6803694581 113250.311207893 6312.74486978456 1229.4797146472 169.003390618245 4.88756469905501 118.828925466602 26933.071582441 98.6693033158411 27087.7836332761 3309.7344901926 11008.657225734 0 0 0 0 302.153383874217 54.9369788862213 4483.07404147327
38514.6577921271 205221.86218222 16819.9050027488 3804.19786716243 530.919043819773 0 170.196991350696 3876.12620816591 22.7018397929295 38125.9755128558 1794.13535748085 8049.26489857161 0 0 0 0 180.43866740612 32.8070304374764 2677.1830106763
83888.6168022526 278160.373578399 20489.1231732902 3097.24570953238 604.437430963418 0 346.942239621572 4599.84224141734 39.2356407979305 49533.8985401795 2978.70263405584 18513.0148505955 0 0 0 0 393.01271500419 71.456857273489 5831.16124007295
72695.603020808 123937.414429452 11647.6927381762 1974.94061237566 382.314623217241 24.3010313511074 198.015562584095 1556.01019403737 30.1889904251706 32360.020593517 2349.26074920267 18664.4068494492 0 0 0 0 340.57417324477 61.9225769535946 5053.12638135288
87141.8936730795 31426.6158145168 11032.7639543604 348.740153258965 2.04940514028784 11.3754060069235 107.895619388475 668.410833380845 0.511551016088104 14739.1565078555 760.159424262332 24862.60286233 0 0 0 0 408.254105605229 74.2280192009507 6057.29897741471
154521.512942973 15206.6019837465 3466.86157800939 36.3909689318062 0 151.413520903553 205.013467118014 0.267024722877356 24.0843428742178 7528.93932290387 1518.35390514262 43235.6553500769 0 0 0 0 723.923240639747 131.622407389045 10740.9073051529
133809.729202604 51106.6313099484 4069.40485424266 141.549417355114 6.31556871023595 35.3548488455425 382.743307724927 5598.65757596696 31.1800226017692 17461.7505667693 2188.42290326898 39030.9687002912 0 0 0 0 626.889880564568 113.979978284467 9301.21554286889
76675.1147589795 59183.0582030534 2386.54320331719 147.726663057087 0 8.77520784130396 428.551842170814 5579.32270773456 68.8861220494304 15603.6682347004 3964.70718095315 18711.8267123409 0 0 0 0 359.217926977134 65.3123503594789 5329.74525393176
85515.2379457238 64390.401509867 5591.25164601497 260.885586715979 28.2186906322368 15.547272916367 429.177907863808 4798.37670661726 63.9860991015554 17963.4349671684 3242.93060959989 24728.5675756901 0 0 0 0 400.633329293084 72.8424235078335 5944.22890676784
65281.0651341379 116324.780999739 4161.79917365907 203.219799748429 51.1243482680254 0 861.389634051055 0 142.135868915691 26684.5792289425 6802.16506605192 14510.4135359262 0 0 0 0 305.837545363413 55.6068264297115 4537.73624159507
81197.0198563924 84522.3808178871 11851.6171154601 552.23265067857 48.9624516744127 6.72005092670981 512.651837347419 10587.8404922423 142.189647568867 21866.1411496884 3421.66357573271 27271.7321888784 0 0 0 0 380.40275832934 69.1641378780618 5644.06629938992
22619.2259418052 88164.3138532801 3374.60281713187 350.165116555358 34.1127800954818 0 95.1427824000281 5088.89540696438 77.4394831595075 13519.108265696 3039.68399731612 4254.44193327084 0 0 0 0 105.969602760733 19.2672005019515 1572.27951324101
13067.1460582556 47605.6048600263 1161.51281849716 358.939934319724 34.7751932575692 1.32692459745157 120.505195255004 2696.07297242234 129.952043725212 18810.2963076461 4830.95042202917 915.812002250951 0 0 0 0 61.2187296140211 11.1306781116402 908.307211607595
16310.6716493288 36706.855072716 1277.84109667522 263.787287687399 21.4401000535526 8.80019128121701 288.469075439503 1829.53878700111 157.865460586374 13524.1356292688 2640.89751075705 1336.25609597417 0 0 0 0 76.4144361034743 13.8935338369953 1133.767130114
2185.28787140386 12520.7305594898 198.460526165986 129.080094285818 16.6506117158485 2.6516781665594 64.9765799925233 1233.32652387729 32.1052076676009 8310.25555249969 2554.8344572593 32.3733637896482 0 0 0 0 10.2379315829069 1.86144210598308 151.901013747428
2440.10845715219 4874.81672723011 277.449968336357 158.000277942001 14.3358411019304 7.61405309558905 32.1132031191519 1020.50829610862 131.272429757396 5467.80706238533 1349.73349075261 32.379884161276 0 0 0 0 11.4317494578635 2.07849990142972 169.613785508715
3025.82092652551 5918.18325335254 320.270805416493 293.536677657257 60.0375322676791 4.88099922480028 143.357436858243 2502.02545587671 86.9060039783115 11503.2351008182 2434.97700620239 145.858578633888 0 0 0 0 14.1757742919222 2.57741350762222 210.327102516767
112.156341584462 634.583985434116 66.0688541974239 279.77841198846 215.43188510026 0 111.228280913846 1825.92410294101 9.03858666869616 955.057952729952 8190.31528968739 14.7338583379817 0 0 0 0 0.525445167548203 0.0955354850087642 7.79607218244339
52.6982415623947 1473.01956702334 47.4799054407866 165.161526531114 101.22371469032 0 52.2621791452923 1163.69065530615 4.24690763732597 1311.83336547351 4772.7427478039 6.92291149008584 0 0 0 0 0.246887835106458 0.0448886972920833 3.66309465255584
448.995228256801 4943.68794735477 154.758592630896 57.8146477358113 127.177816730315 0 92.9352605962154 1499.20575146461 18.2814420910553 6714.28639133817 2628.66418568465 12.8471846618492 0 0 0 0 2.10351344923347 0.382456990769722 31.2099981116682
1558.12361235483 4756.95578511205 540.848180815854 285.139652859218 149.401611452492 1.9603193454777 63.9458469067133 1413.81973357615 33.3645050785149 8734.96814146832 2204.0116597348 204.980390233215 0 0 0 0 7.29970780954951 1.32721960173627 108.306351468677
5005.41056337303 6694.19266612973 2482.69281130514 1562.70946766603 72.9108300556964 10.8122733532118 184.961260622481 728.780412070144 52.4062866017974 11236.9028347887 3161.28077782592 857.777038459536 0 0 0 0 23.4500230211099 4.2636405492927 347.929876309616
3205.66805818371 8830.74601400601 1531.02638048579 577.461939164717 53.3264654638714 2.38339208461421 82.2280243081267 2412.00573457065 109.433779333716 13603.5768604374 1804.63944300219 705.568748946089 0 0 0 0 15.0183464094875 2.73060843808864 222.828412745015
3551.23140370813 11982.956484727 1907.13233257988 653.788403306391 72.0953378553798 0 93.3915902767358 3296.0613697448 155.025166137928 17189.7250024523 2684.35377072303 608.990324873653 0 0 0 0 16.6372882136017 3.02496149338214 246.84878241164
1993.63245109453 5289.29341278258 504.409402160725 122.383075455947 40.3624885308174 0.0833043779791071 31.7588076568625 1146.63634444183 7.84650559896409 6578.10275562722 1393.10356434597 152.444466504568 0 0 0 0 9.34003840082482 1.69818880014997 138.578900438633
17181.6914682586 21354.3931730616 5083.08800846055 516.088834714083 294.874641341925 0 109.002162006296 2306.52098166008 21.532420361955 17124.9650966973 3328.84483167572 3857.47521585232 0 0 0 0 80.4951073185809 14.6354740579238 1194.31237690775
92644.5332311214 22005.5916486616 21613.8161029929 444.630111938801 331.222319345842 0.256154719455817 96.9942633423243 619.725549809585 14.7036907083424 9539.7564185956 2396.91204221822 21728.9119594645 0 0 0 0 434.033614134894 78.9152025699807 6439.79161744217
72116.7557953908 33492.6210103046 14626.2990754106 458.543067890788 125.132953958568 22.0658934914882 383.224945849046 9649.06847462511 44.2843853159908 18709.1697635358 3267.7032393501 25370.1299155993 0 0 0 0 337.862311632245 61.4295112058627 5012.89027264777
127360.459340154 130223.753653047 45448.2034009777 628.839927551286 311.239891238969 2.42904729199335 374.485192506124 18912.5687095297 88.7010512535325 16725.3893450534 1751.24576849622 22869.9450277886 0 0 0 0 596.675470611773 108.486449202141 8852.92191398073
110353.180229248 145869.719936426 45956.9760396308 748.902753602796 447.268321289612 29.948099799858 20.920560676773 12755.1692404225 75.6811498270553 23159.1796345835 2353.00852741319 29787.8120999052 0 0 0 0 516.997473846521 93.9995406993674 7670.73307202623
57821.4406724105 45303.7150592797 16572.5802654979 591.632249695294 222.767834322818 30.0324160433883 121.487040334296 5543.88386553445 3.34109913082711 21240.2856068674 5354.23051245032 36155.1340526658 0 0 0 0 270.889689809589 49.2526708744708 4019.2120998839
28521.2606359961 9304.07235125253 2917.03968095888 384.151228444166 7.59839894249991 8.51436788054892 24.9279588621031 5196.33488016185 0 8944.83592132377 5260.59948277115 24623.0486739177 0 0 0 0 133.620251533268 24.294591187867 1982.53441144082
12891.4940184441 5279.86304897802 1650.30547947111 109.763246462967 3.46601401595121 11.3793366224187 15.6151008382096 891.872976290676 0.590462095665243 6506.87266489632 2301.72372049294 8914.19954328901 0 0 0 0 60.395811228979 10.9810565870871 896.097505388421
13300.6023329962 4372.09439132318 1293.19732340304 95.2767077966101 0 12.0231441249105 0 0.0740686793981561 2.51569734481719 4412.80630166603 993.580715163848 8967.8985288576 0 0 0 0 62.3124570810844 11.3295376511063 924.534933942416
6084.0611151454 983.053290557439 757.612252421446 21.0445642358204 1.93852347660121 1.63889011541437 23.1427324808524 658.194220887798 5.71226810074067 2631.61913810072 1056.17034661356 2868.33343140696 0 0 0 0 28.5034307187493 5.18244194886351 422.90769247632
36715.1286539283 13538.3386107157 6748.80153024058 298.924380871142 21.3601055703309 17.1981084827048 242.854124293308 5638.33176559436 39.1376040629018 13817.3239298442 2367.66863623048 14437.8221187561 0 0 0 0 172.007990404975 31.2741800736318 2552.09637841268
111072.257894154 8194.22321266159 18900.029812398 431.276836661433 11.5459731409333 9.7613371630103 137.839634576009 2206.60531370433 61.9964159439652 10818.4505405063 1307.16348484971 39046.6384608196 0 0 0 0 520.366305949806 94.6120556272374 7720.71670470534
126021.15432235 58887.3230767069 23878.079408982 197.186928933499 83.1559857048059 10.3967863746744 853.304211808844 13247.3647367321 79.9863820523817 14190.0540737403 1883.51055417237 52544.336678 0 0 0 0 590.400913689385 107.345620670797 8759.82580861917
146123.639066848 13608.3802882296 22707.4840495751 344.714042158842 10.2259897386699 0 147.302965825164 1127.35117836661 57.0458897598947 9171.09497129331 3657.53341425695 51053.1207682124 0 0 0 0 684.579747587545 124.469045015917 10157.1647365884
170546.744234686 45217.0994172061 27019.9794956704 248.505806361012 17.8334196831999 38.5000632107286 503.879448801696 1794.4146000409 14.8873035558663 11216.7268126809 2716.68756099757 94779.3947759507 0 0 0 0 799.000407228066 145.272801314194 11854.8332599904
155842.174858709 11544.31864141 30856.0815263414 520.557306137432 36.133542552892 37.5576511669817 3.57451325190501 688.646098070577 22.352213315159 9816.68546360209 1646.47276790268 91521.1504008324 0 0 0 0 730.11045584118 132.747355607487 10832.7075143808
185503.545602212 13990.4736317826 32594.4518025046 593.278023568914 20.93803673205 0.151319982259882 229.733149516072 708.930724719265 13.9309941215506 8316.22466913359 1846.66181080244 94030.02001053 0 0 0 0 869.072049094401 158.013099835346 12894.4918422195
147402.152600701 21648.391424573 25044.2290445133 412.232439123414 41.401153586585 6.0773939882036 360.791407732469 612.042931023118 1.67298399650716 12195.4035893733 4068.43540224369 65759.7146802396 0 0 0 0 690.569500360482 125.558090974633 10246.035179894
49101.418441418 25574.3751498494 6719.03912598365 307.586035976071 31.188056589005 22.0101203440794 428.11918475514 20.5210069096207 0.530848487706207 13717.1978468945 6490.61805481199 31625.205903874 0 0 0 0 230.036952661977 41.8249004839958 3413.07675537346
9744.97230479984 10152.5482916043 1036.76199684969 487.929462323784 6.05708553347483 0 149.163568240358 11.0663823948842 6.68358830744119 6429.10723263415 6129.92814200818 4978.31801132619 0 0 0 0 45.6545615977683 8.30082938141242 677.38039981376
24764.9348256547 24552.8470883789 1820.2843735906 1379.50508506132 13.60995500556 0 289.659237669117 190.247671145512 16.0470068525733 7641.38210190752 16913.1038782547 13794.9267219125 0 0 0 0 116.022109360504 21.094928974637 1721.42936161051
23005.9011749906 24130.0520275609 1832.49768430143 1311.20895724519 13.6593251876452 0 297.412398975923 396.427196389856 26.0562746297396 6781.54858441374 19249.7121452009 14197.9961195946 0 0 0 0 107.781151085309 19.5965729246016 1599.15760133205
17556.4666841425 46817.8889024427 635.249064801516 871.130727484426 36.2749711789889 0 264.443151025447 5757.54038207654 35.2880234376494 5036.96499339467 21784.9684811426 3830.86630697809 0 0 0 0 82.2509048358771 14.9547099701595 1220.36328579034
7850.22501605068 104210.196941571 466.525505601317 810.139177920184 56.6101122075454 4.51021584514975 246.996993145778 2758.93752368802 20.4178360466584 8400.16291947694 14772.985513722 429.728429146025 0 0 0 0 36.7777937526923 6.68687159139861 545.675081845152
11236.161549881 146462.911147381 713.747299698764 776.87517024621 126.805892860094 6.93456500734312 162.471728246554 0 24.0344766641222 11835.8468998837 15074.6113613063 989.717498576321 0 0 0 0 52.6406862489339 9.57103386344252 781.034092757919
28753.6805651307 209615.190450963 2997.08929323134 1254.78781493644 204.842609641821 20.9857624540819 225.554750614141 0 83.7662417020573 19957.4132212952 15357.4926487222 3374.23979229406 0 0 0 0 134.709123788554 24.4925679615553 1998.69009660828
51163.9004951747 83132.5418335479 4714.1594128751 995.856626010095 176.967679516189 4.59330307012743 305.608937321131 0 74.7619305623051 16387.7106437237 10712.0439850233 10087.1769692671 0 0 0 0 239.699546974445 43.5817358135355 3556.44144379789
34934.9183849131 168769.765524789 4955.95228356948 973.066936292914 255.486500227901 12.2258511739972 128.379628494286 2240.88841691522 118.70694858256 16361.7291273987 14103.3217074255 4266.46249042733 0 0 0 0 163.667821049778 29.7577856454142 2428.35261536637
42128.3340606376 81818.83436975 5194.27460904365 737.423040213595 129.864504639213 15.7931900206491 364.747655945986 478.708996932251 88.7065185252892 11362.0119585396 7137.26018110577 10627.1970612329 0 0 0 0 197.36850575095 35.8851828638092 2928.37238289806
33394.3876037647 127245.822400316 3925.31791520034 1290.13882951795 296.38193367791 21.7581085792082 380.794331541755 4230.6534378999 114.116852431429 17675.3846615257 12623.3188781231 7130.32320531335 0 0 0 0 156.450534510487 28.4455517291794 2321.26915490894
6966.04915609786 55979.645048586 72.260014050776 180.36213611279 110.78463084249 7.62674043325771 777.08969306643 2698.93506129807 30.1034326965338 7605.2107024636 18593.9151544062 803.62286312087 0 0 0 0 32.635487340842 5.93372497106219 484.215348683517
12748.5922296971 102743.355779501 197.080709918411 331.181148892253 208.663616428111 22.0350467961163 1354.03334416941 7797.71658624277 81.3262636547338 11826.3818325361 32868.5807829843 821.921600679751 0 0 0 0 59.7263256406442 10.8593319346626 886.164293905826
5278.17490797199 63661.3904868199 94.0958636625406 192.096475037312 89.4404366543157 1.59531063734852 278.492237800421 1582.31677022419 13.0746000018309 8082.18614995541 10655.3358628616 324.137542718619 0 0 0 0 24.7279062395193 4.49598295263987 366.889932328285
12767.6462429115 102896.915735255 197.375266241449 331.676131387077 208.975484533479 22.0679803204827 1356.05707892912 7809.37103343188 81.4478136795864 11844.0575124587 32917.7060794322 823.150042593838 0 0 0 0 59.815592453599 10.8755622642907 887.488752784265
8716.61559903611 83298.0052744229 126.228651585002 219.499056120615 150.825543100611 13.1281301117564 814.916488304541 4645.75541254756 49.0983149105197 8497.93322886409 26161.8565586302 570.693469066106 0 0 0 0 40.8367772984077 7.4248685997105 605.898546945046
5335.77770362387 72506.8566363877 61.9435741018305 135.64883746128 108.586676467223 4.72912510993288 357.905083200302 1864.09860353142 19.1892614062003 6440.81142021531 19348.3609768488 338.360240596759 0 0 0 0 24.9977715916247 4.5450493802954 370.893946247323
2315.60545208336 45562.6387491941 18.1835660927042 46.4215645520155 54.4936311162709 0 16.8679053592013 0 1.61393535235539 3002.37884063068 13570.8622316003 166.823846211161 0 0 0 0 10.8484609747118 1.97244744994759 160.95948740363
2958.84362563797 58282.2679192032 23.2523217499817 58.5499928188094 69.9516597795557 0 21.6527684558771 0 1.7032547900081 3831.70184500809 17362.5867007259 213.772326252121 0 0 0 0 13.8619899923489 2.52036181679071 205.671459644257
1829.52999577626 33841.2499377853 18.6253817144025 62.2671098379765 31.9443610612245 0 9.88940717483392 34.4427196856439 13.4699421696236 2566.00275453866 10032.6230511641 115.615190058702 0 0 0 0 8.57122906814126 1.55840528511659 127.172014578203
2771.97022718206 47537.1187330296 19.8062529589732 140.749479058866 29.6205456391384 0 9.16871477077449 0 41.8148697450886 4115.0999182611 13806.3030230529 132.215128522322 0 0 0 0 12.9865002717073 2.36118186758314 192.681748293485
3370.82673156668 49921.9391014942 13.725397285375 173.055410495524 0.0561824326014152 0 0.0173906553216898 808.762939424226 56.5522435958415 4510.06255420356 11584.5387151992 189.42404936439 0 0 0 0 15.7921040551255 2.87129164638645 234.30871712246
1822.58011699263 84320.2988518446 32.7091955333348 22.032064359546 4.19369098279761 2.03312308364223 27.1722339766696 556.440663138302 9.18941768775256 3961.22111142027 14185.2718827921 186.630827619754 0 0 0 0 8.538669337944 1.55248533417164 126.688923244347
9.97077971190773 10003.9814346473 0.489951055100303 0.295762248618532 0 0 0 4707.16562987279 0 1128.85592673062 3878.7501626658 0 0 0 0 0 0.0467124546173269 0.00849317356678671 0.693076443570838
82.3579571351752 51390.846085208 0.00507916253555569 10.8584473713251 0 0 0 48.2157029419225 0 721.165353620955 10736.5288939908 0 0 0 0 0 0.385841673992469 0.0701530316349943 5.72476392822497
78.1835614235965 48726.90625 0 10.3127942643983 0 0 0 0 0 677.03125 10174.8125 0 0 0 0 0 0.36628490151669 0.0665972548212164 5.43459852316812
8.46694814947496 10250.6107390441 0.468450435634132 0.671328258908898 0 0 0 3722.70735023596 0 1094.27688294949 5199.02137348971 0 0 0 0 0 0.0396671015314142 0.00721220027843895 0.588543973579977
40.8470321186884 13372.9982046679 0 5.38792338032539 0 0 0 4173.3847428046 0 209.784560143627 6384.61400359066 0 0 0 0 0 0.191365689467394 0.0347937617213444 2.83930811523543
67.317966881179 20759.0459527302 0 4.42388174749006 0 0 -5.49264255731964 3637.43086683435 2.06275460264581 445.90164191297 6972.55558856604 6.901448058331 0 0 0 0 0.315380297602235 0.0573418722913155 4.67932282354076
1305.99694254774 2188.76588197715 167.556513837923 98.4500770964543 0 0 28.1113251508335 0 167.680014105086 143.061739894559 313.030237723427 55.9205247379064 0 0 0 0 6.11851075561036 1.11245650102006 90.7808358431971
1024.10309946876 1716.33014650977 131.39015840485 77.20004987204 0 0 22.0436160906941 0 131.487001668618 112.182476442556 245.464002430684 43.8503191257785 0 0 0 0 4.79785643045214 0.87233753280948 71.1861814760599
1347.03120723466 2257.53663909971 172.821119071554 101.543366514225 0 0 28.9945795592926 0 172.948499702053 147.556722317683 322.865609623069 57.6775408064513 0 0 0 0 6.31075361748545 1.14740974863372 93.6331586359464
398.78479856456 23403.4476651192 4.13098686233267 4.76260838540049 1.71274658030684 0.0710435310482892 0.455940393218939 472.258162352374 2.97989783624411 1096.60789658432 7510.22568664796 15.7457657556099 0 0 0 0 1.86828085097295 0.339687427449628 27.7198331449603
824.974233746845 32942.4474021761 11.2665723559403 11.4274150351521 0.232748128174463 0.4670195357046 4.3281629398953 165.760573892298 15.8072479789287 1626.8843113073 8718.77528146659 43.4909173488308 0 0 0 0 3.86495064256015 0.702718298647301 57.3445833208005
1055.77995633083 1769.41849709405 135.454228949148 79.5879490306403 0 0 22.7254541517151 0 135.554067702536 115.652428101277 253.056527122603 45.2066672151691 0 0 0 0 4.94626044511731 0.899320080930419 73.388063769302
883.651497521134 1480.94240217685 113.370529094396 66.6123749781848 0 0 19.0204232165953 15.6980865119539 113.454090695858 96.7971030997916 211.799606355963 37.8364250458514 0 0 0 0 4.1398498079536 0.752699965082473 61.4232843321752
634.316437142092 1063.07306760266 81.3813933364057 47.8167292018024 0 0 13.6535354962117 15.8692403856634 81.4413768225081 69.4843993771051 152.037281743642 27.1603300584054 0 0 0 0 2.97173126266523 0.540314775030042 44.0918155907037
4663.65985641298 30021.9103414453 186.568835185468 92.016141787961 20.0553088955917 11.319985428877 60.6229639229581 993.000312587916 32.3006336517839 5762.36086479629 9829.95414785976 482.402259428567 0 0 0 0 21.8489431807594 3.97253512377443 324.174526034971
2743.01249267772 166.32452408002 763.524376811076 0 0 84.0562816245904 0 0 217.421169299581 3999.63407433934 4987.38207347493 3785.20962409288 0 0 0 0 12.8508351684818 2.33651548517851 190.668874253136
1208.21203002058 192.692719441047 157.594961649835 0 0 17.3496051748625 0 226.906759370777 49.0118670213367 949.310764473825 1318.31813006138 830.041176060172 0 0 0 0 5.6603947987179 1.02916269067598 83.9837325706942
614.677495735356 151.22286579442 0.583920508821921 0 0 0.0642837193239401 0 216.494517449035 4.11165763122577 121.147172093023 279.456664613822 49.4139006107309 0 0 0 0 2.87972409916338 0.523586199847887 42.7266979109479
569.899538190477 140.568397943534 0 0 0 0 0 201.410724267732 3.67049449413417 109.860816944024 256.437664523685 43.2779680141946 0 0 0 0 2.66994227967601 0.485444050850183 39.614148194449
2830.38572687467 1665.43184311471 862.557582856196 0.259315246051379 41.4345277373725 28.6643938165342 61.7226528989457 721.901446528957 41.6202324374362 765.119587361291 2332.72846163002 2154.94370082373 0 0 0 0 13.2601730893988 2.41094056170888 196.742253885441
290.144789910371 280.579804574099 5.97302611040073 0 0 13.5904387550593 0 402.023374249941 11.4298778803365 252.396845035571 1284.45855573373 17.2023151979541 0 0 0 0 1.35930947455952 0.24714717719264 20.1681839256292
21442.7477839897 28382.6782796232 3885.22074184376 174.344792836524 906.002052438075 43.4077147957965 199.409356227402 1456.44175734087 78.6785741373419 6407.583074746 11599.824544205 5753.00638677417 0 0 0 0 100.457879089855 18.2650689254282 1490.5016261432
90977.5923119729 10806.4759848894 17186.9225989952 0 4465.59518349094 114.719475428993 0 8007.69121806715 104.8391350746 2331.6246376364 1077.64681406355 20477.9332260565 0 0 0 0 426.224104318676 77.4952916943047 6323.92129262631
88524.1838904129 10515.0558833571 16723.4398932705 0 4345.17070805654 111.625815550973 0 7791.74642801063 102.011920038846 2268.74731392929 1048.58572658143 19925.7012691954 0 0 0 0 414.73004539237 75.4054627986127 6153.38301652632
82185.161192141 8299.67377666248 15854.8561806901 0 3481.4143522341 104.061349797426 36.3907876642818 7156.12967632143 79.3826970525775 1993.74141087049 1465.24940651583 20337.1829062758 0 0 0 0 385.032136235115 70.0058429518391 5712.75275145425
65428.2154955583 4819.84978118812 13024.2523781163 0 2096.10271941279 83.3681694108694 73.453016850077 5602.11223732106 44.4655058409432 1449.66257947254 1767.58403932256 18437.637196601 0 0 0 0 306.526935238466 55.7321700433574 4547.96477457946
50836.7647581524 1541.69279807444 13221.0526755438 48.7720003910881 369.320198031549 70.7395104808984 88.6460539057644 2662.05269137721 17.9136582915046 659.243300784369 4327.06606260294 19268.0485253861 0 0 0 0 238.16693731794 43.3030795123527 3533.7019911441
46107.0747841156 1445.90593192562 12093.8040677319 46.3589903212291 334.373631191098 64.3758049283223 78.2001829511616 2348.36180877977 17.0273744093837 588.613967890383 4004.86146904641 17510.1624631553 0 0 0 0 216.008647329609 39.2742995144744 3204.9376616621
18522.9963971125 1261.73696640027 6327.46002779404 48.9835989887448 125.954311145973 28.9727000436001 0 0 17.99137716592 103.640872740454 2757.38814891817 7531.09531638741 0 0 0 0 86.7790336941941 15.7780061262171 1287.54749759985
50805.2411353749 2345.78008740929 33358.4621004268 91.068704632838 476.099571330211 53.8650960149476 0 0 33.448979799088 391.75614264472 5010.66065704801 26398.1729094376 0 0 0 0 238.019251194997 43.2762274899995 3531.51076026805
8764.90684693746 5442.22926310841 3594.06125369391 37.0596331604473 646.725257610637 5.46569253680225 0.0922542383034805 570.311307347299 71.6108664515201 788.718864018917 5786.58193930497 2583.62770048455 0 0 0 0 41.0630186547694 7.46600339177626 609.255308133049
10493.5223710575 54058.6141504976 3409.14035379681 97.8315192999993 1086.41706140431 36.7710584696592 586.904279858764 365.218239674989 58.1307201556564 6550.02591984004 25478.8331374031 3053.01519626452 0 0 0 0 49.1614699849928 8.9384490881805 729.412681415265
12412.5251101512 17933.3138550869 6513.93213170749 48.3541005239279 1438.4985761302 12.8594470569054 284.246880888904 948.45049503737 22.2890187817672 2044.3637990444 27516.4857301854 5554.16419135155 0 0 0 0 58.1518730377635 10.5730678250479 862.804014093627
12806.5193483678 9104.65637199221 6076.78152518769 64.3372102634932 962.089954711706 12.8944943341189 290.942409100475 853.985607921179 25.2528260524279 666.401528839785 12887.2578908214 6418.80414841331 0 0 0 0 59.9977104250044 10.9086746227281 890.19085176335
4086.57824982147 8568.44562056714 1877.02138877429 30.1510423774917 202.019452056745 11.7433500257727 40.890643739195 506.21783421355 12.874162287212 1497.87763155383 16816.2522227566 1968.4950253121 0 0 0 191.244002717462 19.1453533776263 3.4809733413866 284.061146830641
110696.234712435 43210.2456730769 40824.5147870484 34.3521732752301 7015.19656609309 132.705347434798 173.401681718567 8080.09830103816 103.805172851048 4859.47406095551 4639.97802151445 30399.813585573 0 0 0 0 518.604661793717 94.2917566897667 7694.57904877307
81185.7057690053 20968.5954817253 34554.6724740624 18.2629564606053 9042.94645840262 820.332348213384 161.688243796674 3059.14439671749 143.795113108307 3969.32368552141 5121.73628137244 30311.5574214638 0 0 0 0 380.34975256561 69.1545004664746 5643.27984861324
58632.2274014899 5626.64815072345 14281.698711046 14.0968821058919 2553.50727649406 447.603593022336 71.5657948775997 3463.12351914216 75.6919554944269 1483.4004270896 2877.45798080058 18967.7777052146 0 0 0 0 274.688172915301 49.9433041664184 4075.57049901829
20200.4444973839 0 8579.18387869156 0 0 0 0 698.512058774545 24.85080430333 45.4233352865862 3906.4071259226 13186.4846271299 0 0 0 0 94.637768970761 17.2068670855929 1404.1481845273
0 0 0 0 0 0 0 8.52451395167418 0 0 48.2274192378716 2.94181280086404 0 0 0 0 0 0 0
20405.0477840082 1166.3495994357 6994.97317464672 10.4798715596631 495.764342601206 0 0 824.792552777549 29.2083823567535 89.6995746510728 4322.32971784065 10279.5455349857 0 0 0 0 95.5963220646159 17.3811494662938 1418.37031382248
30629.9296462974 823.449746104946 34342.9435916268 0 3472.48683496337 0 0 1636.82456120271 4.41270302861562 335.430049897518 361.691126976522 19152.2442049354 0 0 0 0 143.49922873392 26.0907688607128 2129.10959016855
6624.30241201052 384.287692849811 1621.54423661855 8.71953919482342 263.418910841685 0 0 0.728303844170467 247.348837348395 909.834402643287 5847.18913599472 2289.39515160546 0 0 0 0 31.0344260662926 5.64262292114411 460.460273871153
31136.4462098467 26912.8597161611 4917.5220713476 58.3928784083075 1779.53232256517 39.2647368893604 63.8527082894343 0 231.083241465743 4613.29915071165 16539.0085971259 6275.47795881895 0 0 0 0 145.872225898772 26.5222228906859 2164.31793982802
20916.6623427945 81076.9323964828 2219.9026669141 458.890125638328 654.024950970023 47.555782277569 350.824503071879 1150.83640670168 80.6276687934007 12469.2408435338 16779.3943881297 3794.16611503445 0 0 0 0 97.9932030056647 17.8169460010299 1453.933028989
77022.5773941903 65580.0528909112 20301.5378172594 15.8076192676918 4340.63599868281 73.8702350291862 105.900973261873 5511.30996562873 275.845460965089 11242.743476602 11578.6226841519 19088.848099143 0 0 0 0 360.845766829931 65.6083212418056 5353.89764466186
91619.4650442241 20399.7047518491 35118.1351441467 27.9207111700511 4944.38032566708 528.845982226042 120.89785802107 8003.3217181363 111.766297518163 1103.92710394313 5158.10503426077 30250.1111171798 0 0 0 0 429.231236332592 78.0420429695623 6368.53835200859
41996.8383065647 2368.33375068624 13495.6450743668 3.48118658395813 1562.15647262895 1365.61023535965 110.896590250126 290.638981076391 77.3115495145367 383.930657657172 1234.33744564407 15232.7007225246 0 0 0 0 196.752456693406 35.7731739442556 2919.23201351765
50557.7215786308 1800.37431081754 40860.4478300761 69.8947685763115 536.342538381938 41.3411877931554 0 0 25.6719222217635 441.326765713583 3763.84703179826 29019.4549149329 0 0 0 0 236.859638166189 43.0653887574888 3514.30548855819
30719.8442682089 15253.438974359 7049.5673460296 8.04227079789215 1300.36604515807 170.785070785071 46.5230769230769 1583.16576865328 59.5794199006946 2751.49282051282 6856.73125372811 8332.97433929542 0 0 0 0 143.920472891031 26.1673587074601 2135.35962358419
7144.55266115833 0 9426.02447180375 0 105.601721679983 0 0 0 0 86.8938466514566 -50.5400004976105 5411.09443984223 0 0 0 0 33.4717646551641 6.08577539184802 496.623262410113
24659.5593905211 0 10472.9821369126 0 0 0 0 852.703988794744 30.3364554527277 55.4502369668246 4768.72073472041 16097.3141386575 0 0 0 0 115.528432298761 21.0051695088657 1714.1046353672
15.1392763077911 913.026993575102 1.49007072036252 75.8923133798683 60.389697207059 0 0 0 0.432385904406327 215.309710818499 492.829194771238 1.06940302068107 0 0 0 0 0.0709265250963562 0.0128957318357011 1.05234255342228
0 0 0 0 0 0 0 0 0 180.823635188044 245.003756407678 0 0 0 0 0 0 0 0
0 0 0 0.210014161016483 0.197661032371728 0 0 0 0 203.582978913319 275.841122885058 0 0 0 0 0 0 0 0
0 0 0 0 0 0 0 0 0 129.172968752938 175.020607996791 0 0 0 0 0 0 0 0
0 0 0 0.992778683893948 0.934382989343857 0 0 0 0 191.841178430745 259.931779937559 0 0 0 0 0 0 0 0
0 0 0 0 0 0 0 0 0 75.4126883473246 102.179075797707 0 0 0 0 0 0 0 0
0 0 0 3.37545286364575 3.17690718816794 0 0 0 0 159.11442084153 215.589243984983 0 0 0 0 0 0 0 0
7.18304444288339 464.445342851469 0.207458179725465 4.51786122977966 5.0323930828065 0 0 0 0.0877269852215374 161.013013855409 295.350180441612 0 0 0 0 0 0.0336520961496835 0.00611856293630609 0.499298855288054
0 0 0 2.96178487585066 2.78757133990438 0 0 0 0 120.279337482185 162.970341076908 0 0 0 0 0 0 0 0
42.9781856601884 0 0 3.02653041315425 2.84850851520222 0 0 7779.30412755678 0 123.537315348248 1098.70762292432 0 0 0 0 0 0.201350005234694 0.0366090918608534 2.98744621074286
99.2729176394792 7073.9723772599 5.16988072278847 191.463754512174 157.032452133468 0 0 2427.22103945943 1.58237134430637 185.901455027562 2073.22486638735 3.12726418942721 0 0 0 0 0.465087164088649 0.0845613025615725 6.90053563396864
348.708910954114 0 0 0 0 0 0 63118.3617603013 0 5.10050251256281 7563.31658291457 0 0 0 0 0 1.63367857361728 0.297032467930414 24.2390203001783
402.323110592541 0 0 0 0 0 0 72822.8469109907 0 5.88470776621297 8726.1809447558 0 0 0 0 0 1.88485761275134 0.342701384136606 27.9657838917879
411.988860851994 0 0 0 0 0 0 74572.4045001317 0 6.02608695652174 8935.82608695652 0 0 0 0 0 1.93014102421793 0.350934731675988 28.6376575072751
331.870265466077 6415.71732472311 0 1.3876835015701 0 0 0 48770.4274251676 0 301.546489856432 9842.16318459977 0 0 0 0 0 1.55479061441006 0.282689202620011 23.0685533089699
331.629831733744 710.251719136762 0 1.09176221114018 0 0 0 35320.7000905458 0 298.036446469248 7720.25056947608 0 0 0 0 0 1.55366419800787 0.282484399637794 23.0518405782773
300.470480398215 1563.50754524573 0 2.40334293988967 0 0 0 0 0 649.797297297297 7677.97297297297 0 0 0 0 0 1.40768466308464 0.255942666015389 20.8859304858287
317.44160951231 1478.26003863341 0 2.1928893904166 0 0 0 8022.76598820129 0 592.817712344157 7962.90633029182 0 0 0 0 0 1.48719329946542 0.270398781720986 22.0656065141468
0 0 0 0 0 0 0 0 0 0 0 0 0 0 0 0 0 0 0
104.071692076388 541.540305697498 0 0.832427751513807 0 0 0 0 0 225.065384615385 2659.36153846154 0 0 0 0 0 0.487569110293437 0.0886489291442612 7.23410207674739
205.851633877598 9807.09267276236 2.47856495851617 2.99483058700393 0.464932563459439 0 44.0756834711263 5677.76476124867 1.04810054621181 681.281395856278 8916.78744754956 4.48120790227186 0 0 0 0 0.964401519564817 0.175345730829967 14.3089028574912
0 0 0 0 0 0 0 0 0 0 0 0 0 0 0 0 0 0 0
0 1913.25774065478 0 2.94096085252293 0 0 0 66553.052837892 0 324.792022792023 8890.84045584046 0 0 0 0 0 0 0 0
143.201123435021 8830.1686167956 4.26655361903037 2.38465150412757 7.27811635984209 0 43.6585898467337 12071.1129075134 0.837233686748257 254.427947243712 4175.38100891594 6.57933581445834 0 0 0 0 0.670887951884031 0.121979627615278 9.95401846328657
0 0 0 0 0 0 0 0 0 0 0 0 0 0 0 0 0 0 0
0 1949.19602647179 0 2.99620332688943 0 0 0 67803.1732916394 0 330.892857142857 9057.8443877551 0 0 0 0 0 0 0 0
268.504385814803 2585.29740165952 0.636706658051632 0.0682483997085056 1.98268940797804 0 0 43794.2062344149 0 621.968452611602 6500.9625998071 0 0 0 0 0 1.25792558850219 0.228713743364035 18.6639430596838
0 0 0 0 0 0 0 0 0 0 0 0 0 0 0 0 0 0 0
291.201757170812 1835.3722826087 0 0 0 0 0 52709.2290359089 0 726.375 6932.95380434783 0 0 0 0 0 1.3642612974472 0.248047508626763 20.2416545198058
58.5752882409757 2232.56678679727 0 0 0.188238890774339 0 0 18144.9249710406 0 304.549139598951 4166.4514447872 0 0 0 0 0 0.274421416650664 0.0498948030273935 4.07161261487991
0 0 0 0 0 0 0 0 0 0 0 0 0 0 0 0 0 0 0
0 1668.92086015275 0 0 0 0 0 59834.9412508662 0 532.207468671983 8790.50785559705 0 0 0 0 0 0 0 0
0 1668.05142332415 0 0 0 0 0 59803.7697898323 0 531.930211202938 8785.92837465565 0 0 0 0 0 0 0 0
0 1658.27275407489 0 0 0 0 0 59453.1803077236 0 528.811860337784 8734.42235606284 0 0 0 0 0 0 0 0
12.3968371891253 3435.42001338315 1.95852710981573 0 0 0 4.20518606993226 14665.1732563174 0.469466570385235 732.799071855204 7397.39817113436 0 0 0 0 0 0.0580783761478378 0.0105597047541523 0.861713534830644
0 0 0 0 0 0 0 0 0 0 0 0 0 0 0 0 0 0 0
0 3535.71653543307 5.00678664958205 0 0 0 0 0 0 543.918110236221 4388.17007874016 0 0 0 0 0 0 0 0
24.4914310231457 4897.80726596003 4.7541758661269 0 0 0 0 0 0 612.510720932114 4985.87426167166 3.75455031140889 0 0 0 0 0.114740761829868 0.0208619566963396 1.7024179053129
153.374758040417 10446.3944672131 1.13187443442885 0 0 0 0 0 0 724.372336065574 6121.56598360656 23.5124376774349 0 0 0 0 0.718550768487057 0.130645594270374 10.6611955040225
47.54620898072 9853.62069721105 0.419394008913095 0 0 0 0.10164825513397 0 0.161935468709501 690.430494317265 5565.07877582033 1.00902389286451 0 0 0 0 0.222750897463452 0.040500163175173 3.30497296879185
186.881763217853 11754.6310160428 0 0 0 0 0 0 0 732.79679144385 6250.16577540107 28.6490806365348 0 0 0 0 0.875528909007428 0.159187074364987 12.9902927917053
196.456787068302 11553.0910961837 0 0 0 0 0 0 0 799.749172980893 6642.33181431251 26.5050722488492 0 0 0 0 0.920387273147174 0.167343140572213 13.6558599458417
188.4793881753 11855.1196434693 0 0 0 0 0 0 0 739.061364415495 6303.59753171066 28.8939974515559 0 0 0 0 0.883013678050228 0.160547941463678 13.1013449115656
50.1355342119453 1921.69209608235 0.0236771369673141 0 0 0 0 1859.03141059457 0 375.69963961684 2655.55949703255 0.506261122921252 0 0 0 0 0.234881717805281 0.0427057668736875 3.48495892519229
87.4018398348992 5393.6743677207 0 0 0 0 0 139.890931980294 0 717.762963862022 4404.20974166396 11.5176957478422 0 0 0 0 0.409471936470798 0.0744494429946905 6.0753680318477
7.16057426954368 785.798423286841 0 0 0 0 0 0 0 710.809411764706 2928.0820817713 0 0 0 0 0 0.0335468248486717 0.00609942269975849 0.497736936533987
3.41775976424127 375.063526027102 0 0 0 0 0 0 0 375.530259650645 1694.83773629378 0 0 0 0 0 0.0160119822614654 0.00291126950208463 0.237571067742166
0 0 0 0 0 0 0 662.976680823318 0 55.0547322937593 661.167659734732 0 0 0 0 0 0 0 0
0 0 0 0 0 0 0 0 0 71.0721236670674 582.65755714129 0 0 0 0 0 0 0 0
0 0 0 0 0 0 0 0 0 49.2002309382099 403.349230192316 0 0 0 0 0 0 0 0
66.8211578908933 231.420382529365 0 0 0 0 0 3386.1458699652 0 127.652126992748 2270.48575882427 0 0 0 0 0 0.313052779786904 0.0569186872339826 4.64478925464543
43.1749771189386 1497.9243682795 19.8991389694747 1324.43199812959 1024.03521309074 0 0 1984.94381104021 4.75556823976598 375.699062532525 1762.02008785235 19.6269609882259 0 0 0 0 0.202271960422909 0.0367767200768926 3.00112533397059
0 0 59.2469291219151 12.0301903338016 53.9597886217915 0 0 874.582959256629 0 59.8555580164993 600.641455671628 0 0 0 0 0 0 0 0
0 0 59.5982879992775 12.1015343550493 54.2797925618075 0 0 879.76959915981 0 60.2105263157895 604.20350877193 0 0 0 0 0 0 0 0
0 0 59.3536890217945 12.0518681141456 54.0570213681322 0 0 876.158912484083 0 59.9634146341463 601.723780487805 0 0 0 0 0 0 0 0
0 0 59.2462750434637 12.0300575220528 53.9591929126889 0 0 874.573303973627 0 59.8548972188634 600.634824667473 0 0 0 0 0 0 0 0
0 0 59.01928195778 11.9839661876039 53.7524564775077 0 0 871.222509467477 0 59.6255722899456 598.333583751984 0 0 0 0 0 0 0 0
0 0 59.2053543663771 12.0217485085523 53.921923958524 0 0 873.969246896044 0 59.8135561738888 600.219973544948 0 0 0 0 0 0 0 0
0.0159154041399821 0.741022801530411 59.3793693846511 12.0266110126256 53.9437340616634 0 0.51552928382942 874.322746141178 0 67.9402624246143 594.956435282611 0 0 0 0 0 7.45626335237811e-05 1.35568424588693e-05 0.00110629178640442
32.0757512246665 1493.45017095631 372.568124089872 14.238542425779 63.8650526931989 0 1038.99272124683 1035.12797592653 0 16400.5695047511 -10386.4693308494 0 0 0 0 0 0.150272808816495 0.0273223288757264 2.22960974226571
7.51300082247284 349.80606639973 101.754636845393 6.27710405535608 28.1550996772111 0 243.359948597801 803.542408736695 0 4001.066811304 93.7072374421768 0 0 0 0 0 0.0351979203332087 0.00639962187876522 0.522234372941328
0 0 0 0 0 0 0 665.579673839866 0 277.914819696684 4561.64531474865 0 0 0 0 0 0 0 0
0 0 58.2925210474492 11.836396141223 53.0905510305715 0 0 860.494312798899 0 58.8913455464308 590.96572962729 0 0 0 0 0 0 0 0
0 0 0 0 0 0 0 662.986746233639 0 276.83213487848 4543.8743152255 0 0 0 0 0 0 0 0
0 0 0 0 0 0 0 576.465372178121 0 240.7048716587 3950.88772609338 0 0 0 0 0 0 0 0
12.4356678672956 1403.39371026703 141.412961928703 7.0409512455873 21.0981686660286 0 523.830196217844 425.51221509301 0 7225.09836999088 -3516.65895540656 0 0 0 0 0 0.0582602953501668 0.0105927809727576 0.864412684656966
0 0 0 0 0 0 0 664.743252393201 0 277.565569374481 4555.91278095398 0 0 0 0 0 0 0 0
0 0 0 0 0 0 0 663.378926830366 0 276.995891080948 4546.56218093401 0 0 0 0 0 0 0 0
0 0 28.7369469210696 0 0 0 0 429.163060121848 0 5435.68087137479 332.719231683894 0 0 0 0 0 0 0 0
0 10.2748047448329 27.1268832023811 0.621833488650137 0.809152073228568 0 1.50828974278771 461.244085518857 0 5160.48798568415 616.176335684062 0 0 0 0 0 0 0 0
0 0 0 0 0 0 0 0 0 0 0 0 0 0 0 0 0 0 0
0 0 28.5130591984794 0 0 0 0 420.900054413816 0 5391.27770769508 296.411065056767 0 0 0 0 0 0 0 0
0.322609095198899 7.29431211385611 30.4204259229201 14.7493592204528 20.0738825709289 0 0.968515076893871 683.351386649611 0 4787.61946338792 402.680541301785 0 0 0 0 0 0.00151140263390014 0.000274800478890935 0.0224248023549282
0 0 28.0894032284153 5.17386826484256 6.91895567045874 0 0 526.788969876591 0 5381.12291964405 325.956236640712 0 0 0 0 0 0 0 0
0 0 13.7897402300972 54.9303311663015 73.4577122664379 0 0 1394.16572497376 0 3350.03388113106 503.788987049175 0 0 0 0 0 0 0 0
0 0 0.356853789226971 101.06388250941 135.151590101094 0 0 2195.81150210296 0 1433.85419064191 666.859984474027 0 0 0 0 0 0 0 0
0.381684226129003 12.0505301542831 16.9738239280531 52.7052290543215 70.6042019721868 0.046154298521573 2.35030417745609 1355.79736122052 0 3445.10841764918 506.372931151852 0 0 0 0 0 0.00178816578104795 0.000325121051099628 0.0265311594134058
1.39142727942902 31.4606903863992 26.6066979669997 100.88050666408 136.414768279178 0 4.17724831253618 2211.01740342491 0 1375.56389947974 893.945220973409 0 0 0 0 0 0.00651874632893706 0.00118522660526128 0.0967191632127229
63.383146597041 1433.11661362823 1212.00458165343 24.009195818332 100.818997067829 0 190.284570440772 1634.07935903697 0 855.893302063159 10725.6654100666 0 0 0 0 0 0.296945920426033 0.0539901673501878 4.40581048775384
65.6369089859123 1484.07502285957 1255.10074345549 23.0562893765991 101.987922316772 0 197.0506625499 1653.02535807591 0 861.901517512244 11095.191506903 0 0 0 0 0 0.307504650670836 0.0559099364856065 4.56247121703132
65.6298522370788 1483.91546713325 1254.96580518914 22.6002681085596 101.370440208848 0 197.029477258658 1643.01717711321 0 855.676975945017 11091.0226350757 0 0 0 0 0 0.307471590261404 0.0559039255020735 4.56198069707942
89.002209742435 1392.97915429623 870.94860002676 37.7561058404738 298.145736625243 2.2271390837622 221.159121782927 2136.15758079684 0 1945.87745434614 7346.41815182518 0 0 0 0 0 0.416969565426277 0.075812648259323 6.18661095526603
130.668664465606 0.409010622705492 227.712111281923 38.8808418997759 815.92529841881 0 0.0543071023719336 3271.2379033232 0 2961.69885875707 2482.10292984554 0 0 0 0 0 0.612174196514114 0.111304399366202 9.08287775587068
130.72771024244 0 227.500441498008 38.8975639331697 816.379058490662 0 0 3272.71609079837 0 2963.21143847487 2480.50953206239 0 0 0 0 0 0.612450822139229 0.111354694934405 9.08698207250372
64.5781490893737 0 228.736674764237 37.127545956578 646.748919577509 0 0 3334.65243439341 0 1606.22407120271 13658.0689479708 0 0 0 0 0 0.302544429399611 0.0550080780726565 4.48887601536298
1.16749616703381 0 230.435896020284 35.5099717514865 485.218169910814 0 0 3401.61609803715 0 306.051868848499 24427.7648442935 0 0 0 0 0 0.00546964362810451 0.000994480659655365 0.0811535421210862
1.09522433688743 80.0791871723639 222.177604591949 37.5878082058616 460.652013216678 0 0 3279.71001677961 0.320563245165097 341.060751690309 23213.7642227691 0 0 0 0 0 0.00513105480322132 0.000932919055131148 0.0761298725129422
44.7085188090435 471.522598148696 194.291378880671 39.902776486956 447.047948175589 0.197456442547055 10.2177795658876 2623.0603082524 0.944367920474977 1315.2558278135 13161.5242445146 0 0 0 0.854666230521958 0.000300535519059977 0.209456503525115 0.0380830006409301 3.1077229774203
6.60016620590972 149.232222605345 0 2.27283043813316 0 0 0 0 0 68.9933455704401 11556.5736354078 0 0 0 0 0 0.030921349510126 0.00562206354729564 0.458782547919024
30.8470116028649 697.036190584862 0.0319722559462659 10.6224638454805 0 0 0 0.268815591277536 0 323.350019054802 2800.96623339759 0 0 0 0 0 0.144516243585055 0.0262756806518282 2.14419912125523
4786.78642497299 50419.2865574431 2913.34494627231 239.750430391782 160.136001327546 121.306640389087 758.262142037395 2564.92070593117 2.12960553490574 24383.2927974474 5786.61522196933 0 0 0 16742.6927979408 0.0176489215766668 22.4257831483677 4.07741511788504 332.733146996653
114.794195164488 693.022027965993 63.7392837366695 7.73219100825355 0.0348437083318929 0.0819141532319708 1.75818680945411 588.163330778103 0 2120.83854112585 3792.46018422699 0 0 0 0.223937277801668 0 0.537803340048692 0.0977824254633985 7.97943138109481
0 0 0 0 0 0 0 0.723317808133992 0 0 0 0 0 0 0 0 0 0 0
0 0 0 11.2991596812989 50.6808496864481 0 0 0 0 0 3037.96536689701 0 0 0 0 0 0 0 0
0 0 0 10.2480833002621 45.9663890027507 0 0 0 0 0 2755.36615300695 0 0 0 0 0 0 0 0
0 0 0 11.1371811500315 49.9543169329389 0 0 0 0 0 2994.41476826394 0 0 0 0 0 0 0 0
1.91153368975491 96.8717279891255 3.24180933028527 18.8453678689303 52.49362203046 0 5.73867639217296 0 0.173015001730181 15.5865096713753 3070.61944316391 0 0 0 0 0 0.00895541104228077 0.00162825655314196 0.132872153406315
0 0 0 11.3102873320163 50.7307612559169 0 0 0 0 0 3040.95721925134 0 0 0 0 0 0 0 0
88.91691821739 4506.08616596798 150.796031815848 365.891443915784 151.029079529292 0 266.940322409036 0 8.04796736865077 725.022223344613 5517.50795494722 0 0 0 0 0 0.416569980177377 0.0757399963958867 6.18068227681229
75.5622600586975 3823.28116551448 142.138355934268 307.901491001794 129.454062091212 0 226.490987831253 212.680075433655 6.82846286731578 835.800531187381 4762.34379485132 0 0 0 0.0178201097988029 0 0.354004275067793 0.0643644136486897 5.25238988151676
94.7348852570758 4800.92612800411 169.06665103019 386.580426415974 153.979301337473 0 284.406627230148 124.054164352822 8.57455791886306 902.878426180118 5451.82088618303 0 0 0 0 0 0.443826777454912 0.0806957777190749 6.58509356872582
0 0 37.5368591382482 0 34.1871049629916 0 0 554.106311211074 0 582.526473889759 1999.29649517544 0 0 0 0 0 0 0 0
0 2381.60692893712 1.06571972267881 0 0.970615892133248 0 0 15.7317910415348 0 484.823964810899 1801.95239216023 0 0 0 0 0 0 0 0
0 2418.70967741936 0 0 0 0 0 0 0 475.58064516129 1772.37788018433 0 0 0 0 0 0 0 0
456.802600686811 1771.24845677994 124.39858520367 6.15641278939238 22.9933087561039 11.1982223254975 18.096183440239 466.008175948218 0 1002.18193219582 2038.04472599739 0 0 0 2398.07804821414 0 2.14009048140698 0.389107360255814 31.7526944778272
0 2391.98876930276 0 0 0 0 0 0 0 470.326626111371 1752.79737950398 0 0 0 0 0 0 0 0
0 1217.06666666667 0 0 0 0 0 0 0 239.306666666667 891.84 0 0 0 0 0 0 0 0
0 2433.344299731 0 0 0 0 0 0 0 478.458188996188 1783.10181332611 0 0 0 0 0 0 0 0
0 2037.27430706484 0 0 0 0 0 6.27164613197304 0 402.937704736569 1529.32580879093 0 0 0 0 0 0 0 0
0.486349042302227 845.507093602922 1032.79547129381 79.8946039438937 592.784778580823 0 0.00127046153487989 2180.74157633307 0.983157951979006 12617.2631588373 3631.59045007082 0 0 0 0.00320445389472231 0 0.00227851363916818 0.000414275207121488 0.0338064899949953
0.00260648990259531 0.111911105523507 0.887382842016392 0.00814139072511911 0.192074426507824 0 0 254.26926448283 0.00126047555280456 7.07622411233662 683.787370423148 0 0 0 0 0 1.22112357110945e-05 2.22022467474445e-06 0.000181179085697443
0.00451545540898059 0 0.0236859448274849 0.00473002939453136 0 0 0 27.4211596032116 0 0.462535657102895 885.584453218494 0 0 0 0 0 2.11546149812803e-05 3.84629363296006e-06 0.000313872722734157
16.2079922039467 261.579046957652 106.597186565023 30.3964664254103 95.416266159436 0 0 327.225702179407 0.106900689598447 2163.57511770305 4248.19973072181 0 0 0 0 0 0.0759333895784152 0.0138060708324391 1.12662980415861
0 171.622718420324 0 0 0 0 0 24.8813104664469 0 21.6088856757911 1578.17844353455 0 0 0 0 0 0 0 0
2.26549333128115 1041.43967888346 3.37863232383648 0.674705202661626 0 0 0 50.9372994446092 0.267087790871897 222.380994990284 5502.22941272228 0 0 0 0 0 0.0106136889472087 0.00192976162676521 0.157476155962267
0 1143.94363043226 0 0 0 0 0 50.4999347272682 0 144.033070662705 5481.67420229944 0 0 0 0 0 0 0 0
4.35580817687171 923.815850044231 6.4960130756543 1.29723905965745 0 0 0 50.1240065781588 0.513523110996981 291.768994025916 5402.04965083446 0 0 0 0 0 0.0204066780796394 0.00371030510538899 0.302775522810683
4.7753535385041 895.261547617698 7.12169998479442 1.42218731456397 0 0 0 49.763244499977 0.56298494002191 305.073039507022 5359.15067721855 0 0 0 0 0 0.0223722208186649 0.00406767651248453 0.331938438405895
20.5206617948843 68.397988721634 40.3684465292321 6.68924875091592 2.30980771455021 0 0 54.6545112488547 2.39962926353132 859.394276764162 4742.87218781014 0 0 0 0 0 0.0961379661879666 0.0174796302159939 1.42640673121412
10.7687832264983 1274.21239098837 200.055671083244 6.11827117811749 3.59279307809294 0 0 19.397580153605 1.0663034915848 503.723655523256 4805.87572674419 0 0 0 0 0 0.0504510491943647 0.00917291803533904 0.748546271791886
4.09185896996642 2192.6979034799 330.261271210995 6.307177053084 6.17290093454928 0 0 1.89528394834065 0.104185567254103 277.277735102537 4986.3678130665 0 0 0 0 0 0.0191700932081356 0.00348547149238829 0.284428213684318
2.19498488775518 1622.1502937103 237.511256654727 4.35975463272895 4.57384529305051 0 0 5.2837365544043 0 220.864025679246 4160.97632008703 0 0 0 0 0 0.0102833614739809 0.00186970208617834 0.152575060692623
62.0307057709031 1174.15084272416 2150.65931557131 40.9581895924687 0.886437466782143 0 0 9.01074892322303 0 650.272448859291 4386.64080002846 0 0 0 0 0 0.290609823095737 0.0528381496537703 4.31180130241397
0 0 0 0 0 0 0 18.1204954202974 0 148.807586840111 2128.71507637311 0 0 0 0 0 0 0 0
5.91221198303315 351.52356483669 227.476012775909 10.4103949656485 0.357255979856555 0 1.18520677835783 21.6135623355278 0 200.254729215018 2363.28611996252 0 0 0 0 0 0.0276983287090003 0.00503605976527279 0.410962329249324
0 0 0 0 0 0 0 18.0265280524202 0 148.035916036902 2117.67620861328 0 0 0 0 0 0 0 0
0.0355531374589355 8155.56932726918 774.138392987287 198.911755287013 10.830171387291 0 35.9293987021524 144.436403630465 0 299.970512986833 3954.27281971695 0 0 0 0 0 0.000166564137212931 3.02843885841693e-05 0.00247132549106428
0 554.567556366048 52.5609578867231 13.5249759218838 0.736481644579577 0 2.44329860522507 32.0129016428197 0 202.611169704047 2197.24211278932 0 0 0 0 0 0 0 0
30.8929550968528 2654.62366736637 418.688848234234 102.121088236338 5.59723980114097 0 0.403649408619999 110.877461158413 0 767.721594256987 3841.73018138076 0 0 0 0 0 0.144731485866991 0.0263148156121802 2.14739268829195
0 0 0 0 0 0 0 49.5365021116672 0 406.799437253811 1822.77753475637 0 0 0 0 0 0 0 0
0 0 0 0 0 0 0 47.8081643260085 0 392.606129114986 1759.18048704663 0 0 0 0 0 0 0 0
12.1295926164659 1387.91522460228 721.99566509831 147.014010850983 15.5287137333271 0 5.49575314509405 77.451612964847 0 598.342684020915 2567.62825026268 0 0 0 0 0 0.0568263527020513 0.0103320641276457 0.843137162336805
0 0 0 0 0 0 0 49.9622141412559 0 410.295433270617 1838.44231306592 0 0 0 0 0 0 0 0
9.15734161606522 1900.52234572131 858.914187401193 176.210450382099 19.5617881507779 0 7.04616384985859 78.4394035253622 0 630.777435763049 2302.18561743208 0 0 0 0 0 0.0429015500307308 0.00780028182376924 0.636533745926213
0 0 0 0 0 0 0 28.5674841139647 0 250.172157947611 2158.27994501334 0 0 0 0 0 0 0 0
1753.54124131351 13393.8594922508 11992.3805240646 76.272189426907 2176.3438254473 0.365033922332317 5.00999384033854 19419.1220223598 0.491498072996827 13152.5387891652 3462.37579505559 1.52278856846993 0 0 0 0 8.21522669452257 1.49367758082229 121.889978747893
0 0 75.3538036603211 0.984007442487283 0 0 0 0 0 130.629450496052 2687.41279158356 0 0 0 0 0 0 0 0
0 2137.85338053887 74.3780016154834 1.04143389080485 5.69997249812535 0 0 0 0.0079120032853607 135.025825674112 3239.79109165575 0 0 0 0 0 0 0 0
0 7690.50330931459 25.7126941679682 0.335769147656219 18.7188314343266 0 0 0 0 61.840511846149 2906.20963080177 0 0 0 0 0 0 0 0
0.471210156981567 5858.29469855237 40.6984226265206 3.86643991441298 40.5906413324824 0 0 0 0.376386161844674 154.948138416416 5099.654187293 0 0 0 0 0 0.00220758894582111 0.000401379808331111 0.0327541746193843
0.0728775429655605 4700.22451421039 0 0 11.4404359306927 0 0 0 0.0664823416867365 22.8145158145058 1507.06405535126 0 0 0 0 0 0.000341426550055601 6.20775545555638e-05 0.00506577316460314
0 38.9113873110067 18.8426665366075 0 82.7030401965961 0 0 0 0.0409411952489163 583.821598989677 1743.88997083691 0 0 0 0 0 0 0 0
0 58.8459824375022 28.4959057158897 0 125.072427051715 0 0 0 0 871.498222671431 2385.4151351978 0 0 0 0 0 0 0 0
0 41.5716067887245 20.1308660071682 0 88.3571238364057 0 0 0 0.035421592190336 622.200942141932 1829.27156723929 0 0 0 0 0 0 0 0
2.63829244871862 20.067708540603 6.68256635162166 0 2.24312358540942 0 0 0 0.0504243964323586 30.8752378441283 1114.09574235927 0 0 0 0 0 0.0123602285717758 0.00224731428577743 0.183389704746354
11.5025901632368 32823.0620636448 738.69612965937 4.51116752653722 256.571752123927 0 0 10970.1570487145 0.000154895019337791 429.033297419238 4221.60302004621 0 0 0 0 0 0.053888886978439 0.00979797945062528 0.79955374730305
1.03918229757161 559.325985985965 43.1180543014092 1.98727912989076 19.4730078338289 0 0 0 0.195001856776028 176.950835028483 5304.24193669192 0 0 0 0 0 0.00486850149306481 0.000885182089648148 0.0722343479479898
0 42.9557460284645 52.7499066356793 0 5.77227790697214 0 0 0 0 91.4445055567285 1008.22259277196 0 0 0 0 0 0 0 0
4.84777799438815 3542.95715119737 68.5111131592588 0.0169505065024139 58.2000127360523 0 0.011889118069602 0.629683450743176 0.00287761212752042 159.125711933376 2428.55309005153 0.00475554136175039 0 0 0 0 0.0227115246852049 0.00412936812458271 0.336972717144571
0 9202.98433320596 851.039916196323 0 2896.47191204969 0 0 0 0 5435.8005349637 8790.09552923194 0 0 0 0 0 0 0 0
0 0 0 3.67086222165042 30.7609977024865 0 0 0 0 487.316146358425 14579.4398062579 0 0 0 0 0 0 0 0
20.5643233928326 52447.9308564801 1368.9865606871 9.08427629453374 243.775966075172 0 0 22687.2613164259 0 272.555073752453 6003.58766519955 0 0 0 0 0 0.096342517935333 0.0175168214427878 1.42944168193021
3.01316051718293 66768.9189453986 301.234459012335 1.33106167098161 54.2086178661357 0 0 8329.60712313297 0 376.471994937964 6421.54143542037 0 0 0 0 0 0.0141164610973737 0.00256662929043159 0.209447067882081
0 65785.0955987718 112.060246681131 0 20.5866765411959 0 0 5573.07369235687 0 374.70460593654 6170.40736949847 0 0 0 0 0 0 0 0
0 67310.6235201263 114.658875346636 0 21.0640726684742 0 0 5702.31086147661 0 383.393843725335 6313.49644830308 0 0 0 0 0 0 0 0
0 68964.3275636178 117.475842949473 0 21.5815800146042 0 0 5842.40664481235 0 392.813158485193 6468.60799027247 0 0 0 0 0 0 0 0
20018.4158582715 0 6437.71757277667 0 0 38.6173093682261 0 500.030516278724 6.45943460408632 28.5359836737975 1561.96244503115 9262.62532863068 0 0 0 47.5016506594133 93.7849766326216 17.0518139332039 1391.49523606497
13425.4073465245 8171.80780747701 5408.35510397734 63.2808652171898 109.819157864518 147.093849415713 107.587209946573 1566.75219952455 44.992984787646 383.546104225903 12231.3703949447 7677.03724098953 0 0 0 1804.69643535053 62.8971604542313 11.4358473553148 933.210224884079
5618.31199723397 59.7268008983854 860.661841174173 3.31393164904264 0 0 0 159.106623295193 0 0 876.308421915533 1705.42114549366 0 0 0 0 26.321426385877 4.78571388834127 390.533118815565
6968.26328352615 13.130081300813 716.307708224958 0 0 51.6697069792112 0 0 0 0 238.529810298103 2180.38211484801 0 0 0 0 32.6458603838737 5.93561097888613 484.369254356689
26149.9044674167 881.055907976118 7432.28966470191 308.589460994295 29.6433857403958 38.9344953749101 123.415281183011 1423.71431508415 24.1814374775851 75.2314272946567 6238.63711975953 11855.5802954784 0 0 0 2232.8068041697 122.510602076868 22.2746549230669 1817.69964954191
23775.8336012664 936.975464264274 5953.11755041496 114.007654378895 61.0308293556052 60.5464067464152 115.697665250062 871.539058056416 75.9356042931002 61.4671601021571 9782.6323197081 10239.8835737228 0 0 0 689.730754941227 111.388234438866 20.2524062616121 1652.67618696039
30634.0396424009 289.796821946806 6170.60531163579 15.9046340276674 0 184.814301135763 0 415.469798162618 0 0 490.607120194175 11229.7212971377 0 0 0 0 143.51848379842 26.0942697815309 2129.39527910811
15180.8658277217 80.0862245321578 1854.21103090316 19.1692513899302 7.26526709227777 39.8104124282069 0 318.716149609621 0 5.88285287723045 1660.00660890508 4794.74526054051 0 0 0 254.10389036695 71.1213692929434 12.9311580532624 1055.23347242723
6691.8110939129 23.7897353564224 684.778488701868 0.681766084175081 1.27585759480818 45.2640521615433 0 17.1127120399963 0 1.03309106564457 362.184420455093 2096.93681281295 0 0 0 2.93341272411412 31.3506998513682 5.70012724570331 465.152853440149
14626.0903597249 302.761161996126 1437.66870694838 17.3928975469935 31.4638923529881 0.189222424578075 0.576134468611966 427.614301955749 0.200367208842672 25.4770330266846 3798.93909440903 4651.06898501555 0 0 0 79.3380065087568 68.5222822987078 12.4585967815832 1016.67060979771
12945.0062930804 270.776409412351 1262.13215885731 15.0239841991935 28.1158960378801 0 0 377.11045072789 0 22.7660838619629 3376.61769992182 4117.88431611258 0 0 0 64.6432074574802 60.6465127561052 11.0266386829282 899.81718409599
7480.42963195182 125.36429726713 622.329840121201 92.5697326645785 8.76186134174204 0 0 220.52220866456 0 10.5402612844801 1518.26524821081 1912.50923044347 0 0 0 16.6201082347523 35.0453264235039 6.37187753154616 519.970324838629
5077.04146225901 0.65791452991453 1.3709641333619 230.008143397613 8.75072295654684 0 0 118.47565232699 0 0 1318.81637310468 603.341872735483 0 0 0 0.0209372284015533 23.7856091247135 4.32465620449337 352.908994300799
13576.7332956995 2786.34829600812 2700.90182522592 106.403626602919 108.279827507095 40.1409771903788 663.965159779461 786.852365294131 91.2455323997705 97.8856840719696 11627.5879561658 4027.49668193595 0 0 0 487.624634210237 63.6061126864039 11.5647477611643 943.729006133343
5977.83629337302 209.967741935484 437.531366565095 0 16.8850087010295 0 0 226.473779573332 0 0 2071.48387096774 2103.30855928166 0 0 0 6.68193567701376 28.0057743358337 5.09195897015158 415.523924724934
8453.786453128 498.585202738251 872.610526998429 49.3880415597553 13.5408548276265 27.8559817059574 0 181.619602676272 5.91713405024567 98.1652538935756 3001.0341986954 3129.91305671091 0 0 0 70.9852075000206 39.6054398398456 7.2009890617901 587.629094106246
15408.0070114469 7176.0553402261 3647.52188106608 106.510836989236 191.86993564262 80.0509881138805 146.52996651135 276.392705562171 60.248371492216 233.701035483892 10460.9283176473 5266.1442813442 0 0 0 468.479291691935 72.1855109692278 13.1246383580414 1071.02222800637
2235.39712717916 0 540.25462582896 25.8730908527609 0 0 0 0 0 0 1269.5162771205 579.617656830893 0 0 0 263.228655002988 10.4726901879452 1.90412548871732 155.384146038602
2146.57226393373 0 518.787279971927 24.8450078652725 0 0 0 0 0 0 1219.07127639467 556.586197017033 0 0 0 252.769104438733 10.0565514793257 1.82846390533195 149.209862572557
7597.06381405782 144.42090647482 1087.06618473727 61.5913369210571 0 37.9823032651912 0 0 4.93603497954805 21.2669408300502 1933.78649479949 3056.59838716866 0 0 0 379.097455372358 35.5917499827316 6.47122726958756 528.077655104515
975.974385726423 0 235.875169636924 11.2961914663154 0 0 0 0 0 0 554.270806590812 253.061068972368 0 0 0 114.925630774304 4.57237653605689 0.83134118837398 67.8407181604537
308.241734101882 691.216551724138 25.8705482810284 0.000387539530851018 0 10.3476835235745 0 0 2.63125675427575 9.44261288101004 768.960517106675 17.2412864405684 0 0 0 25.553396041661 1.44409248137379 0.26256226934069 21.4261162119853
3641.4489887698 4171.27973012628 1026.46207317261 55.8745799291515 37.2220023243641 31.9557148713893 232.330949517117 126.059734468431 13.1018305250883 116.556599059862 7833.62722900586 1015.90703693712 0 0 0 426.707608152807 17.0599517333709 3.10180940606744 253.119875025131
305.274389124758 684.584178498986 25.6222241956093 0 0 10.2483040209949 0 0 2.60600927314696 9.35200895566815 761.565840942912 17.0744523295997 0 0 0 25.3082056461248 1.43019066310252 0.260034666018639 21.2198538169655
2473.19816877985 578.088093464968 35.919656163701 75.8567973276773 0 8.65404535894494 0 0 4.88934725832611 7.89718079536002 1558.65966721817 722.691067016388 0 0 0 570.96930512537 11.5867726052369 2.1066859282249 171.913876405949
291.695167969646 654.132492113565 24.4824959339769 0 0 9.79243876755876 0 0 2.49008871933374 8.93601271629249 727.689854791594 16.3149462178987 0 0 0 24.1824455635542 1.36657289495653 0.248467799083006 20.2759518778416
310.389555586202 696.05504587156 26.0515492439658 0 0 10.4200242270861 0 0 2.64967546889445 9.50871087453634 774.326610226381 17.3605512262491 0 0 0 25.7322690111898 1.4541548853694 0.264391797339891 21.5754129088123
13178.0600818665 4847.36972944246 1045.2837656959 294.260278409335 19.5247879319436 48.7879589126506 237.53513106843 0 58.8276657049152 61.4463684621479 7285.96052346721 2845.5617003573 0 0 0 2968.13472568938 61.7383546026428 11.2251553822987 916.016929327521
215.159740122776 0 0 5.7629321691035 0 0 0 0 4.69581550662632 0 1052.4972972973 18.2446710262492 0 0 0 0 1.00800939207973 0.183274434923587 14.9559163668844
6308.01624949467 457.853109858413 526.917816459745 56.8566287618779 0 65.585227028737 0 0 28.5820772515915 36.1962691533438 2621.50293664178 1777.65454299595 0 0 0 1638.59864228331 29.5526459608746 5.37320835652265 438.474983352162
219.838178230054 0 0 5.88824149255875 0 0 0 0 4.7979214219728 0 1075.38282160902 18.6413835531153 0 0 0 0 1.02992757040486 0.18725955825543 15.281118140321
2921.43636040961 2977.60141988576 701.088839843759 81.9173033260528 13.6282139628529 82.5277212264049 337.354730198822 0 69.4481531063484 54.5749985566892 9882.14851325373 942.349967503518 0 0 0 1055.17923966891 13.6867393870977 2.48849807038141 203.071252328753
21.7883770052708 0 0 0 0 0 0 0 0 0 233.719186994728 0 0 0 0 0 0.102077129517606 0.0185594780941101 1.51452657488352
8854.8812329181 4529.10563814824 2097.96272496233 297.436537680158 7.73761688569362 208.344755311334 485.984089581332 0 191.81252539863 49.6355141668741 8866.42910348863 4447.58820282917 0 0 0 5450.92852528565 41.4845428026576 7.54264414593775 615.509495794367
21.1688026617754 0 0 0 0 0 0 0 0 0 227.073147603657 0 0 0 0 0 0.0991744640050957 0.0180317207281992 1.47145949337888
56.8192647947488 0 11.2154935071911 1.13254284363994 0 0 0 0 5.50411737889647 0 509.011625616161 53.9855560674374 0 0 0 33.6158934381137 0.266194560987523 0.0483990110886406 3.94955009618997
8.16031814034848 0 0 0 0 0 0 0 1.51593184326752 0 236.311936936937 5.35199419980586 0 0 0 0 0.0382305598767505 0.00695101088668191 0.56722988959077
0 0 0 0 0 0 0 0 0 0 94.1909090909091 0 0 0 0 0 0 0 0
3741.50266661837 3042.07360488236 1528.11232721738 141.145122185295 6.41779517954481 258.466823417889 400.586268836795 0 122.740062685978 31.7451817515634 7559.44903718098 1674.49920087447 0 0 0 2137.41511259288 17.5286967082716 3.18703576514029 260.074681892106
0 0 0 0 0 0 0 0 0 0 0 0 0 0 0 0 0 0 0
6661.85707433736 5375.8860698423 927.576015623209 136.975702400749 0 41.0430514984969 546.70003538093 0 105.490790279238 39.4011705357984 7183.52518396552 1066.56246073045 0 0 0 7673.73916300659 31.2103672173659 5.67461222133925 463.070726870521
0 0 0 0 0 0 0 0 0 0 80.4688695658006 0 0 0 0 0 0 0 0
41.9821637598141 0 0 0 0 0 0 0 0 0 393.00927971719 0 0 0 0 0 0.196683707396067 0.0357606740720122 2.91821197466746
137.702709855321 1582.22595437122 10.7556058951918 0 0 0.310930903504109 22.357167754378 247.855486369339 2.83034081656081 10.3526304126077 2630.8602423665 35.2809157782978 0 0 0 103.750332755253 0.645128241788113 0.117296043961475 9.57181957421186
32.2777376433524 486.710160307412 0 0 0 1.7090823958011 17.8755619385676 365.0297021315 0 34.7279130172502 2000.14866375755 0 0 0 0 0 0.151219102054216 0.0274943821916756 2.24364997109007
195.532002174227 2076.65828187681 27.3386747486693 7.13269830446615 0 7.29589134939844 258.840640944141 908.038087653763 9.81458025782022 60.1265962657811 5548.44652584353 12.7781663545245 0 0 0 501.791245764219 0.916054716050992 0.166555402918362 13.5915774479857
254.250518475885 5.08607598923517 0 0 0 0.0693254015708608 113.634596889404 358.541641661186 0 41.4764896008999 1469.10724053091 0 0 0 0 0 1.19114714685279 0.21657220851869 17.6731459537574
48.572209756507 1279.26069103493 0 0 0 0 0 1076.49228665276 0 4.15707051534399 1042.39984601294 0 0 0 0 0 0.227557644384061 0.0413741171607385 3.37629105918494
23.1797430347641 790.720243826497 0 0 0 0 0 4064.55072594665 0 2.44459890543924 3735.47285613301 0 0 0 0 0 0.108595588894576 0.0197446525262866 1.61124148056685
0 375.670103092784 0 0 0 0 0 7283.05792953093 0 0 6886.62338764153 0 0 0 0 0 0 0 0
2.3667385804577 2731.24225589908 0 67.5084247172541 0 0 1149.07500932456 7371.95410605169 0 2.48813556347696 1393.18224657657 0 0 0 4056.26425380816 0 0.011088016356301 0.0020160029738729 0.16451378985402
62.1670958307452 565.029848418557 0 14.4617714152202 0 0 246.156834400945 4397.77323560375 0 5.12786535355547 3639.89964395418 3.47510858447053 0 0 868.939938740853 0 0.291248801657566 0.0529543275741028 4.32128187869236
52.8920059275973 0 0 0 0 0 0 4.58947223827422 0 0 431.246356132968 0 0 0 0 0 0.247795608558234 0.0450537470105881 3.67656336022019
0 0 0 0 0 0 0 5.79569059293258 0 0 5.63452256118954 0 0 0 0 0 0 0 0
217.260088840331 0 32.4039332423703 1.52735508096761 0 928.60476027761 24.3705208624423 135.271669322811 0 32.6349220372188 2549.54578609026 0 0 0 0 10.6738875162896 1.01784938924988 0.18506352531816 15.1019131957666
837.794569842681 38151.1151810604 2550.00856255649 51.9705810247145 117.708795960945 54.6604788032938 2718.9250550784 1341.5472818793 0.00180225278514009 21341.4584913676 3188.3369036984 0 0 0 56.1175159835114 0.0665412695520869 3.92501308354863 0.713638742463388 58.2357345851368
150.999916538145 2837.64892065808 659.305461772095 14.8827525066266 176.825509090229 0.263275097293715 13.8957221960443 631.258583999966 0.114640286306056 8498.45364284183 1599.75963306967 0.00894516094184054 0 0 13.4350356589257 0 0.707424790468936 0.12862268917617 10.496118473941
50.4045417123277 219.762309927718 144.54075079831 7.32440880698326 66.732490426334 0.142201141778099 0 260.215429134167 0.302206342347216 8599.32927329831 4055.12911487318 0.0499340369396852 0 0 0 0 0.236142000452818 0.0429349091732397 3.50365784012632
0 50.5894176020214 2840.77943841403 234.518122286079 6055.4588455452 0 0 56197.4680234004 0 19541.5982448856 8718.47120579495 0 0 0 0 0 0 0 0
258.240062062379 1930.5460637572 484.573384432003 8.91603094307019 143.57622033117 67.7703452313025 615.948309858098 199.232850284267 0.0701787288496663 5531.64446331697 1316.76084234057 0.123202775857614 0 0 0 0.0773181511042681 1.20983789914224 0.219970527116771 17.9504621477051
465.202749305627 7406.01800132831 4526.58449896067 35.4869712433434 4315.75317472817 0 0 15802.8874093812 0 25984.3604686028 1383.11143625339 0 0 0 0 0 2.17944463148078 0.396262660269233 32.3365951654778
