0.0924334853001147 0.0141462669137481 0.0108586084958691 0.00073025570710814 0.00354652220755679 0.00389772277889406 0.00163082115209322 0 0.000108433514440737 0.850533206189161 2.57198886223396 0.0629934747698341 0.120880127037407 1.66642541086756 0 0 0.264446313052881 0.0252426026095932 4.30738151585258
5.70344842972346 0.872870946645626 0.670011667023766 0.0450591660855327 0.218832022291429 0.240502246459738 0.100627000148986 0 0.006690702570161 1.20639519287413 3.64810565530673 3.88690347001758 0.171456214890579 2.36365563428314 0 0 0.224177182587802 0.0213987310651993 3.65146574140934
0 0 0 0 0 0 0 0 0 0 0 0 0 0 0 0 0.147339598010914 0.0140642343555873 2.39991192805343
1.76540196999155 0.27018182205801 0.207390306313058 0.013947270945594 0.0677355968079218 0.0744432328825318 0.0311473149071627 0 0.0020709890943228 0 0 1.20312248417555 0 0 0 0 0.00290261236360837 0.000277067543798981 0.0472786279315291
0.0595804517781483 0.00911835111441307 0.00699920378167455 0.000470705662583299 0.00228600484641908 0.00251238047898427 0.00105118897870828 0 6.98936944473677e-05 0 0 0.0406041130405957 0 0 0 0 0 0 0
0.0951432726547501 0.0145609799917383 0.0111769403200507 0.000751663941086844 0.00365049233266641 0.00401198872768771 0.00167863043377579 0 0.000111612359913199 0 0 0.0648401964508528 0 0 0 0 0.00807759791852466 0.000771043437677354 0.131570357571159
0 0 0 0 0 0 0 0 0 0 0 0 0 0 0 0 0.00628933313168936 0.000600345435297621 0.102442559950006
0.0562819234969511 0.00861353555610258 0.00661170971389403 0.000444646176731597 0.00215944569133002 0.00237328858196552 0.000992992431490697 0 6.60241983134604e-05 0 0 0.0383561640707551 0 0 0 0 0.000434968662508966 4.15197359667649e-05 0.00708490110993372
0.156398685917639 0.0239356716753343 0.0183729099268957 0.00123560236428116 0.00600076272185009 0.00659499875733372 0.00275937106910924 0 0.00018347094792434 0 0 0.106585796731564 0 0 0 0 0 0 0
1.08853485398677 0.166592274860327 0.127875453091194 0.00859979245539687 0.0417653085440766 0.0459011913510427 0.0192052226410003 0 0.00127695779755341 1.77869505310226 5.37872458429589 0.741837145251684 0.252793050777126 3.48494639962923 0 0 0 0 0
0.582230805886111 0.0891061541034564 0.0683974682424293 0.0045998197241187 0.022339247257576 0.0245514303318532 0.0102724062665868 0 0.000683013653471045 0.428264144667089 1.29505891382321 0.39679063774047 0.0608660824012682 0.839085702996027 0 0 0.00921453646012483 0.000879569389375552 0.150089156348171
0.0879066650659011 0.013453470281707 0.0103268210327554 0.000694492300585558 0.00337283549177268 0.00370683643196508 0.00155095362177443 0 0.000103123111769632 0.21997343539792 0.665193577057075 0.0599084441092932 0.0312632318435803 0.430987667260343 0 0 0.0362947067872316 0.0034644947387812 0.59117915970849
0.422276451977626 0.0646263135234026 0.0496068568026184 0.00333612638355913 0.0162020593489952 0.017806496644801 0.00745030188659495 0 0.000495371559395718 1.33851760218545 4.04764016228126 0.287781651175222 0.190233816406691 2.62251929606529 0 0 0 0 0
0.939509248976676 0.143784999135401 0.110368694632281 0.0074224399168604 0.0360474389219709 0.0396170996779833 0.0165759362080062 0 0.00110213619431693 1.18691117265282 3.58918651771624 0.640276107508894 0.168687092153909 2.32548115012853 0 0 0 0 0
0.392039372700216 0.059998750332838 0.0460547608834185 0.00309724325979811 0.0150419118894376 0.0165314635517165 0.00691682347990049 0 0.000459900509463679 1.24267313190551 3.75780913831544 0.26717506380712 0.176612135725718 2.43473396375445 0 0 0 0 0
1.7921799894867 0.274280001521545 0.21053604975277 0.0141588263305056 0.068763025780286 0.0755724048078469 0.0316197644795451 0 0.00210240232897682 0.520188752890678 1.57303638348088 1.22137172026112 0.0739306614665798 1.01919096157163 0 0 0 0 0
0 0 0 0 0 0 0 0 0 0.462505292629973 1.39860319704436 0 0.0657325288674858 0.906173405918628 0 0 0.504297358657795 0.0481374751446077 8.21414787787755
0 0 0 0 0 0 0 0 0 1.53228176383401 4.63357762131721 0 0.217772113918105 3.00215588207624 0 0 0.0497167015699487 0.00474568514985874 0.809800669554931
0 0 0 0 0 0 0 0 0 0.190424592896616 0.575838695610677 0 0.0270636687819924 0.373093464367876 0 0 1.48318073447028 0.1415763428358 24.1584963184887
