2.11445792105313 0.207029422695844 0.2171784595024 0.0322465591037107 0.0925294798181029 0.133102722378236 0.0239107518566832 0 0.00202983380341284 0.88504682826255 2.67089192311689 1.20802070937472 0.466075413255331 1.19807435176773 0 0 0.518190962616355 0.0494636827951975 0.0564239386384394
8.06340369606618 0.789498715268201 0.828201675531764 0.122971008915975 0.352857601057754 0.507582096051639 0.0911827296146303 0 0.00774069288864696 1.25534926951102 3.78838962816218 4.60674036400078 0.661080759665252 1.6993471015133 0 0 0.460009383597499 0.0439099866161249 0.0500887570523454
1.12326199150542 0.109980094341026 0.115371560012528 0.0171303168709978 0.0491543703653736 0.0707080654217542 0.0127020918607607 0 0.00107830718111947 0 0 0.641735990241988 0 0 0 0 0.0550137994491216 0.00525131722014343 0.00599025353262052
1.97949553971078 0.19381507417807 0.203316314609912 0.0301883141212018 0.0866234748717379 0.124606993900286 0.0223845677798411 0 0.00190027284071402 0 0 1.13091472867642 0 0 0 0 0.0364950744704714 0.00348362074490864 0.00397381658709415
0.0659409343283505 0.00645636568602111 0.00677287090605585 0.0010056327983647 0.00288560027199929 0.00415090685318366 0.000745674483386144 0 6.3301868623447e-05 0 0 0.037673019392361 0 0 0 0 0.00131268574423201 0.000125301821040328 0.000142933600212045
0.167413949375923 0.0163917252480796 0.0171952836056283 0.0025531479059406 0.00732609785979237 0.0105385177941631 0.0018931534938663 0 0.000160713765084926 0 0 0.0956460357383694 0 0 0 0 0.0163786562039198 0.00156341718310144 0.00178341260133914
0.0261363173771468 0.00255904203347355 0.00268449189199634 0.000398592137806997 0.00114373515178006 0.00164525146667718 0.000295555183685669 0 2.509029854916e-05 0 0 0.0149320600537931 0 0 0 0 0.0162143477284441 0.00154773319226057 0.0017655216460604
0.0664192256281273 0.00650319583132092 0.00682199676788771 0.00101292698403445 0.00290653048050768 0.00418101474677486 0.000751083105837462 0 6.37610179110724e-05 0 0 0.0379462742013082 0 0 0 0 0.000223851200571344 2.13676145999919e-05 2.43743471352849e-05
0.170128854696719 0.0166575452843366 0.0174741347236357 0.00259455159338992 0.00744490314533975 0.0107094179977562 0.00192385423602513 0 0.000163320015385936 0 0 0.097197100821698 0 0 0 0 0.0101981492671851 0.000973459702776756 0.00111043956762965
1.21527575778648 0.118989286117114 0.124822402147982 0.0185335736221463 0.053180927642924 0.0765002274063178 0.0137426036207911 0 0.00116663840365976 1.85087237481041 5.58555764366267 0.694304799537432 0.97468978976639 2.50549761870673 0 0 0 0 0
0.714944972803127 0.0700012251390687 0.0734328388739154 0.0109032745895999 0.0312862629108706 0.04500497327624 0.00808475385850404 0 0.000686331687628509 0.445642592362094 1.34485900918194 0.408458510623548 0.234680300258332 0.603259559737011 0 0 0.0297987846875078 0.00284442944744393 0.00324468182582492
0.359174119843571 0.0351672217915156 0.0368911962087692 0.00547758807055871 0.0157175955796264 0.0226096025288483 0.00406161937176069 0 0.000344799375059882 0.228899694784694 0.690772879447004 0.205201423363568 0.120541101819696 0.309858015069513 0 0 0.105289431912897 0.0100503548644129 0.0114645852091553
0.206536645148308 0.0202222810796319 0.0212136216935273 0.00314978892156903 0.0090381218508386 0.0130012470176826 0.0023355614799813 0 0.000198270705598489 1.39283304845403 4.20328780418224 0.117997403542402 0.733481232770793 1.88545678980977 0 0 0.603062167744325 0.0575650251028674 0.0656652570244885
1.04889871951809 0.102699086232033 0.107733620901532 0.015996239138162 0.0459002054060951 0.0660269819875957 0.0118611757441352 0 0.00100692005077777 1.2350746110107 3.72720481860949 0.599251166267426 0.650403901065918 1.67190160646784 0 0 0 0 0
0.437685521961415 0.0428543789080795 0.0449551946433346 0.00667492689839752 0.019153284285191 0.027551806039057 0.00494944344963359 0 0.000420168620475163 1.29309932399683 3.90231164042598 0.250056134699305 0.680960354374859 1.75044877276166 0 0 0 0 0
2.00084810039504 0.195905732151221 0.205509461226672 0.0305139515355315 0.0875578710180161 0.125951113321403 0.022626027198325 0 0.00192077083645789 0.541297391440533 1.63352580296902 1.14311375862539 0.285053171598778 0.732745997900232 0 0 0 0 0
0 0 0 0 0 0 0 0 0 0.481273205229523 1.45238497626567 0 0.253443773654794 0.651492175290284 0 0 0.706198627582857 0.0674098689965454 0.0768954128958551
0 0 0 0 0 0 0 0 0 1.59445992845131 4.81175685697256 0 0.839660169768505 2.1583960127274 0 0 1.17588063338524 0.112243151368592 0.128037386775846
0 0 0 0 0 0 0 0 0 0.198151795532431 0.597981952296969 0 0.104348919222008 0.268235054240207 0 0 0.353219319702262 0.0337163896079432 0.0384607734572689
