346570909.365887 272740857.04623 31193742.592107 2241629.2455171 9650051.91409526 12543182.9291852 13563053.3041493 0 335343.316327147 3674372226.51702 4580700788.21266 106905544.269072 223429824.639263 3850190237.17427 0 0 249444711.602494 45353583.9277262 6094546342.39258
19416286982.4616 15280032481.4954 1747598087.02225 125585026.218369 540634462.663211 702719220.929929 759856433.979477 0 18787272.3633139 4732028594.31406 5899240952.0704 5989275705.05682 287743389.574271 4958455260.5678 0 0 191996838.627374 34908516.1140681 4690953851.41732
0 0 0 0 0 0 0 0 0 0 0 0 0 0 0 0 77856985.7425967 14155815.589563 1902237191.71647
43858337107.1826 34515189036.2697 3947549091.01431 283676813.20712 1221208181.39234 1587332146.00097 1716396119.64102 0 42437492.0590617 0 0 13528831394.8756 0 0 0 0 18141433.5710905 3298442.467471 443239733.992188
7685084758.0327 6047930010.09183 691709976.98341 49707318.9997506 213986416.271722 278140551.734909 300755808.993941 0 7436116.93701944 0 0 2370591837.36644 0 0 0 0 0 0 0
176950670.403555 139254842.794146 15926765.6773866 1144521.32902967 4927081.6144165 6404243.8887175 6924964.87740298 0 171218.134689989 0 0 54583368.7047805 0 0 0 0 3779465.32731052 687175.514056458 92341611.2483725
0 0 0 0 0 0 0 0 0 0 0 0 0 0 0 0 51400728.4514231 9345586.99116783 1255845912.97787
29546831003.4164 23252465204.3549 2659416055.48899 191109636.440042 822713174.633327 1069366459.32479 1156315296.63371 0 28589624.8873643 0 0 9114210005.75601 0 0 0 0 57447872.9751199 10445067.8136582 1403592490.97526
6725067797.78183 5292425605.53342 605301911.179747 43497905.4681064 187255339.731618 243395372.546098 263185543.132349 0 6507200.91296574 0 0 2074458685.76713 0 0 0 0 0 0 0
12144526961.8152 9557376578.56795 1093090151.86216 78551101.8809572 338156817.224145 439537823.72902 475276089.496826 0 11751089.9978624 22864876506.9831 28504776157.9681 3746180737.20836 1390358688.07342 23958956489.509 0 0 0 0 0
2088337687.83518 1643458799.88673 187964617.107989 13507420.0085983 58148467.044288 75581651.3404303 81727100.0298229 0 2020683.4068415 1769890346.44166 2206455308.60664 644182391.257594 107622817.003228 1854579262.15552 0 0 8314823.72008314 1511786.13092421 203151544.746419
80049302.2820113 62996387.5222401 7204982.48001137 517760.874410706 2228923.14915266 2897164.80738109 3132729.62176019 0 77456.0061778983 230799616.426152 287729146.560801 24692534.7672018 14034375.029496 241843334.078832 0 0 8314823.72008314 1511786.13092421 203151544.746419
270960443.811363 213237700.203848 24388285.6537488 1752578.87725538 7544725.41919388 9806669.63513374 10604037.5675316 0 262182.345273674 989605765.130673 1233704053.07326 83582242.300843 60175569.8482241 1036958212.36086 0 0 0 0 0
263191681.540517 207123918.513932 23689044.1306232 1702330.33002544 7328409.05450218 9525500.60546861 10300007.0388888 0 254665.261660311 383105525.461146 477603158.92437 81185838.7470036 23295734.6439708 401437051.829728 0 0 0 0 0
3356655559.07591 2641586726.55597 302121864.964831 21710931.486198 93463991.1413389 121484935.896065 131362722.72452 0 3247912.55275296 12259227384.245 15283114796.2166 1035416071.4856 745454422.093518 12845829077.8182 0 0 0 0 0
5540.61384657426 4360.29605555122 498.692987384685 35.8368279072309 154.274954447921 200.527312418443 216.831935133535 0 5.36111881172565 1852.96115922184 2310.0165468594 1709.09422241046 112.674155296657 1941.62499749289 0 0 0 0 0
0 0 0 0 0 0 0 0 0 1047754188.67717 1306195491.92382 0 63711437.0046005 1097889026.89024 0 0 249444711.602494 45353583.9277262 6094546342.39258
0 0 0 0 0 0 0 0 0 2347331670.13804 2926329552.02533 0 142735648.73047 2459651043.12319 0 0 16629647.4401663 3023572.26184842 406303089.492839
0 0 0 0 0 0 0 0 0 45780616.5540409 57072961.9662787 0 2783810.26688813 47971210.3297902 0 0 77856985.7425967 14155815.589563 1902237191.71647
