3.19533018166387 0.504442415701464 0.209860815793971 0.0318178356280521 0.0761217831403688 0.165419997180846 0.0455481178417578 0 0.0036613813995979 9.99724943703275 4.8188048146987 3.19386279170367 1.2483131043882 6.06763264388035 0 0 1.24873843447953 0.648252192762597 18.8449440527043
34.9260668260845 5.51373051267168 2.29385148322298 0.347779975848399 0.832037483993854 1.80809792648736 0.497856721246639 0 0.0400201682354938 14.1800855922344 6.83498647853884 34.9100277450205 1.77060568285534 8.60632224637141 0 0 1.09802461515093 0.57001277835704 16.5704937636807
4.89945421009903 0.773470150766739 0.321783164499508 0.0487868294859356 0.116718827064413 0.253641300130128 0.0698397051429855 0 0.00561405848321351 0 0 4.89720423607142 0 0 0 0 0.145300555212791 0.0754292499738534 2.19275771306998
9.88743836588408 1.56091640325844 0.649380741146618 0.0984552051970978 0.235546687294041 0.511865733311683 0.140941368258819 0 0.0113295593457787 0 0 9.882897762264 0 0 0 0 0.0614815778264561 0.0319166660847723 0.927829930128209
0.323846328074855 0.0511251779198177 0.0212693683399822 0.00322473379889287 0.00771493352955537 0.0167652967397799 0.00461629624331752 0 0.000371080562736688 0 0 0.323697608279576 0 0 0 0 0.00285179334677627 0.00148043916909151 0.0430369439956196
0.903600102112446 0.142650115144076 0.0593460593427904 0.00899769284798417 0.0215263046721519 0.0467787420535736 0.0128804479014468 0 0.0010353936583876 0 0 0.903185142267143 0 0 0 0 0 0 0
0.154046751718335 0.0243191504945811 0.0101173822885456 0.00153393669716382 0.00366982839365766 0.00797489204126512 0.00219587310277684 0 0.000176515063966344 0 0 0.15397600890178 0 0 0 0 0.00252792734730741 0.00131231201089729 0.0381494219397235
0.330626268769179 0.0521955179058961 0.0217146568717623 0.00329224576989914 0.00787645085199033 0.0171162895032124 0.00471294151005 0 0.000378849383902973 0 0 0.330474435424959 0 0 0 0 0.00190317584050526 0.000987987458185791 0.0287211807104573
0.86468979634356 0.13650739826606 0.0567905336076693 0.00861023939472413 0.020599351371782 0.0447643828779458 0.0123257974923623 0 0.000990808134609061 0 0 0.864292705259476 0 0 0 0 0.00544414750672079 0.00282619679310642 0.0821586429519838
5.63294683909118 0.889265631243612 0.369957015947624 0.0560906593178523 0.134192691630774 0.291613697886179 0.0802953409621291 0 0.00645453383813774 20.9069534133212 10.0774246359802 5.63036002359228 2.61056044295605 12.6890615077426 0 0 0.0917998162976285 0.0476556423402989 1.38536810785229
3.76758214004599 0.594783051524538 0.247444807431178 0.0375160945604521 0.0897544398616008 0.195045078771948 0.0537053342024135 0 0.00431709851087707 5.03385811161634 2.42638536304908 3.765851955091 0.628555992919848 3.05520053241472 0 0 0 0 0
2.09807337995252 0.331219981639293 0.137795897788308 0.0208917858698909 0.0499820293244821 0.108615783930107 0.0299071733178356 0 0.00240408546585617 2.58558900133632 1.24628767211889 2.09710988271171 0.322851265566512 1.56927206097827 0 0 0 0 0
-0.548451362786183 -0.0865832682726263 -0.0360208316117396 -0.00546126200392385 -0.0130656593614717 -0.0283929414889698 -0.00781794865707733 0 -0.00062844510711685 15.7330651496408 7.58354291053478 -0.548199497727596 1.96451949330566 9.54887244651874 0 0 0.41809096212105 0.217041756292348 6.30948849860331
-0.410292428388717 -0.0647723058193167 -0.0269469190476301 -0.00408552991513033 -0.00977432361674688 -0.0212405505812368 -0.00584854985724794 0 -0.000470135159840058 13.9510685370846 6.72459726649057 -0.41010400999189 1.74200931813797 8.46732487828686 0 0 0.816874178147255 0.424060365704859 12.3276002085256
1.38629323987655 0.218852222160588 0.0910480650543184 0.0138041604250436 0.0330254175234848 0.0717674264613217 0.0197610401001656 0 0.00158848945001022 14.6064999907777 7.04052378854587 1.38565661309107 1.82385019625415 8.86512602442234 0 0 0.122947922812893 0.0638254244110648 1.8554299786335
10.3543965986828 1.63463446229859 0.680049320011862 0.103104990806615 0.246670950300315 0.536039832751046 0.147597665857341 0 0.0118646252359235 6.11434883334878 2.94719600450757 10.3496415540555 0.763472175176155 3.71098298696749 0 0 0 0 0
1.06065440557485 0.167444063728642 0.0696609696571326 0.0105615775572767 0.0252677814365973 0.0549093329343138 0.0151191924176507 0 0.00121535493710735 5.43633187125832 2.62038297238834 1.06016732175643 0.678811142748598 3.29947401360474 0 0 0 0 0
2.12044823962387 0.334752270204765 0.139265419257748 0.0211145858832695 0.0505150616306497 0.109774114685719 0.0302261177420619 0 0.00242972378501624 18.0105878164364 8.68133858538164 2.11947446718689 2.24890385406498 10.931169744117 0 0 0 0 0
0.436697020778058 0.0689407627903442 0.0286811026795229 0.00434845641496149 0.0104033555294128 0.0226074977667485 0.00622493646437065 0 0.000500390963760752 2.23826905320084 1.07887492035575 0.436496476612821 0.279482932566147 1.35847309387726 0 0 0 0 0
