94.6302306121415 2429.07765902103 0 0 0 0 138.545879040581 2864.10712688847 0 45.1951308525586 8055.05167540359 6.70634023529594 0 0 0 0 0.470180137747324 0.0854872977722407 16.3331853888856
74.0525895330564 0 0 0 0 0 0 0.705472050109406 0 0 53.6476211642943 17.5888236692007 0 0 0 0 0.367937988969998 0.0668978161763633 12.7814828892034
54.8401540591111 0 0 0 0 0 0 3.05541535212441 0 0 40.9370453939667 13.0255242364878 0 0 0 0 0.272479006156929 0.049541637483078 9.46541498639847
63.3562077269108 1684.81952352952 4.51871609314017 0 0 0 496.513266078942 359.323950650629 0 0.0167116089190897 159.076410358637 0.481536469219244 0 0 59.0405324010623 0 0.314791904061628 0.0572348916475688 10.9352865320779
84.7572911994891 2328.44352136744 0 0 0 0 686.188094053294 0 0 0 199.487769784173 0 0 0 81.5948196512749 0 0.421125411969066 0.0765682567216484 14.6291152548813
87.2193418818006 2396.08072259669 0 0 0 0 706.12065491324 0 0 0 205.28253968254 0 0 0 83.9650060806958 0 0.433358366717901 0.0787924303123457 15.0540653999977
86.1236812703615 2365.98084781048 0 0 0 0 697.250276258463 0 0 0 202.703753967197 0 0 0 82.9102268549303 0 0.427914463074442 0.0778026296498986 14.864954290639
43.3629921809274 1191.26362796497 4.88859097156581 0 0 0 351.063236401045 386.146079423692 0 0 2133.39392160504 0 0 0 41.7450283800922 0 0.215453534297407 0.0391733698722558 7.48445592625461
36.2172917478133 994.957686096728 67.1446555925515 0 0 0 293.212230411086 6474.15871069014 0 0 1946.34487241532 0 0 0 2.74623593926078 0 0.179949378889467 0.032718068888994 6.25110745872465
42.3110192895246 1931.49708976221 0 0 0 0 1.7178413571202 2998.65994082103 0 38.8975095457421 7143.93043603612 8.63183719584484 0 0 1.53905106326044 0.190255330082154 0.210226697632352 0.0382230359331548 7.30288532087601
0 0 0 0 0 0 0 9.39169074978317 0 0 3617.71951664783 0 0 0 0 0 0 0 0
0 0 0 0 0 0 0 960.696218685929 0 0 730.21524686485 0 0 0 0 0 0 0 0
0 1266.54398135409 0 0 0 0 0 445.109655831615 0 7.62840341796576 3264.75655910137 0 0 0 0 0 0 0 0
0 1592.8402419375 0 0 0 0 0 325.86708643447 0 9.59368811881188 3994.29688402946 0 0 0 0 0 0 0 0
40.297116613058 3935.56663078431 0 3.146054112887 0 0 739.301631597289 2652.52354433649 7.46718392207954 77.5625853866119 9441.42849092613 5.92499669902569 0 0 0 1605.83752328407 0.200220412836198 0.0364037114247633 6.95528555749045
0.219100120915356 56.6952340335639 0 0 0 0 16.7079829192291 84.1261237553971 0 29.9977432531979 98.9640651300357 0 0 0 0 36.2914198527055 0.00108862172654602 0.000197931223008367 0.0378166984322937
25.3574527118937 12.2380885177086 0 8.16370266747393 0 0 179.792385681664 1493.11929625009 36.0371058843546 59.6137778939594 9911.8813380491 2.52511517547006 0 0 0 7.83377326439475 0.125991139743347 0.0229074799533358 4.37669837063803
53.7290277037328 1306.27167686308 6.0602376338194 10.9651284743194 0 18.9259580205044 439.648404083555 1485.23390991031 26.2143323345571 555.804084613763 11360.5340486044 11.6776223836026 0 0 0 857.234701154411 0.266958259357022 0.0485378653376404 9.27363448839616
399.700944847878 10267.9110373836 0.156238142632157 157.583439779742 0 130.537635762009 1748.79560062047 3307.99599832103 31.305457027447 78.8691325587247 16009.9535044098 21.9391633257578 0 0 0 12063.6412890713 1.98595569397459 0.361082853449925 68.9884151193805
4860.31262152766 12772.2865214815 908.580517864142 77.7861324536025 0.917803316569809 299.46958675779 3487.38501620575 1692.17602797774 98.6460515840934 59.9504575148962 11159.0281260828 697.648409693426 0 0 0 14567.8175725845 24.1489684966669 4.39072154484853 838.890348061419
2.82467017284409 2205.15678295506 0 109.783652140945 0 68.6973611549637 0 2098.8933749327 0 48.8220078795352 8117.62531789032 0 0 0 0 7543.31449116719 0.0140346673823723 0.00255175770588587 0.48753829824862
1466.54636446628 3999.80827561333 0 11.9607977046402 0 31.736355355329 2083.12539223115 1483.36315586801 28.3890464405826 42.179546854798 6186.6489027615 8.8077377137348 0 0 0 1671.89612643049 7.28668806149059 1.32485237481647 253.126020060133
3667.06130037281 4190.48207284114 655.571743620803 67.1346351225411 0 171.854145356919 2546.05735319874 866.746841683341 47.7386287473214 33.4603097612466 4784.88373695328 722.017660316988 0 0 0 7020.23244210447 18.2201752672887 3.31275913950704 632.935074383219
0 0 0 0 0 0 0 97.0058579089894 0 0 1231.35755258126 0 0 0 0 0 0 0 0
6988.92475743881 4963.9084296514 2344.71591830009 149.900820386834 0.918553153977619 465.63647564796 1862.24345509943 437.696820494074 145.939154288958 23.0179150079857 7531.07664974084 1109.51214845233 0 0 0 14288.4135062302 34.7251991662868 6.31367257568851 1206.28897334183
0 0 0 0 0 0 0 98.3227538397733 0 0 1248.07375699704 0 0 0 0 0 0 0 0
2.27282591005004 0 0 0 0 0 0 59.4299979960747 0 0 28.3411330461634 0.539837086248225 0 0 0 0 0.0112927717976617 0.0020532312359385 0.392289934256453
4.22645071644712 0 0 0 0 0 0 110.513505015186 0 0 294.779092935587 0.427160143734582 0 0 0 0 0.020999559730402 0.00381810176916401 0.729485732436355
198.307117066132 237.046902430003 23.7350000037907 5.35921797200442 0 8.60954833874364 0 726.566615802805 0 8.88101239486761 2082.43807829235 112.044789206481 0 0 0 1179.81688053163 0.985309525457982 0.179147186446906 34.2278243012227
7.88092232485412 0 0 0 0 0 0 206.070863545808 0 0 884.011650485437 0 0 0 0 0 0.0391571818044417 0.00711948760080758 1.36024782497713
72.0250023062676 6.63637150523674 53.8841974715531 64.2088904502951 0 29.580681199723 0 1032.46062503928 0 66.0399896130875 3324.92772440059 105.129690374315 0 0 0 1430.01654890522 0.35786371106304 0.065066129284189 12.4315211713353
183.589124141382 12.1872852233677 101.89880820243 120.783996181303 0 54.3230888442666 0 1892.24967854409 0 136.635051546392 5947.92920962199 293.422262527423 0 0 0 2945.13015832949 0.912181647654471 0.165851208664449 31.6874975426679
1748.66849471489 1369.01331829228 1094.35075800767 392.867071042739 7.72825836903565 224.667095063371 826.771529463966 1162.09901379572 25.8110926470563 59.8191582275877 12956.06513201 926.756198642034 0 0 0 10363.724906904 8.68844119263893 1.57971658047981 301.820322354971
1596.15732095247 1225.21849669272 1922.36753629797 31.8648423894212 0 0 0 3057.49221495234 0 58.5386573531467 4037.0271533504 1077.82610301027 0 0 74.8310349271158 10435.6706921113 7.93067357204074 1.44194064946195 275.496881538812
1476.38043709735 711.48963727975 1157.96259005528 58.3372628599684 3.13486406541689 23.3203985926903 173.063330511912 1126.45071555035 3.48477247055613 53.2104683457 9347.95023539988 714.875283500826 0 0 7.01596399949493 7152.04400973325 7.33554967362429 1.33373630429532 254.82338178452
2581.80375569023 2080.50274314214 2981.63462795804 85.2609730154025 0 23.9739213741708 74.0616458852868 3440.26851340979 1.99120973984648 23.7008518382908 3398.37076910934 1697.87992155976 0 0 126.659659186766 14378.0897390022 12.827960342424 2.33235642589528 445.619535180539
2324.42937903471 841.023111456017 3445.03666841338 321.824705822466 1.08238287777636 172.233748721346 527.136508420535 1268.1880846554 14.1725090935922 42.5147812585659 5004.33103563715 3385.70394144801 0 0 46.6906202120736 15337.5794346757 11.5491689975681 2.09984890864875 401.196697139561
2144.21416577431 74.747832242081 3708.59859097128 478.669217538715 0 267.971158963904 827.832242081048 0 22.2569672019428 54.1888776955037 5912.55683102862 4475.09230972952 0 0 0 15629.9400351458 10.6537509768488 1.93704563215433 370.091536885392
2755.1465702806 892.965003727782 995.406648113827 26.7430097477825 1.81786808457102 59.2653118057647 444.023441235717 0 3.3739577061769 55.084449800775 12218.0339345727 3238.3148611134 0 0 4.44000031859495 839.106447614067 13.6892321359554 2.48895129744644 475.538518873393
790.301765318731 0 650.643502544097 0 0 17.4974159970232 0 0 0 4.16644295302013 4885.15436241611 739.365683708587 0 0 0 3750.10776941334 3.92669647401069 0.713944813456489 136.406148041852
473.663352634233 301.615413710525 238.564335222801 7.25466980908401 0 2.37411600839128 42.2805129442665 0 0 38.29213885889 11537.9559534883 644.115381867761 0 0 0 1095.75120361944 2.35344560556158 0.427899201011196 81.7543326318747
113.847967894476 140.485161349314 0 0 0 0 0 0 0 15.0706056782868 1142.67145039648 197.223031828652 0 0 0 55.3489405600411 0.565665463146504 0.102848266026637 19.6501683842434
951.463356096973 2039.2606154842 279.795573178195 8.72139130750221 0 17.9876553888509 198.811297759613 0 0 108.736289515781 18410.7287588742 1389.84857632599 0 0 4.96804577382927 113.840693646328 4.72744459077549 0.859535380140999 164.222651528329
239.98225659723 3263.58137997944 752.754654504497 10.2382950579049 0 17.4262011012703 355.860345614622 0 0 74.1316306171362 11555.3877291095 972.591640011237 0 0 195.614518067519 0 1.19237678840996 0.216795779710902 41.4209567248244
106.742024411742 54.8829952688389 15.424299335526 0 0 0 0 0 0 98.7739407963787 5010.5056836592 218.596719484302 0 0 0 39.8298845361161 0.530358844279324 0.0964288807780589 18.423681969536
177.742928649269 175.218937449578 0 0 0 0 0 0 0 18.7966863425884 1936.35365534306 285.276345834331 0 0 0 69.0335011950185 0.883134217631334 0.160569857751152 30.6784437321185
0.148713712924434 0 0 0 0 0 0 0 0 0 1022.05699440964 0.163459731256263 0 0 0 0 0.000738899541673052 0.000134345371213282 0.0256679987711311
0 0 0 0 0 0 0 0 0 0 640.892607003891 0 0 0 0 0 0 0 0
44245.9858451342 16857.9800902823 11561.0543298616 185.914141854348 481.931957174715 1165.29394783224 760.698897314851 1171.08633265564 27.5969743270744 7591.78463747914 10249.6492825429 21074.6733739614 0 0 1742.75168987137 33.598095807476 219.840780106502 39.9710509284549 7636.8607034744
0 0 0 0 0 0 0 0 0 0 1573.39090909091 0 0 0 0 0 0 0 0
2.33523435333206 135.895536979102 0 0 0 0 0 0 0 0 3644.91249879092 531.520159843767 0 0 0 0 0.0116028546355574 0.0021096099337377 0.403061636569372
1.04095024336616 158.609158436358 0 0 0 0 0 0 0 0 3361.26663776945 75.1569666739049 0 0 0 0 0.00517206949246529 0.000940376271357326 0.179668095443948
0.814520930705647 124.108217632241 0 0 0 0 0 0 0 0 5392.15604091758 58.8086921871336 0 0 0 0 0.00404703191485325 0.000735823984518773 0.140586377928958
0.666290212796651 101.522364396897 0 0 0 0 0 0 0 0 5030.5407523511 48.1063832180615 0 0 0 0 0.00331053218412244 0.000601914942567717 0.115001744136207
8576.99637124888 4433.51692984911 9628.91680773061 47.8407630797762 11.9099322709482 1907.52290829906 2146.90178871768 255.767499455969 33.9665014773583 1231.30571512422 13714.4291192175 6619.15831789589 0 0 2606.09723089372 199.303817328627 42.6156980618695 7.74830873852172 1480.39026117974
0 0 0 0 0 0 0 0 0 0 3933.84615384615 0 0 0 0 0 0 0 0
0 1033.9590349418 386.242903286287 0 0 0 0 0 0 0 3878.54891901796 3938.5916949014 0 0 323.125693347678 0 0 0 0
205.950359376883 0 192.865896938618 0 0 0 0 0 0 1.64272211720227 6632.88657844991 1710.10096078968 0 0 26788.8004875275 0 1.02328576940517 0.186051958073667 35.5470485367141
655.648078554282 21.5446522971198 913.88857551929 0 0 1515.27832181191 0 0 0 10.517151993888 9967.97796959326 12069.7363749711 0 0 63342.7738040911 5.58160649793114 3.25765563387381 0.592301024340693 113.164910912937
692.286927442181 116.642101069394 469.242825450403 6.61742637224683 0 708.396335612123 0 0 0 38.2748138993319 8365.05703652815 2543.8606677472 0 0 14461.5436330686 58.7390464962382 3.43969956323527 0.625399920588231 119.488779167831
0 0 0 0 0 0 0 0 0 0 2912.477929374 404.675677774547 0 0 6258.67077794155 0 0 0 0
165.230884914213 307.194396483357 617.119753834671 5.18841433538404 1.99609824296043 349.552970341845 125.497302947588 162.751150520488 2.28870165315888 396.496376263177 24367.407577547 133.119693769398 0 0 931.562216159117 17.4433269978801 0.820966827688455 0.149266695943355 28.5188639805258
0 0 0 0 25.5907886081423 346.054673283674 0 546.518443511795 0 399.400483695252 15863.6016477461 69.4040516020115 0 0 16226.6263738403 0 0 0 0
2560.50776500619 1900.7209665356 4407.98309334445 103.020478346026 3.52244911372314 2861.41611800959 523.737793772297 381.097727359846 3.67294458396377 343.930019524104 27056.1677350397 172.831910285491 0 0 1180.22712497766 13.0249649555825 12.722148998961 2.31311799981109 441.943845481461
4.7147450107304 0 3.73610387313694 0 4.42788593326538 183.55820696568 336.165721538417 272.9245226678 0 192.958227140693 15789.816357456 36.5142100905999 0 0 3442.88283296109 0 0.0234257006904547 0.0042592183073554 0.81376536676962
0 0 0 0 0 129.933145745921 434.221377152614 205.201276144714 0 149.962896806269 16105.1575851214 25.9064920865196 0 0 177.757003129923 0 0 0 0
7011.10205405803 2.77653534683902 130.452209033302 28.8235914559997 0 17780.311398874 0 270.772449482397 0 688.53163388743 21811.9027497477 775.498386800773 0 0 12112.3201041964 0 34.8353893699018 6.33370715816396 1210.11677651596
7316.59933976274 12953.7773208476 5496.24302184923 225.436095660929 3.80282168580417 5017.5363500221 5931.01718689943 919.832305117775 7.67205809270618 1073.41981443611 17211.9000141086 104.653775143603 0 0 715.7813447178 217.512867191388 36.3532843908154 6.60968807105734 1262.84563251619
0 0 0 0 0 0 0 0 0 0 0 0 0 0 0 0 0 0 0
7656.11796295462 0 326.311230884449 0 0 19824.6191107045 0 554.997670527933 0 599.931941299404 13695.0787883143 1114.66312971979 0 0 8807.19665448559 0 38.0402179636018 6.91640326610942 1321.44657409374
2309.07090389602 1919.5537596385 2425.04163261119 74.4504042570215 24.8599976078775 2741.80041953363 573.830399822216 649.613874058855 33.7273171589708 831.750688214736 7119.20182482606 99.92837777352 0 0 1430.42587336567 1258.73065289954 11.4728588173056 2.0859743304192 398.545823099542
8656.35331273509 0 432.849377671269 0 0 22807.5436250738 0 736.200208757414 0 538.021585483622 10553.7864560209 1248.15919544933 0 0 6629.82221475922 0 43.0099912749138 7.8199984136207 1494.08727564123
8039.20555422521 0 401.989728861739 0 0 21181.4981164388 0 683.713406031753 0 499.663768569811 9801.36272517076 1159.17268786283 0 0 6157.15436360552 0 39.9436284833452 7.26247790606276 1387.56752305401
3326.23245657827 641.928615981068 1364.82900620762 54.9475996329406 1.26468831458856 3858.18493471627 220.576857557398 365.357864936297 1.57837937216427 257.952043562679 16477.6251598213 14.9675761684885 0 0 127.780579293335 58.3688463029106 16.5267317272386 3.00486031404339 574.107988624627
8895.38688772894 0 0 0 0 22999.221233574 0 415.641900023667 0 303.754755002854 3796.51551526742 52.4744475087735 0 0 5884.74321067693 0 44.1976544401606 8.03593717093828 1535.34448984527
3746.39296005047 1486.01565603891 138.736344633865 13.3266760617934 0 24595.0750717857 12.8847308615106 620.31734370193 0.241883981854035 249.626259918018 8309.60226373803 9.08530520001035 0 0 0.0498859855895747 0 18.6143428650392 3.38442597546168 646.627725202533
9.59706536271962 0 0 0 0 24.8134265834739 0 36.0365192849236 0 0.327715283752379 7886.68429421461 0.0566136930265516 0 0 6.34893860699811 0 0.0476840168836556 0.00866982125157375 1.65645425087277
3224.99894668979 394.866325500514 1596.61884104071 180.516415469789 1.63333167987047 4134.55118753602 417.041041915554 285.303742649019 1.33939131476684 168.262738874912 4875.42265115364 10.0169697586355 0 0 0 1070.64450303926 16.0237425099863 2.91340772908842 556.635076703351
1418.81885380459 0 1608.19224990164 0 0 55609.288031569 3265.5123266448 1543.19278587312 0 157.989228007181 2210.86175942549 0 0 0 0 0 7.04954896342342 1.28173617516789 244.888247894254
87.3867318059786 0 547.939939246787 0 0 14473.1383816976 201.126767615486 395.315026826224 0 9.73074346952445 685.433915967263 0 0 0 0 0 0.434190060956607 0.0789436474466558 15.0829569143282
1076.24390842002 810.01608185769 571.801134904959 0.0583058461073382 0 18091.8751860458 1116.73117264426 657.332076438151 0 171.294401685574 2049.17082850402 0 0 0 0 0 5.34742973611352 0.97225995202064 185.759784861263
80.0222408167453 0 161.950087371198 0 0 4735.87885267209 498.029568808055 150.987769951759 0 8.91068794028276 330.258484854395 0 0 0 0 0 0.39759882192699 0.0722906948958163 13.8118451792746
0 0 0.699100181862404 0 0 17.2062984654255 0 7.80524705602508 0 0 51.5863909569306 0 0 0 0 0 0 0 0
5518.57645260427 1911.30261452073 301.306618115675 47.704284107161 0 47640.0679734522 773.883341170032 426.871336473979 0 621.797250460033 5470.26610102544 119.881641160068 0 0 0 69.4679486143617 27.4196207688593 4.98538559433805 952.506738069381
0 0 0 0 0 0 0 8.39933551309101 0 0 58.0715542417366 0 0 0 0 0 0 0 0
783.348419027783 260.087036083937 37.2824692956824 0 0 4968.46794953485 126.442824858757 81.443045583513 0 21.4978531073446 753.934531073446 31.3972575551558 0 0 0 0 3.89214805015359 0.707663281846108 135.205999914679
2323.96823874532 778.376419584536 111.577245066064 0 0 13768.6093330172 378.412222222222 231.474623786212 0 64.3377777777778 2231.03222222222 93.9642563063721 0 0 0 0 11.5468777741041 2.09943232256438 401.117104288649
4818.24583821502 1613.79526694939 231.331301226951 0 0 28546.2354909958 784.555952380952 479.912601263621 0 133.390476190476 4625.5630952381 194.814575922766 0 0 0 0 23.9399553108744 4.35271914743172 831.629617889732
71.5954827032068 3964.55108960829 107.698045262169 8.88611307210085 192.826390681375 238.517724342804 178.968305030468 1162.35176015223 0.676749102596083 3673.87381185581 910.625393345065 0.555857812731757 0 0 0 12.186699350064 0.355729598266041 0.0646781087756439 12.3573860534182
43109.1717844489 6841.39160708151 42493.2592241931 331.166138065111 6545.927066278 0.0429314010873551 12.1989385871798 4456.68187608016 8.83322039385314 6330.3629540605 4372.37822985611 32324.9790038917 0 0 0 0 214.192401272502 38.9440729586367 7440.64650547707
0.00624880751005734 0 15171.8401457141 10.3612423213762 10846.135338984 0 0 0 0 6669.73136422791 1874.2542524074 0 0 0 0 0 3.10478496864014e-05 5.64506357934571e-06 0.00107854467711856
0 0 0 0 0 0 0 4.75746219746175 0 17.8241865054713 66.4261369915385 0 0 0 0 0 0 0 0
2.33446722943822 13.2357227450704 3.02103923530956 12.0771701851015 6.14717048983642 0 0 9.42930422255465 0 430.925434130335 1059.83684844585 3.52792209953138 0 0 0 0 0.0115990431007472 0.00210891692740858 0.402929230923805
50.4916479282228 289.285741126501 13.4482841614859 49.7428215391853 22.0222918493442 0 0 51.1291333136008 0.189511573938979 1663.52939578231 3475.60514314322 31.7736681004814 0 0 0 0 0.250873001412037 0.0456132729840068 8.71486247964604
581.280538766998 3529.29907018302 99.5344743017149 82.9296736829638 38.1839480582456 0 38.7419300558263 1551.45188293792 2.28594608226373 3591.46166501892 7560.89680652864 266.02524922137 0 0 0 0 2.88815278182614 0.525118687604753 100.329067584609
387.247403721181 2961.28201688716 27.6221604479357 67.4632372085887 15.1290232910695 0 23.8078361451162 683.711121000473 2.47086273565962 1522.82993657929 3847.27091874685 133.730280171238 0 0 0 0 1.92407898032278 0.349832541876869 66.8389329226801
30.5291535004357 152.115993749251 -226.099983841566 13.8275850353377 9.23525671214282 0 0 283.873423906214 2.94096371483162 303.311320634341 1722.89847176623 5.34172464612588 0 0 0 0 0.15168727271708 0.0275795041303781 5.2693343412859
52.1629214217918 349.390534502936 -391.990146928715 33.6355576397046 13.6065098059116 0 0 320.102568010654 5.09315009951027 345.174943956182 2774.74706010839 6.31091860676402 0 0 0 0 0.259176897496159 0.047123072272029 9.00332441859952
77.2996752739554 407.683074366412 -1195.94566791876 130.579844485336 32.0395420326313 0 0 148.509181980336 2.92453647849529 349.191959005896 2150.32421189179 2.99249615674892 0 0 0 0 0.384071472012967 0.0698311767296304 13.3419301483577
17.6964546289956 116.268893056683 -677.848057579909 224.721575812237 72.8520904972283 0 0 332.635900400343 0.922892384971188 430.368597389841 1075.77400741318 3.46606795743093 0 0 0 0 0.0879266743965102 0.0159866680720928 3.05440948745087
34.1227940532158 567.23797906583 -848.72627431451 72.9156880762561 51.3237073131929 0 0 510.804619624909 0.951034219759958 786.574858924149 1709.22367468685 3.58695627077628 0 0 0 0 0.16954264936776 0.0308259362486836 5.88959698874946
53.4135666462956 610.967907299197 17.2309748382067 51.9266689791063 31.6794717306675 0 0.46619736839933 850.924038715005 3.56917105092743 577.843300337026 4234.2450012699 13.4455498489074 0 0 0 0 0.265390858300507 0.0482528833273649 9.21918588459624
150.588048242327 1377.50836509029 35.3376662971112 125.187342891297 89.1128806343172 0 0 1921.25187508255 10.2636042659282 1011.18040309436 10360.5023569668 38.713692821313 0 0 0 0 0.748212371539897 0.136038613007254 25.9915091972395
14.4743710567959 339.286150400829 -12.9775973360663 106.648718954787 1.4388855600313 0 5.46664331814055 473.212482164787 0.208886032175366 1470.77175400201 2141.07096103316 0 0 0 0 0 0.0719174172277353 0.0130758940414064 2.49827760461819
52.0650007115015 219.55436280419 -937.562609997472 91.4288778947147 24.8711360657479 0 0.81054940363206 122.415915334631 1.08267115154618 789.88054652187 672.82052239779 0.723334552266208 0 0 0 0 0.258690368268081 0.0470346124123783 8.98642329615443
1076.13915594048 2129.2098082789 -213.30927087954 272.263277264672 363.339957659409 0 13.8347363711317 47.2582054637742 6.53976246154875 4371.51739327568 1801.72012829382 23.9942419282159 0 0 0 0 5.34690926252973 0.972165320459952 185.741704574897
952.654340711042 2006.91152430882 -337.295185941235 252.042789544385 334.259089970376 0 12.1783195001226 139.400959613072 5.59962324975491 4017.30837785363 1743.73423109684 21.1214392906534 0 0 0 0 4.73336212163509 0.860611294842744 164.428215568183
223.949752673003 818.195927473171 -283.107530872266 88.6094306407632 69.7609179756025 3.50781966959183e-06 2.05588133347326 214.978024796902 1.35165899719747 1198.58149637793 996.352877655854 3.56586062145499 0 0 0 0 1.1127176260602 0.20231229564731 38.6537452623932
1384.00811983266 2654.10288870986 133.552425745186 322.061307809453 458.686723436859 0 17.8978344324529 0 8.22947121786533 5404.41938082633 2144.23408907814 31.0410663306554 0 0 0 0 6.87658821305719 1.2502887660104 238.879912420392
2804.3680360431 22307.2013061673 -648.447582370342 252.658620373201 354.317046896381 3.30229807282485 20.4889264790148 1497.49292061379 30.2813095024951 4646.33568061706 2032.49800883228 268.768475761144 0 0 0 0 13.9337941052398 2.53341711004359 484.034147809421
2899.78970365504 13632.7125203871 -512.739516038784 176.100641510282 74.0825058078068 0.631995588039643 34.2461529889117 1311.53858099025 30.088538527345 2182.95698508157 1819.14779204589 336.291302942788 0 0 0 0 14.4079065799916 2.6196193781803 500.503935287911
11764.3041374542 39285.5154450183 676.509055029432 180.686436320291 17.8588040293418 0.606895414436901 115.702050046014 4157.50352412554 74.2459412722958 5409.75098501457 2213.0174387482 1789.61092625661 0 0 0 0 58.4521680235651 10.6276669133755 2030.51983711027
31471.4174179254 88299.9141561371 2493.9281503583 379.217684884458 104.290120644948 5.72153904662948 141.277756492831 11981.3761764312 41.1922415235547 17227.7486017551 2600.3762021525 6965.04157110243 0 0 0 0 156.36900894084 28.4307288983345 5431.96916897322
56510.5063920085 249071.083290597 6765.73839414452 976.727750540192 176.99786656414 39.5229001767563 1189.57355702569 19116.7849890492 25.9618682207159 36215.25999444 2799.48961261539 19241.3182871182 0 0 0 0 280.778325358498 51.0506046106361 9753.7179329462
45088.7641948289 141946.598601025 5328.85797386897 939.303479925898 162.284654038586 12.8392453738062 994.450670030113 16376.3409438406 47.473963569881 20074.6570792197 3678.46806564018 14561.6848055739 0 0 0 0 224.028211945002 40.7324021718186 7782.32431418589
39337.1312076655 253326.908622651 19583.885283999 2639.92322080492 236.856416613021 15.2902502876642 1518.98320506025 21826.3044214637 84.3793232590764 33141.4687649232 3426.76500215767 9999.08296354712 0 0 0 0 195.450625557618 35.5364773741123 6789.5919995706
57415.3486319155 363260.962866554 19097.2691753882 1566.37787970986 176.076834232423 19.4294691216591 1777.53634860637 25243.1209920225 32.7392100655142 47918.0842414506 5808.78788655865 23506.8925671588 0 0 0 0 285.27412808715 51.8680232885728 9909.89377608314
38913.1243979141 157885.06442869 11655.9837282706 1457.94269785871 213.338802424897 5.19137313343158 719.307568085079 8511.12272335949 25.620356282469 25054.6054459384 3521.28930242857 18691.862906046 0 0 0 0 193.34390364724 35.153437026771 6716.40839022061
46992.4635925208 22325.1008190321 11176.8865764921 114.870289953092 33.9500447716326 0 241.93480250916 3498.54534823767 6.23544792130812 8662.06207928888 876.774666730607 23139.8407024706 0 0 0 0 233.486940294772 42.4521709626858 8110.90298282144
113191.709786658 15093.6243523241 3568.24624304986 51.2198177510278 20.2738104235272 0 61.8402823926853 0.355895758938057 16.0428901030918 5035.60169504678 1293.47485878589 48261.3397178446 0 0 0 0 562.404776518823 102.255413912513 19536.8981822308
102621.77699308 53480.8663603799 4113.88194438305 116.934988457908 28.3103297904879 12.5372229566359 303.532648244129 6115.17482625882 47.0770204684664 17971.1473628945 1785.47198655296 40579.8982775376 0 0 0 0 509.886966673952 92.7067212134458 17712.5269348101
75860.4582359573 57822.4676683056 3456.02359559961 85.2045209049852 74.2136889130477 0 287.816714813451 5829.56248926065 117.198170161045 9308.65507823094 2866.9515136704 17970.487955214 0 0 0 0 376.920572550958 68.5310131910832 13093.5211722366
64487.6855695245 68454.395132042 7341.06013884649 117.876653751003 22.4219801997739 25.4899605303882 141.037638907437 5332.11913871072 111.220472529261 12350.514502865 2851.4459507623 28438.780179484 0 0 0 0 320.413769341431 58.2570489711693 11130.5796984084
60771.5515209892 158738.016393268 5656.23502444206 113.229262951227 40.0270812425079 21.2933663998728 41.9473851584392 0 87.5656880218198 15086.6032588009 6619.00745892695 19960.9145838567 0 0 0 0 301.949771023713 54.8999583679479 10489.1746637588
68411.3688548845 92136.35746202 15683.0882354874 277.394911552027 32.7941828854628 32.8745101066354 173.848838057891 11750.3643805674 93.485029688028 16732.1418531472 2675.2508433749 33968.5642394023 0 0 0 0 339.90899761736 61.801635930429 11807.8077479703
15206.2422727079 82597.1669981858 4171.59736681836 111.660640699363 1.21547359829443 0.614545249405254 57.6136864656054 4834.83864803553 87.0823996698903 9797.94292099484 2039.01439997245 5884.37683837225 0 0 0 0 75.5537954430774 13.7370537169232 2624.59863514884
16520.2190817947 62112.6843881092 1798.30163448669 284.709485265788 36.4866672262419 0.0104706636577651 174.86050375259 2844.81680914488 61.9354771202292 16069.8189361554 3868.43711631108 2124.8469036372 0 0 0 0 82.0824258088367 14.9240774197885 2851.39113772104
18979.340253907 37904.6472246741 2907.41964747947 171.435490067726 9.56576924589603 0 99.7345923605428 2029.49689925555 193.896191885552 10406.506922831 2069.58351147393 3161.58639346092 0 0 0 0 94.3008249817197 17.1456045421309 3275.83564914222
3581.11052223737 19255.9629609527 528.449026729979 137.726772476875 12.3947231908384 0.671939026060423 68.4894882471463 1299.7209286204 102.606835065375 6372.79192385167 1950.51381789141 188.708430291316 0 0 0 0 17.7931198914136 3.23511270752975 618.099963187526
2353.80664280065 4071.47996411744 283.210725592494 179.76830336192 12.9492865942154 0 27.7820883783332 1124.15695883981 104.416360372171 3646.87746019069 1411.98476709256 162.311631683972 0 0 0 0 11.6951329863988 2.12638781570886 406.267215220342
3334.31258082274 8084.61535928886 569.188367631639 292.669309733756 64.0385947351323 2.48552029060964 30.7953027606151 2481.30960311757 121.102498486151 9403.89199788789 1483.01293476807 306.538588044602 0 0 0 0 16.5668786644881 3.01215975717965 575.502618716898
137.753405113049 1282.44614850677 45.5376558699759 122.513298403743 81.0074863087515 0 0.524245848205939 1788.66577507101 9.31426060503228 1050.41260475648 9600.00868619037 35.1328261084574 0 0 0 0 0.684442112972154 0.124444020540392 23.7762487643458
72.1061965907563 820.808653836053 112.25010035245 117.636123336096 38.9880215500893 0 3.78267281489906 1144.80623510634 4.37643693084841 1389.11266068038 5845.06335334495 16.5076546798634 0 0 0 0 0.358267133305787 0.0651394787828703 12.4455353113463
575.977655115819 4364.99124092324 162.363749012632 59.6147448094705 94.8272132243776 0 17.0924211680012 1471.15839972781 5.8191684515237 5555.3099001556 1919.50511540456 29.6441997622563 0 0 0 0 2.86180485316275 0.520328155120499 99.4137894413548
1464.33237513006 4941.91838458748 763.819400180087 158.071479186042 92.8376021662821 0.845418084962194 20.8312838962473 1413.66196160281 32.3217257739144 6625.84702588413 1634.44042315541 752.070472019435 0 0 0 0 7.27568762532617 1.32285229551385 252.743885323236
5167.49041526167 9178.27737238544 3126.53423918677 478.877138734334 120.977831857947 6.10218677374246 39.1159797590006 628.95053599476 21.0397433036069 7652.47582033648 2126.625483687 3627.74939910785 0 0 0 0 25.6752132964154 4.66822059934825 891.909259882213
3367.97370402394 9289.10950940471 1392.14842753925 248.230657908373 68.8775428780598 0.539275280267731 24.2026623232399 2223.15572436549 31.4919011463239 7557.88903317629 1277.16955155051 2230.66328129754 0 0 0 0 16.7341274542362 3.04256862804295 581.312531279584
3939.81488506322 11688.9433548606 1813.23145075402 282.996225771101 71.1541958340402 0 22.6744581885152 2860.78954291605 31.3664693251458 7885.30706801998 1678.86669746844 1917.44217376927 0 0 0 0 19.5753798059571 3.55915996471948 680.012364963762
2003.3152762597 6046.79954697087 -49.7058068303648 99.2351240190936 48.9289654517797 0.601604679215761 9.26279248708135 1141.18534258406 14.3646494344008 4837.33349774911 883.294066383467 410.727272295108 0 0 0 0 9.95368019764979 1.80976003593632 345.772377261206
14115.7973723769 25260.4389860752 5307.30970399753 352.441336876511 25.2571453119102 3.00900333225863 51.8343920552717 2237.40581428833 24.6304770491026 11942.294239449 2096.99787852632 5559.69041178377 0 0 0 0 70.1358066024404 12.7519648368073 2436.38775794545
93386.6389165544 20661.6337667616 20124.7023387565 294.173606326813 42.9562534766257 0 38.1426038173943 695.40966642504 85.6889525636263 8959.88087102301 1074.37349193472 39395.6624968991 0 0 0 0 464.001223134624 84.3638587517498 16118.5413625453
62957.3577682799 39792.5333766231 17335.7884645925 353.001167628747 79.1469583869766 6.21962434697206 465.76822748462 10580.5526774457 71.9836739181574 13235.0539810332 1985.6078684503 35051.2963486073 0 0 0 0 312.810176581134 56.8745775602062 10866.4449972478
106058.84926386 138375.422565826 48856.5679944255 623.241235213124 145.213457982159 47.0791001075624 18.7809740563333 21289.7602132071 229.544060965258 12543.8092326356 1358.03391488431 34374.8222583564 0 0 0 0 526.964417540015 95.8117122800027 18305.7658842505
98148.8878536528 158753.277794499 50066.6393185679 467.86848197412 85.8428718337608 30.8701995332813 29.1001861817012 14800.5262657843 141.94669958089 16160.378580876 2101.35504318446 41247.9772916907 0 0 0 0 487.66295202134 88.6659912766073 16940.5059108138
65869.8938674801 50660.1018091355 22291.782683641 346.346747325891 31.1367084024056 4.19436444731526 97.3009893675666 6841.71453190449 63.1810770110504 15397.3433056628 4347.89502359014 47848.7470755578 0 0 0 0 327.281414952398 59.5057118095269 11369.1489614285
38403.9281860976 16703.8074415955 7018.89997595485 195.422476702806 13.339773008233 0 76.2810306437967 6565.56949237864 47.4258639756839 6731.39081434165 4394.04131282729 33740.1769298097 0 0 0 0 190.813909337139 34.693438061298 6628.52108324568
17665.2564504694 13380.8237792711 2641.38793990856 75.6042730506582 11.1196636915528 0.741257030865905 5.3659432796128 995.203644323683 18.0062620673948 3793.24423824709 2029.19894947323 13174.0497343097 0 0 0 0 87.7716630034064 15.9584841824375 3049.0246793365
16119.8614189725 13130.7958302599 2053.94369560627 65.8208849976377 9.92761546511596 0 0 0.0784534062375502 17.4417669212388 2347.67289202594 872.760044088346 12712.4905250206 0 0 0 0 80.0932071433399 14.5624012987891 2782.28937302665
3746.93488837302 1380.39629748001 900.611260541405 16.7392775634584 4.63966405694148 0.933986312073503 0 723.786160168195 0.154984375758454 1762.26128868041 776.690935915273 2522.77788374985 0 0 0 0 18.6170354922441 3.38491554404438 646.721262074445
21075.7260169698 12686.8870649096 8317.81291772992 97.8841034026147 53.7167615211013 10.5904690503599 1.94627847128399 6206.06017708794 10.1762012490466 9198.7878933298 2059.79184994808 12322.8783588711 0 0 0 0 104.716935567864 19.0394428305207 3637.67199988584
56658.3468078001 10024.3207778182 17415.4809959953 140.551366968923 61.0941438516126 5.56288381511223 127.849791494366 2495.83077986358 59.7087665984683 6306.26309693761 1052.90799655093 36982.3683043268 0 0 0 0 281.512885832586 51.1841610604702 9779.2352005622
64578.7747246134 45993.8814829964 24215.5970620807 85.8213246216401 81.5821894582738 51.8829810585822 169.757871926755 14737.7411591644 20.3506177559036 9001.10439257875 2162.73670858671 44756.0243494881 0 0 0 0 320.866355277341 58.339337323153 11146.3016938781
77553.9765460417 13638.1155730758 19911.4797513064 102.068940184093 43.5930121790965 2.55681353161765 140.032597312292 1189.28178962453 60.5560110527065 3880.22546401604 561.192915649538 54996.320256536 0 0 0 0 385.334994318317 70.0609080578759 13385.8225683037
101667.186426073 41384.7520172887 23373.7937993252 202.34029365721 31.0499362198258 15.9871240411636 371.063878036005 1595.57764208095 11.2369230333031 9142.45319925609 1849.53946394342 101949.918007703 0 0 0 0 505.143984210695 91.8443607655808 17547.7645264281
104380.018669931 17431.8556682092 18864.2620144752 281.060717818332 38.6028060168022 0 119.099590810698 300.484209631867 2.63127656194249 7653.44612417513 476.192203878035 105146.785485971 0 0 0 0 518.62297321718 94.2950860394873 18015.9995891691
136283.031315775 12966.2217932294 17173.0235368213 300.207453808743 78.7824209891414 0.145234333750851 343.254597482121 333.019770391479 12.8807114143218 6088.04031409799 1182.62947930943 101347.456588435 0 0 0 0 677.136407912891 123.115710529617 23522.4621290763
109686.837100235 32695.875673871 12371.8724545968 547.528633070087 64.8627900980697 1.11600665829116 220.243061023705 296.805213670337 23.6223819042841 8820.42482760693 2908.77114891539 71936.8297381674 0 0 0 0 544.990452239684 99.089173134488 18931.9568756156
35381.2113187504 25711.9714639473 1881.80465824201 292.429226754272 27.9870497090804 0.444194819336773 208.77553886666 9.45765347194516 7.7569838136381 9331.95773731891 6602.70570954884 38457.0818348469 0 0 0 0 175.795226365884 31.9627684301608 6106.7999096511
8308.60086364278 14094.3151485903 768.788357090802 537.394593339881 4.86602345990528 0 363.366512201635 4.62390072951694 3.69988029446489 5146.89946727845 5344.34044395184 5404.90462920465 0 0 0 0 41.2821470822229 7.50584492404052 1434.06517505327
24268.7648436173 22454.9665008909 883.553207003121 1064.22873000785 27.5965370426647 0 399.879631325793 84.8892779209092 0.141967053306114 6350.66673467707 12255.6495668953 20427.4674024884 0 0 0 0 120.581880899119 21.9239783452943 4188.79075730808
25298.2723129372 19166.4809285162 710.525279504236 822.82387146245 34.4092703863786 0 167.470898437856 112.633459292918 3.04951406228872 4219.5708649186 13390.9309269141 23343.4400506718 0 0 0 0 125.697095779242 22.8540174144077 4366.48382903444
16369.2338087534 51627.3496724176 761.687436229868 632.918892080251 36.6186554798571 0 748.892456522368 3069.27919838417 80.6762397503145 3321.84512133393 21888.302943666 6775.5065836768 0 0 0 0 81.3322397845909 14.7876799608347 2825.33106749165
8810.88507586004 110608.154734299 792.170243768723 719.627791362777 21.8805105620176 0.129279797471327 158.950651988788 2946.42209876211 9.66837350559513 4755.08928652084 17697.1943560977 1614.86449069153 0 0 0 0 43.777798403803 7.95959970978236 1520.75947034333
11927.9336842378 128220.64439679 1140.11212330253 838.294676610611 27.381232698592 0.0818785780819133 63.1242920071253 0 21.0074250329933 4636.08601802782 16339.5005333107 2410.97470131057 0 0 0 0 59.2651784362903 10.7754869884164 2058.7623100011
30488.2254491884 208217.642868693 6357.07223249908 1094.16411041015 92.7063064523217 17.609344544882 326.448560049083 0 34.4497565283965 12763.8227887978 15718.8919648509 7724.02089107327 0 0 0 0 151.483917439927 27.542530443623 5262.27015635997
61910.7310544339 79178.7701532841 9253.16775469768 586.50138042179 86.8611802528694 5.95296365319819 305.505752937347 0 52.3912205825597 10803.9578626548 10445.9359821976 15731.223832138 0 0 0 0 307.609902955012 55.9290732645476 10685.797142544
30419.8172238292 159592.97266395 5729.05998651253 1032.98140556834 67.2851623184689 12.3832360860951 240.755445098322 2172.34337499933 43.4902058627619 10049.5022065943 12704.5434575254 8219.57772232769 0 0 0 0 151.144024061094 27.4807316474717 5250.4628911796
35868.0226704839 84083.733122732 4188.35919703713 587.016058688684 81.4093118462868 20.1245537540232 185.008234116506 467.22870224107 106.749236239875 7936.45768624727 6484.13908507968 15555.2182647733 0 0 0 0 178.213999171724 32.4025453039499 6190.82358798139
26784.4696083353 123504.834615834 3529.20803373536 917.878278511579 289.842978691878 8.37089831536612 173.832065760027 3990.58665308473 150.843828756057 14453.5747648976 12267.7411669514 11091.2621179447 0 0 0 0 133.08142153381 24.1966220970564 4623.00160134854
5692.69800370638 59164.6707023245 281.669102095799 138.750958607419 39.9511169955814 10.5106537489822 87.0837923825895 2840.4082580033 31.402159409742 4956.57853562738 15698.1804150256 1506.98930362534 0 0 0 0 28.2847617957 5.14268396285455 982.560131746582
10291.6809900432 104137.315747922 788.118113218017 283.960070537475 85.405624499089 30.3671993616901 205.2344239283 8206.4585038518 90.7258923565596 7153.52017833093 25134.0992894627 2079.72944767192 0 0 0 0 51.1352868343235 9.29732487896791 1776.34496382679
4896.35896477688 69873.9355980645 162.891958198353 184.10405006839 35.0899471918719 2.19854836780859 80.7827498922015 1600.42603188916 9.11809052846098 6674.25781326535 11805.2712985968 636.332526828424 0 0 0 0 24.3280685001708 4.42328518184924 845.111949795585
10307.062910027 104292.959112665 789.296032526534 284.38447652983 85.5332715261858 30.4125860998881 205.541166771363 8218.72385566152 90.8614910423364 7164.21181122276 25171.6646497287 2082.83780596469 0 0 0 0 51.2117135027359 9.31122063686107 1778.99988444895
7462.09687368917 82887.5414691943 478.970169517597 215.92610487461 55.9599374824538 18.0922939732616 135.615106119867 4889.27734041775 57.5013986925667 6043.75668857973 22509.2053967283 1418.21484356753 0 0 0 0 37.0762040128104 6.74112800232916 1287.95851853447
5120.06105727764 72913.4333691598 190.544232187503 165.549713345979 33.3230438560909 6.51735784128298 84.8310768864817 1949.60012623952 25.146954161031 5771.18194615236 19656.4120577425 784.065323867951 0 0 0 0 25.4395556009206 4.62537374562193 883.722948892398
2750.72717560797 43002.3357501514 19.3924538629555 97.0512265408528 10.5086669119277 0 27.4239493581853 0 7.38267580668808 3687.1209600844 15530.6412226716 369.255819612659 0 0 0 0 13.6672739141219 2.48495889347671 474.775730998654
3511.10265693042 55007.391461712 24.8643205109353 123.364966287326 13.397114412885 0 35.2032106508454 0 9.10014325464556 4702.14313693434 19883.9468159525 472.760457372216 0 0 0 0 17.4452785352161 3.17186882458474 606.01660002396
2285.71754672363 31890.138576306 12.7402435045389 97.8142598445927 9.26575841544173 0 16.0772744345726 32.5685396141586 17.3187306066923 3273.22428468849 10946.5323142956 259.46726837833 0 0 0 0 11.3568252345789 2.06487731537799 394.515031779663
3707.50490507034 44845.7425018921 13.7767252405782 187.89285275823 15.9894059310673 0 14.9065556273237 0 45.8672125372566 5435.95737594825 14243.1012163699 338.572017171763 0 0 0 0 18.4211235214003 3.34929518570914 639.915643795831
5002.72761942197 47743.2350406907 4.48983359544831 200.13873498797 14.207764833246 3.15021199108898 21.3187437161013 851.316042526527 59.795599284538 5646.86476774338 10398.4611003838 229.782702348428 0 0 0 0 24.8565722179522 4.51937676690039 863.471188113468
2464.37684701302 77251.3572625005 22.7212882130314 23.2325185773724 19.3635496878693 1.77726381079446 38.3890649984441 571.89576452247 14.2159410416206 4504.98262926358 14057.612573465 306.137654689519 0 0 0 0 12.2445125399624 2.22627500726588 425.351641330319
36.2829404227646 9446.61792691426 1017.76324231728 0 0 0 13.5614486870655 6878.85305366724 0 489.415445707153 2775.3400419636 37.1132023943988 0 0 0 0 0.180275561155238 0.0327773747554979 6.26243842528341
824.47017901411 50748.6260058808 4474.40531206714 0 0 0 0.140587108410457 71.3108224874152 0 1400.22438760334 10581.0269601368 0.38474044542579 0 0 0 0 4.09646578931276 0.74481196169323 142.303618984496
782.93498310348 48124.0260416667 4240.73662060888 0 0 0 0 0 0 1327.30066276871 10030.7045455646 0 0 0 0 0 3.89009385078642 0.707289791052077 135.134640841004
63.4435226065539 4530.00070308034 748.430252147715 0 0 0 7.64580707830749 4957.79334647898 0 661.755116717813 4312.05117500157 37.9393437251992 0 0 0 0 0.315225737117644 0.0573137703850262 10.9503570873032
315.611103634708 7539.96409335727 0 0 0 0 0 3557.6239547023 0 535.051870298335 5050.334126111 0.572461555914888 0 0 0 0 1.56814657664495 0.285117559389991 54.4745017856383
444.722361701474 15297.1527691604 0 1.84716178937157 0 0 8.58316356668969 3078.75153793833 1.71617405285678 664.632086762958 5657.18503885502 4.68392248854899 0 0 0 0 2.20964928365382 0.401754415209785 76.7591152770713
1192.88898971445 1134.07726723637 53.7995769769734 45.11734039304 5.12313145994979 0 0 0 155.903089482432 520.241672254933 178.781802579943 0 0 0 0 0 5.92699294795172 1.07763508144577 205.892735242545
935.409013520008 889.291549295775 42.1871688495263 35.3789558237119 4.01732548997044 0 0 0 122.25207575467 407.949736842215 140.192516678912 0 0 0 0 0 4.64767692080945 0.8450321674199 161.451670712685
1230.36941631527 1169.70983668819 55.4899531254894 46.5349217267653 5.28409962572771 0 0 0 160.801545543785 536.587602161041 184.399105017083 0 0 0 0 0 6.11321834366307 1.11149424430238 212.361859878147
422.617203482222 20639.9602253386 481.201882395944 7.08086152978499 1.52178555447672 0.0960679751517894 2.40588400603712 763.518661602366 5.46092314136992 913.447081717263 6242.06792487386 36.6563212349222 0 0 0 0 2.09981750717793 0.381785001305079 72.9437631965558
941.051282569016 29949.9910913237 228.939087688719 15.5191915886051 0.409658928126886 0.122578004304406 21.7265593181643 210.922566918182 10.7623033125761 1159.78132077291 6907.70114773093 85.3405126447318 0 0 0 0 4.67571112110157 0.85012929474574 162.425526802808
964.342445558379 916.798507462687 43.4920735117187 36.4732734955739 4.14158665525756 0 0 0 126.03349337442 420.568159174472 144.528855750901 0 0 0 0 0 4.79143568556468 0.871170124648124 166.445583401711
807.121447069633 767.328806714613 36.4013691096128 30.5268749900026 3.46636553202863 0 0 24.1277832231017 105.485697554982 352.001078857171 120.965679499299 0 0 0 0 0 4.01026681122057 0.729139420221921 139.309226460265
579.380448154487 550.815877251501 26.130195926196 21.9132753523992 2.4882803234948 0 0 67.9528052089798 75.7213811442947 252.678879441963 86.8334621190775 0 0 0 0 0 2.87871198410069 0.523402178927397 100.001111792585
4123.99021701222 25379.4378373297 204.095949082263 127.163816890894 12.473177822873 5.53868456009127 107.48304267539 1228.08280567377 30.081206742666 4361.81673180266 9925.62062486214 880.508548527009 0 0 0 0 20.4904740880409 3.72554074328017 711.801042021014
2959.97668330046 1863.30539948135 1163.0407115663 4.66716249195058 5.12447076756744 98.0394369366427 0 0 421.350667506971 2141.03597270931 5687.98490367992 4676.73894061095 0 0 0 0 14.7069518448845 2.67399124452445 510.892212799089
703.82489620087 1688.0103110595 252.27176139982 0.96332391770446 1.05771446022911 20.235793084606 3.99061989259106 812.428054763251 113.179142625068 535.856825397218 1387.46865013039 995.296112973891 0 0 0 0 3.49702716040155 0.635823120073009 121.480233500424
90.874035414434 1245.02965116279 12.5437307436614 0.00356930568272962 0.00391904131540444 0.0749776164839123 3.80749930220144 775.147554730275 25.3299158093222 91.2639384670099 207.997880137641 32.1957719737636 0 0 0 0 0.451517091445529 0.0820940166264598 15.6848657966777
82.4365983521687 1156.95915279879 10.8422856186458 0 0 0 3.54221991919868 721.140804174588 23.265322811465 83.3820007959315 189.45914897714 26.6251648722203 0 0 0 0 0.409594808317739 0.0744717833304979 14.2285634834152
2172.3565393613 2339.22389902377 913.430897643058 0.0730375430892612 37.0619603981901 10.6088436518732 22.7723598055587 3649.21236930998 80.4043437390655 529.12667708451 1615.28295286597 2922.79753465143 0 0 0 0 10.7935792854566 1.96246896099212 374.9489128223
250.202269510175 370.389226501307 114.281847034955 0 18.8753918967641 0 21.8849117338791 2213.4232976897 10.8279814694851 320.111362316331 884.767697380545 164.49836442124 0 0 0 0 1.24315598495322 0.226028360900586 43.1849317727994
16688.9665151024 27086.6292930659 4666.72139552265 163.355681418972 1283.11141395001 47.5580895545353 313.084081263106 669.859843256705 74.000283804341 4809.24552171088 12294.4179512086 8301.79441498576 0 0 0 0 82.9208649727684 15.0765209041397 2880.51695823615
92381.4959497342 16793.1678359417 31935.4649959039 21.0974276187499 10811.2670729391 209.343515291196 140.840159222612 5223.92626399149 134.074392673535 1654.11764705882 2771.10631408527 38827.3933736064 0 0 0 0 459.007065817896 83.4558301487083 15945.0536059033
89890.2282166624 16340.3035828179 31074.2558038788 20.5284896497652 10519.7177693092 203.698112611675 137.042098360046 5083.05174353006 130.458785404299 1609.51077120714 2696.37741221786 37780.3283604615 0 0 0 0 446.628943115203 81.2052623845824 15515.0605954838
81096.7169207875 13130.0664993726 28620.4367765207 15.9746711383702 8592.12612203797 277.465190162099 106.642158812641 4862.33180002242 131.710252299634 1426.80677540778 2468.11794228356 37648.5971498954 0 0 0 0 402.937468143286 73.2613578442339 13997.2998409585
61681.0378182545 7959.18678475247 22505.4409861729 8.94806877548996 5404.86009674692 328.890357873611 59.7346488798887 4046.05891564882 117.804200397625 1053.44381393918 1921.88762423621 33118.1932476023 0 0 0 0 306.468648234107 55.7215724062013 10646.1520715681
35006.7673866714 1009.74767749349 16560.6526226088 0 2070.70589189043 341.183764975283 0 2209.03761396034 73.5437818432084 671.675727248616 792.391340293498 29463.5883176343 0 0 0 0 173.934762765355 31.6245023209737 6042.17085696014
31418.5495297041 890.761061946903 15002.032324673 0 1900.64859717994 304.494559207266 0 1948.72910802477 64.8775319561657 609.41314379452 691.59291116589 26632.1716480446 0 0 0 0 156.106329342518 28.3829689713669 5422.84416722852
7887.90182804825 0 5771.53976277281 0 1086.43116502668 51.6429177472627 0 0 0 248.082553373238 -109.077902210447 9409.98599285269 0 0 0 0 39.1918601915913 7.12579276210751 1361.45248778789
22460.3733773954 0 24953.5757721209 0 3276.02119439888 96.0128230631657 0 0 52.4319094871487 878.593404851093 -479.354511225141 32175.3003717534 0 0 0 0 111.596699914257 20.2903090753195 3876.66224528382
11488.8801600459 2207.94858231874 8165.51502898541 15.5687844319156 1149.10158352489 261.335947538147 1181.43625515461 656.765044642663 162.839784767219 1195.58956631862 8067.30859736795 7836.3054492955 0 0 0 2.12688156716658 57.0836953610868 10.3788537020158 1982.98163653257
12559.4705616515 53794.2663135609 3490.35352302044 118.403105691667 1457.4578474792 244.172484912653 2596.14921870016 662.799452497509 69.3358914463175 5441.40963338641 27389.3302546996 6678.46182030348 0 0 0 0.387723802530325 62.4030350609028 11.3460063747096 2167.76562566451
10360.9426318735 14543.5251143142 6956.45829906491 60.7182776911924 2098.00523056907 38.6896472903071 587.408918379586 1102.33076153714 27.5525954241617 2063.96351922477 27883.994052985 11545.8621095231 0 0 0 0 51.4794205016063 9.3598946366557 1788.29952875847
9060.20631129337 5425.11446897304 7136.101388737 56.8219657353114 1388.01009537657 53.4402851436125 114.99024304341 1046.46818790522 55.5086031778941 819.38634137961 13628.5683733679 10834.3667226886 0 0 0 0 45.0165768793606 8.18483215988375 1563.79233556384
3286.53256659225 7108.47122014785 2589.76534671188 17.8096799746528 247.703641093398 46.7463305032373 234.808165880502 603.971208500543 15.1554141190098 1106.07668336641 18966.4428569468 3608.41099713938 0 0 0 242.425301441733 16.3294786969815 2.96899612672391 567.255784430836
77875.2673391196 31252.8307817556 48873.2394639749 1.88813363664632 7843.08636463367 971.863623595092 7734.46725610957 7509.47808933885 134.854218192134 3338.24244795658 5440.5515804449 65070.1972432564 0 0 0 0 386.931361022373 70.3511565495223 13441.2773849425
65550.1702539112 14053.4344103835 48802.8920389267 16.5214584652466 9701.43873995353 2863.6825722481 7012.68567114075 2987.85024651857 68.4905411576457 2149.00857146849 4398.5085458399 62340.6640891562 0 0 0 0 325.692834942644 59.2168790804807 11313.9646400986
48888.5176123682 5783.19782125766 21857.1397102355 9.98133629102231 4700.88869382062 882.742528850602 1044.51550055866 2669.06303700195 91.3380596423897 1027.3587179646 2399.59172305594 32822.8948379015 0 0 0 0 242.907681789972 44.1650330527223 8438.1620586282
12021.7584315796 0 15894.6645655153 0 251.60756976836 0 0 874.950494917899 0 402.017983744425 961.846775757944 17136.6229461452 0 0 0 0 59.7313564466779 10.8602466266687 2074.95646891296
0 0 0 0 0 0 0 0 0 0 49.2845912277312 0 0 0 0 0 0 0 0
13954.8281599592 1535.30018826688 8610.15070691747 70.7154944742702 937.003926526287 0 0 966.485556349479 32.7928638474826 328.37886633228 3530.48868865104 14581.8875180023 0 0 0 0 69.3360143375581 12.6065480613742 2408.60445897943
32439.7549230813 3497.4937220254 29431.1774969221 0 4125.9492298472 167.105031322601 0 1858.54251462061 0 141.20655803234 836.138975711816 24280.2781671783 0 0 0 0 161.180294495307 29.3055080900559 5599.1042999817
5090.2141557474 77.09895824601 1758.49839260227 2.02256865222212 378.404358570797 287.140640290143 826.047702419687 0.943471554922115 26.6987788284188 922.690931853763 6006.04817358268 4042.31434852346 0 0 0 0 25.2912581680385 4.598410576007 878.571371295854
26809.8638663096 24538.5994108275 5095.00702807776 27.3205370526996 1607.85594420778 175.765043257328 738.52544925563 0 69.3006964296376 3287.10067311151 14355.9121955784 11941.2462966358 0 0 0 0 133.207595544326 24.2195628262411 4627.38465231043
17385.060989369 82006.9095356403 2195.53169650296 503.845743298368 789.197357461454 40.7950028304098 744.092127429766 1176.32615145318 100.373394398586 10816.8481279257 18348.9312113176 5628.15717903596 0 0 0 0 86.3794827282009 15.7053604960365 3000.66292029108
52189.3192333118 57005.0869068727 25893.3302053781 5.81992537661164 6680.45637842249 543.752351644983 4822.80490196429 4691.58940293499 113.785943541476 5991.47093455409 11920.7691201633 38291.7567384642 0 0 0 0 259.308057766787 47.1469195939613 9007.88068298382
70789.4471404966 10520.3344394385 51378.9979816595 11.0023080768697 4957.88789809056 1767.57711181329 8067.75889324864 7761.59142641399 34.8769992310961 1490.07170651025 3618.97290651746 70193.1485001228 0 0 0 0 351.72472678414 63.949950324389 12218.2642506854
28095.0564558339 691.88343464178 16072.1185427251 2.64790632838625 1843.69708546561 1976.18738571064 2685.20861827614 262.236561173225 94.7344582948572 291.551377597124 597.449500697601 25333.1694512576 0 0 0 0 139.593208523027 25.3805833678232 4849.20899627889
22746.1998034072 0 29201.4214304744 0 3401.88933846897 73.6893543771621 0 0 77.2877031262138 969.211911885059 -563.309697374548 35067.1306613448 0 0 0 0 113.016858223972 20.5485196770858 3925.9959093243
22446.9545537304 9293.01538461538 11810.0109818233 5.86575380221244 1553.38173070224 625.882085435478 2395.66278551469 1565.14995239514 24.6228849683625 1686.92461538462 5416.98102564103 17926.1858739712 0 0 0 0 111.530027093971 20.2781867443584 3874.34615524362
3402.69607984734 0 6208.45017701622 0 548.313070438236 0 0 0 22.8864249975243 182.179626444224 -120.718087982685 6408.03645878802 0 0 0 0 16.9066491879565 3.07393621599209 587.305616129926
14675.4823172544 0 19403.3069369586 0 307.148281346536 0 0 1068.09004603775 0 490.76080219359 1174.16810775902 20919.4194389219 0 0 0 0 72.9166594311328 13.2575744420241 2532.9894242937
10.5412610108219 841.363923801379 6.41198106892796 71.2824137033195 47.5555329978972 0 2.58798863886035 1865.60186725829 16.4863471701711 58.8923819337707 791.363410549886 5.07496556010701 0 0 0 0 0.0523753511117709 0.00952279111123107 1.81942249541867
0.113628547576946 0 0 0 0 0 0 0 0 37.6368079906492 492.944426734672 0 0 0 0 0 0.000564575250489797 0.0001026500455436 0.0196122964198499
0.122570963243978 0 0 0 0 0 0 0 0 40.7319259734843 584.272705852765 0 0 0 0 0 0.000609006572308632 0.000110728467692479 0.0211557580807724
0.0811715615070717 0 0 0 0 0 0 0 0 26.8861878453039 352.139226519337 0 0 0 0 0 0.000403309341250444 7.33289711364443e-05 0.0140102180225505
0.0952168328343654 0 0 0 0 0 0 0 0 32.1677888879269 661.410196952405 0 0 0 0 0 0.000473094731866602 8.60172239757459e-05 0.0164344329794614
0.0473889059738689 0 0 0 0 0 0 0 0 15.6964705882353 205.582994652406 0 0 0 0 0 0.000235456705477265 4.28103100867755e-05 0.00817932896961956
0.0138472040590231 0 0 0 0 0 0 0 0 6.72663672160964 904.428192065477 0 0 0 0 0 6.88012728043742e-05 1.2509322328068e-05 0.00239002853053108
4.63890276867641 433.890334373743 0.0436879889700765 0.0254138780190836 0.16588406474896 0 1.35848655829603 89.3748732016101 0.245643941088728 8.87015171463923 1040.5671946211 0 0 0 0 0 0.0230488706268974 0.00419070375034499 0.800674989711851
0 0 0 0 0 0 0 0 0 1.87780320366133 740.878718535469 0 0 0 0 0 0 0 0
0 0 0 0 0 0 0 235.178038347267 0 11.2585605375371 1246.60098203902 0 0 0 0 0 0 0 0
100.364622261642 6649.20350664821 16.0782539735881 181.934105394339 118.80734021206 0 14.4994705575011 5177.55753149152 42.8080615601763 103.788268408298 2419.15875429321 12.9956009036472 0 0 0 0 0.49867205875627 0.0906676470465946 17.3229418472383
0 0 0 0 0 0 0 1908.14657186347 0 75.7788944723618 3971.83417085427 0 0 0 0 0 0 0 0
0 0 0 0 0 0 0 2201.52522675173 0 87.4299439551641 4582.50600480384 0 0 0 0 0 0 0 0
0 0 0 0 0 0 0 2254.4165284727 0 89.5304347826087 4692.6 0 0 0 0 0 0 0 0
150.199627010171 5261.3374366054 4.12688495821728 7.41124003702497 2.70504447904394 0 0 1474.39067339959 0.192643584530906 142.305893573957 6452.25110096017 0 0 0 0 0 0.746282460270979 0.135687720049269 25.924467661435
98.7838511035151 0 6.86055036797624 12.143272530902 5.91427077780284 0 0 1067.78868959781 0 150.653478182308 4462.42624846917 0 0 0 0 0 0.49081783293364 0.0892396059879345 17.0501006186364
217.457124548032 0 15.1024235152943 26.7315061892651 13.0193377032017 0 0 0 0 238.290985755564 4930.58739262282 0 0 0 0 0 1.08045832830309 0.196446968782381 37.5331171275967
198.645971157997 49.3061816687217 13.7369045784337 24.3155170308508 11.8341753374896 0 0 242.538193170875 0.00180534316428923 226.552045306508 5008.70392724864 0 0 0 0 0 0.986993157237792 0.179453301315962 34.28631054464
0 0 0 0 0 0 0 0 0 0 0 0 0 0 0 0 0 0 0
75.3189826694005 0 5.23091242643166 9.25879000552823 4.50940971868652 0 0 0 0 82.5350499032895 1707.7703347121 0 0 0 0 0 0.374230194911343 0.0680418536202441 13.0000624460461
323.330635449417 7197.28386563877 10.5476839083948 17.7064114291926 7.91394744110485 0 0 202.625246311313 0.357556048562888 258.62097212341 6327.62072132832 5.2656216091537 0 0 0 0 1.60650187292296 0.292091249622356 55.806893595628
0 0 0 0 0 0 0 0 0 0 0 0 0 0 0 0 0 0 0
259.53401067888 2953.150997151 0 0 0 0 0 2459.75469230634 0 284.399121759311 4627.05671869653 0 0 0 0 0 1.28952171099808 0.234458492908741 44.7955910465178
202.835009093699 7045.40624618699 0.929104360378122 3.44060187880132 2.11196713686493 0 0.905358469085836 553.094987174968 3.73949234758562 188.759224788455 3937.55379464571 10.712434153354 0 0 0 0 1.00780682767795 0.183237605032354 35.0093388281209
0 0 0 0 0 0 0 0 0 0 0 0 0 0 0 0 0 0 0
264.409050385669 3008.62244897959 0 0 0 0 0 2505.95827758054 0 289.741223195365 4713.97051149851 0 0 0 0 0 1.31374385254877 0.238862518645231 45.6370232906759
251.436677961623 2879.68514774296 2.12794265987011 0.03866245235626 0.642050540366582 0.132767260387538 0 2089.55535909589 0.950759347213206 287.188381629452 7952.61595613803 2.04682015089779 0 0 0 0 1.24928927166281 0.227143503938692 43.3979907704653
0 0 0 0 0 0 0 0 0 0 0 0 0 0 0 0 0 0 0
267.862328482944 2312.73913043478 2.52265827412477 0 0 0 0 2538.68700157857 0 252.652173913043 8908.01358695652 0 0 0 0 0 1.33090182374839 0.241982149772434 46.2330593670683
85.3604136507587 2283.60074754428 0.187196878596139 0.505975642329951 0 1.43060972331114 0 847.601901941039 0 403.692535455978 3468.53088467766 5.99662603245195 0 0 0 0 0.424122088563661 0.0771131070115746 14.7332142383147
0 0 0 0 0 0 0 0 0 0 0 0 0 0 0 0 0 0 0
143.204067310206 3451.39950167222 0 1.75129979591485 0 6.01398157256886 0 2771.2033272279 0 867.959975579557 7606.85724781804 24.518051769217 0 0 0 0 0.711524294703037 0.12936805358237 24.7170334964813
143.129464078203 3449.60146923783 0 1.75038744316233 0 6.01084854380124 0 2769.75964808782 0 867.507805325987 7602.89439853076 24.5052789064152 0 0 0 0 0.711153620789713 0.129300658325402 24.7041569726575
142.29039181132 3429.37876426736 0 1.74012609292731 0 5.97561096119715 0 2753.52240077045 0 862.422187592132 7558.3237164638 24.361620854909 0 0 0 0 0.706984603008918 0.12854265509253 24.5593330321365
48.4778357790566 3609.09085887368 5.48654124152182 6.75739613322564 1.81552723357113 1.47398961005491 15.3619509356556 679.204760173338 2.11812740365344 503.011974122824 6224.30708564967 6.00922253095254 0 0 0 0 0.240867166410186 0.0437940302563975 8.36727834127979
0 0 0 0 0 0 0 0 0 0 0 0 0 0 0 0 0 0 0
0 3167.96220472441 5.53698916544548 0 0 0 39.2713536977344 0 0 275.691338582677 3215.23779527559 0 0 0 0 0 0 0 0
27.1005884355323 3895.94141920867 5.25762771688392 0 0 0 37.289969604654 0 0 309.932842462982 3391.76632413626 0 0 0 0 0 0.134652090787753 0.0244821983250461 4.67756373626173
169.714304979751 6276.01106557377 1.25173627691934 0 0 0 8.87799787905665 0 0 363.865983606557 2848.23954918033 0 0 0 0 0 0.843243166342156 0.153316939334937 29.2927026432131
72.9449727726689 8308.42909226531 0.444396853772214 0.202892659141516 0.0438851390572787 0.038093258270241 2.58261337049719 0 0.0511996261645293 461.670293373423 4287.91954107395 14.8556031141087 0 0 0 0 0.36243467995763 0.065897214537751 12.5903081475778
206.790928071426 6774.46524064171 0 0 0 0 0 0 0 367.417112299465 2584.82352941176 0 0 0 0 0 1.02746222234235 0.186811313153155 35.6921307607694
219.714981112488 7122.82796142639 0 0 0 0 0 0 0 411.960374752583 2888.64074636368 8.50335791613548 0 0 0 0 1.09167672335109 0.198486676972925 37.9228233516038
208.558753577629 6832.37915666781 0 0 0 0 0 0 0 370.558107644841 2606.92080905039 0 0 0 0 0 1.03624584713797 0.188408335843267 35.9972575848426
61.0602851612132 2023.42590007333 473.195111288565 0 0 0 0 3632.27909982815 0 352.925567180587 2423.68706347839 18.8694030163484 0 0 0 0 0.30338437412945 0.0551607952962637 10.5390101132054
97.4608574912308 3675.16198301484 35.7573985440003 0 0 0 0 274.47631705644 0 418.82102171099 2029.60510309331 3.06764942720608 0 0 0 0 0.484244401643884 0.0880444366625244 16.8217518151096
7.74795186644832 1221.20470588235 0 0 0 0 0 0 0 443.774117647059 1374.26823529412 0 0 0 0 0 0.0384965042593788 0.00699936441079615 1.33729711319784
3.698116540325 582.884018872523 0 0 0 0 0 0 0 211.814481159267 696.83663253626 0 0 0 0 0 0.0183744764552288 0.00334081390095069 0.638295211288248
0 0 0 0 0 0 0 1747.19088173826 0 0 109.094507195612 0 0 0 0 0 0 0 0
0 0 0 0 0 0 0 0 0 0 80.1588990501466 0 0 0 0 0 0 0 0
0 0 0 0 0 0 0 0 0 0 55.4906219419376 0 0 0 0 0 0 0 0
0 0 0 0 0 0 0 0 0 376.335246239261 853.945538751865 0 0 0 0 0 0 0 0
48.9948011152224 1162.36850199663 112.500616787811 1268.68713853758 840.267273323897 0 0.636619167444591 30258.2034313095 285.508816736567 168.379143205291 2471.78996168513 90.9513154541045 0 0 0 0 0.243435762422229 0.0442610477131325 8.45650659974014
82.2730748110374 0 0 9.11552562972773 0 0 0 653.220052096817 0 268.301039219188 1363.57912888519 0 0 0 0 0 0.408782324605116 0.0743240590191121 14.2003393071084
82.760988288262 0 0 9.16958447968496 0 0 0 657.093918094209 0 269.892175727567 1371.66571900927 0 0 0 0 0 0.411206573436027 0.074764831533823 14.2845532123868
82.4213266337018 0 0 9.13195133512716 0 0 0 654.397120822481 0 268.784503805608 1366.03622790171 0 0 0 0 0 0.409518929197018 0.0744579871267306 14.2259275835836
82.2721665269091 0 0 9.11542499550117 0 0 0 653.212840631742 0 268.298077210341 1363.56407514758 0 0 0 0 0 0.408777811701008 0.0743232384910923 14.2001825371951
81.9569532424939 0 0 9.08050063197741 0 0 0 650.710155050338 0 267.270133961853 1358.33978692494 0 0 0 0 0 0.407211641730508 0.0740384803146379 14.1457766990386
82.2153421483774 0 0 9.10912908301596 0 0 0 652.761674517067 0 268.112767011979 1362.62227812886 0 0 0 0 0 0.408495473869296 0.0742719043398719 14.1903746449057
82.2113864664671 0.428414624135539 0.151148956280479 9.11510764034233 0.0282050546286766 0.000699900594516142 0.30711481575705 653.190098909343 0 273.42462203107 1364.4131206683 0 0 0 0 0 0.408475819652525 0.0742683308459137 14.1896918938909
22.3835030743077 863.422680562609 304.624141295988 15.4124209949916 56.8441936874736 1.41057287356583 618.956222599794 1104.45660011679 0 10804.4543536331 4112.35736369118 0 0 0 0 0 0.111214761822585 0.0202208657859246 3.86339442480922
64.9682929542369 202.236738393834 85.6420518588124 5.83925902654227 61.698439004992 0.33039398157909 144.976140290391 823.009058147726 0 2762.47767562347 1900.26773610658 0 0 0 0 0 0.322801717092215 0.0586912212894937 11.2135325715336
75.9219769769062 0 27.3953174688595 0 92.7509183670111 0 0 775.544370632936 0 318.54404948758 1157.03209528491 0 0 0 0 0 0.377226234810325 0.0685865881473319 13.1041393118555
80.9477388303452 0 0 8.96868373609791 0 0 0 642.697338069877 0 263.97898097898 1341.61324896417 0 0 0 0 0 0.402197255014433 0.0731267736389879 13.9715862106066
75.6262044379297 0 27.2885923422694 0 92.3895845910723 0 0 772.523048787474 0 317.303083616507 1152.52459516273 0 0 0 0 0 0.375756658204433 0.0683193924008059 13.05308894792
65.7568018295896 0 23.7273650343226 0 80.3325203244797 0 0 671.706922295715 0 275.89426369286 1002.11734769851 0 0 0 0 0 0.326719505406056 0.0594035464374648 11.3496292666236
10.2040055607007 935.112777321266 122.393436686939 5.16248355686877 60.8113312661652 0.546874666642005 342.941441318545 486.317123832884 0 4939.24357492299 1723.75515669981 0 0 0 0 0 0.0506996623496463 0.00921812042720841 1.76121217769452
75.8265672576606 0 27.3608902891096 0 92.6343600339232 0 0 774.569758621882 0 318.143741177139 1155.57807483174 0 0 0 0 0 0.376752181702273 0.0685003966731406 13.087671586666
75.6709400682469 0 27.3047345298613 0 92.4442363659714 0 0 772.980024061837 0 317.490779846308 1153.20635507127 0 0 0 0 0 0.375978931833998 0.0683598057879996 13.0608103212986
27.8394682169198 534.843772841388 0.204073833013548 8.04849731923559 1599.59305161481 0 0 582.533832560882 0 5591.81918669858 1301.07353572078 0 0 0 0 0 0.138323291789211 0.0251496894162202 4.80509444575525
31.2197603502681 523.413135495629 1.9968307937509 7.76544282483228 1515.77315612185 0 1.28342316113664 612.938117633774 0 5305.18592546129 1305.55677884477 0 0 0 0 0 0.155118624640064 0.0282033862981935 5.38853313892362
0 0 0 0 0 0 0 0 0 0 0 0 0 0 0 0 0 0 0
27.0614191854237 530.676839082841 0 7.98579198940268 1586.44518470554 0 0 572.263155329176 0 5545.89926112813 1282.38511443503 0 0 0 0 0 0.134457474296888 0.0244468135085251 4.67080312055332
23.4706972383305 753.398372821149 0.33901538265449 11.4002860279983 1388.28972138513 0 0 812.438188927997 0 4821.08381701429 1141.79863606949 0 0 0 0 0 0.116616599041956 0.0212030180076284 4.05104422466525
26.659332137643 626.400228401189 0 9.42626765994086 1576.23530090042 0 0 675.487876620564 0 5499.0999145495 1279.14893546162 0 0 0 0 0 0.132459663002453 0.0240835750913551 4.60140286387648
13.0876851279663 1356.64796484224 0 20.4152652842371 909.113683822514 0 0 1462.96123715007 0 3060.15388999715 788.135271207371 0 0 0 0 0 0.0650275240423145 0.0118231861895117 2.25893550215028
0.338685860081015 2030.47794431039 0 30.5552707564113 280.862342933225 0 0 2189.59568170635 0 764.868589300533 325.028984095717 0 0 0 0 0 0.00168279590270311 0.000305962891400566 0.0584572065978631
13.8974513978398 1333.58160746547 1.36271382801237 19.9685949659621 937.425958503391 0.0331240684227853 1.49690986587642 1428.29803541354 0 3169.63405402828 810.207641790223 0 0 0 0 8.76640750098942e-05 0.0690509319305691 0.0125547148964671 2.39870122523849
1.9574397652611 2048.95453620949 1.4621883220022 31.1046474235614 264.246681596597 0 0 2209.52018566281 0 705.287491991891 334.229516998625 0 0 0 0 0 0.00972574295242677 0.00176831690044123 0.337854260385626
89.166493593064 1792.27017964636 66.6064968943097 39.3306678813432 231.142975174177 0 0 1932.72084378023 0 670.404526201563 1249.15142631283 0 0 0 0 0 0.443032992404582 0.0805514531644695 15.3901439414387
92.3370539138569 1819.82115432895 68.9748743828749 40.1847582638356 234.696130457015 0 0 1962.43084154743 0 681.810567202175 1288.04512671567 0 0 0 0 0 0.458786250942825 0.0834156819896045 15.9373829069486
92.3271265816964 1810.5431707132 68.9674587630376 40.0437641477479 233.499580538973 0 0 1952.42579179206 0 678.616265750286 1286.52004581901 0 0 0 0 0 0.458736925961025 0.0834067138110954 15.935669448622
78.142111461514 2553.13155057329 132.82383403017 43.2430215027225 649.730277039433 1.5983756607874 72.2321988190188 2280.83403848209 0 1411.54868619678 2167.71619858477 0 0 0 0 0.00423016043901391 0.388257203783326 0.0705922188696957 13.487334701857
61.9505079070055 2902.2096706933 110.551368795246 53.573921356445 1782.287410306 0 0 3129.64037859308 0 2357.03301431646 5066.37232273461 0 0 0 0 0 0.307807538381876 0.055965006978523 10.6926626304863
61.9616200143137 2903.42378385092 110.597616960154 53.5945073151284 1783.27526440586 0 0 3130.94963532963 0 2358.23743500867 5069.00866551126 0 0 0 0 0 0.307862750042157 0.0559750454622104 10.6945805810984
136.253992444626 2599.4010609553 166.447974199714 26.2313087532401 1140.35269106847 0 0 3772.4429122558 0 1385.62265740413 3186.92016555362 0 0 0 149.0877810567 0 0.676992125262953 0.123089477320537 23.5174500175883
207.937159124583 2313.11515005133 220.479971383434 0 525.196636436731 0 0 4397.21117268358 0 454.253970170883 1385.77682507095 0 0 0 292.661442200829 0 1.03315739048236 0.18784679826952 35.8899703324221
195.122307862037 2169.92575898184 219.719652768652 0.969037314708092 495.346859616145 0 0 4194.45079525125 0 441.427813867162 1434.52903354103 0 0 0 274.544742002257 0 0.96948546986186 0.176270085429429 33.6781259773127
111.303187532247 2046.8066297851 191.462865072272 17.9885293421808 717.973964800621 0.953207848080874 17.7632731970741 2959.962941617 0.00654947390949206 971.227390234768 2883.55130176981 0 0 0 127.417147761025 0.00138669375635973 0.553021457383129 0.100549355887842 19.210939089742
7.16318531393842 15.2320416602849 104.566238991166 28.8939441136153 0 0 0 0 0 0 6056.81870890642 0 0 0 0 0 0.0355910308558949 0.00647109651925361 1.23636635936178
33.4582677597353 71.1897420866274 2.31857237801593 134.958284372593 0 0 0 0.387868410847195 0 0.250525439698553 2108.76518122032 0 0 0 0 0 0.166240881400122 0.0302256148000221 5.77489969722861
3439.00559375853 57380.6074090913 3594.58124937976 219.414585662162 280.030211940125 83.8884279865775 1395.74988775704 2903.58649176572 9.0743142339683 17298.7444758145 6955.61472576199 2.03715484108078 0 0 18138.1177323485 0.0620182407547641 17.0870567822513 3.10673759677297 593.572641141442
100.631029867019 788.008605663943 443.402228448677 14.5484823243623 58.902318771567 0.108672556628991 2.66739388212625 494.147131304798 0.00672344824765783 917.918654864064 2230.3444585089 0 0 0 7.58827557306356 0 0.499995732637042 0.0909083150249168 17.3689238212806
0 0 0 0 0 0 0 1.04366018148387 0 0 1.98570207632313 0 0 0 0 0 0 0 0
0 0 1.96478874187325 15.4815062856896 0 0 0 0 0 455.673583055132 5583.0665041446 0 0 0 0 0 0 0 0
0 0 1.78201912903841 14.0413774567562 0 0 0 0 0 413.285675093768 5063.71555223475 0 0 0 0 0 0 0 0
0 0 1.93662261238788 15.2595719365262 0 0 0 0 0 449.141297486784 5503.03073707724 0 0 0 0 0 0 0 0
0.0253346533548283 83.6199783243631 3.76421723261397 16.6142425680554 6.24182856875504 0 15.2572971582873 0 0.0290282378104479 475.062819996105 5582.54762494961 0 0 0 0 0 0.000125877858767741 2.28868834123165e-05 0.00437276319978101
0 0 1.96672370725738 15.4967527995354 0 0 0 0 0 456.122340008429 5588.56482576697 0 0 0 0 0 0 0 0
1.17846696215227 3889.66765998283 86.2882871297821 73.0671328567245 290.344953557225 0 709.708571139956 0 1.35027776974074 1501.66758433915 7324.29711084748 0 0 0 0 0 0.00585533560481817 0.0010646064736033 0.203403492129293
11.1806226830818 3499.91498151422 80.3743612897416 58.493772696273 272.09618356288 0 602.166783568531 218.853039435184 1.14567084940634 1282.78733080232 5486.41202159337 0 0 0 14.3434575322178 0 0.055552086042975 0.0101003792805409 1.92977637129972
7.28383617227708 4262.38915871169 95.8718538235607 73.3925237405398 324.588408139126 0 756.145865160648 127.478580007711 1.43862846515694 1535.47352617229 6519.75099238641 0 0 0 8.48448337130958 0 0.0361904971873837 0.00658009039770613 1.25719070718198
26.9261183181117 528.023577031124 20.1135465112719 0 68.0974006838449 0 0 569.401971267977 0 297.881612845411 1442.69655167289 0 0 0 37.8972024674405 0 0.133785217872925 0.0243245850678046 4.64745018001002
1.24322982531159 489.434086320004 8.72018334722178 3.21931871160654 29.5234765832852 0 0 16.1660545086511 2.62445409229565 153.733177585179 2222.60379916816 0 0 0 1.07595033338179 0 0.00617711662261957 0.00112311211320356 0.214581567501756
0.486221267786492 481.834101382488 8.27608819560925 3.26947206436581 28.0199264528215 0 0 0 2.66534012554761 147.539170506912 2215.63133640553 0 0 0 0 0 0.00241584091240923 0.000439243802256223 0.0839218297937533
168.479148222146 1626.72486986962 79.1518828649495 9.79946011020424 46.4051805857805 3.35677439096933 62.2673814684496 514.712715635227 0.858183132694284 666.783984080766 1686.10836906876 0 0 0 2402.89232911051 0 0.837106161595645 0.152201120290117 29.0795144878446
0.480849695521267 476.51099672438 8.18465738260003 3.23335228387405 27.7103738483194 0 0 0 2.63589454584074 145.90921853065 2191.15395414132 0 0 0 0 0 0.00238915169722666 0.000434391217677575 0.082994695990209
0.244660904602131 242.453333333333 4.16443162538483 1.64516043586639 14.0993021223473 0 0 0 1.34116824868135 74.24 1114.88 0 0 0 0 0 0.00121562313737461 0.000221022388613566 0.0422284917454944
0.489163193673826 484.749482321522 8.3261634179856 3.28925430167489 28.1894635595959 0 0 0 2.68146700775824 148.431869641786 2229.03721479303 0 0 0 0 0 0.00243045817699794 0.000441901486726899 0.0844296064377217
0.409543198035575 405.847896578299 6.97093247747983 2.75386975815365 23.6011278166654 0 0 5.18096969855849 2.24501063854869 125.849677999477 1884.45084720017 0 0 0 0 0 0.00203485795205428 0.000369974173100777 0.0706871888084977
5.63305880655628 174.345381651862 1989.74916111546 77.6955846747569 841.020129788264 0.00253304299424095 0 86.2006462579104 2.59309703137279 10887.3539624725 3606.7083262836 0 0 0 34.6472835034018 0 0.027988438245078 0.00508880695365054 0.972266401538005
0.0295038526704376 0.0412487486826455 1.48368761093695 0.00730108998233149 0.181177836746684 0 0 345.112758763296 0.00176763767938148 132.684197756122 3108.39601521926 0 0 0 0.0348219973416236 0 0.000146592958961713 2.6653265265766e-05 0.00509236733584369
0.0511121608389283 0.0714588938814896 0 0 0.00648114488513572 0 0 357.294626503376 0 10.8065685685469 818.529104796441 0 0 0 0 0 0.000253956084312102 4.61738335112913e-05 0.00882196305777197
23.6421986335393 118.849627766442 192.31998884401 11.5564910371985 123.918347556688 0 0 710.314673915943 0.207954975399824 1473.58837637838 2929.38754874543 0 0 0 1.44398532207961 0 0.117468721551872 0.0213579493730676 4.08064537922524
0 25.8284845300213 0 0 2.34257964698103 0 0 517.989132461278 0 10.126770502884 1182.94639185787 0 0 0 0 0 0 0 0
0 156.732214024914 5.92125680857029 0.415993816343149 14.8333873012663 0 0 1417.93297608238 0 53.848811002742 3755.0066292818 0 0 0 0 0 0 0 0
0 172.158619988023 0 0 15.6143609110135 0 0 1426.44807934917 0 27.8872884170566 3660.15430827588 0 0 0 0 0 0 0 0
0 139.030331246811 11.3846544891581 0.799821055191923 13.7982343154571 0 0 1377.83515860285 0 77.1725483809131 3761.4811284325 0 0 0 0 0 0 0 0
0 134.733030951853 12.4812085132942 0.876858702447246 13.522957093876 0 0 1363.98532713158 0 81.7404096557135 3747.71769037869 0 0 0 0 0 0 0 0
0.20168605949161 83.3117870336539 93.4877962666166 5.11863299318376 9.03872521722953 0 0 1066.90297872668 0.00489700535266988 280.664533179975 3908.28255146294 0 0 0 0 0 0.00100209815214498 0.000182199664026359 0.0348110300347045
2.17416131572028 1774.43677325581 830.178582960404 24.5049441065871 3.79336711624585 0 0 469.021338420853 0 147.162972383721 3946.2917877907 0 0 0 0 0 0.0108025465044054 0.00196409936443734 0.375260417366524
3.7355010783962 3050.69934681346 1402.21584426452 39.7953151697104 2.69790364011087 0 0 45.8267787579209 0.0139862684586807 69.0197786635463 4082.9381243743 0 0 0 0 0 0.018560225418813 0.00337458643978418 0.644747785555951
2.76784030810873 2258.96652180142 1026.77340695531 29.0820102477801 1.68738320736562 0 0 171.555298666335 0 42.8790773198338 3511.06786379483 0 0 0 0 0 0.0137523022918871 0.00250041859852493 0.477729459040014
0.5364233361599 933.797619184638 3749.4124837405 101.820649525829 45.312720197225 0 0 292.56601021153 3.50590080798568 23.8220372159768 4987.25713460333 0 0 0 0 0 0.00266527510770095 0.000484595474127445 0.0925867108190266
0 0 0 0 0 0 0 588.346328739615 0 0 2115.57248419288 0 0 0 0 0 0 0 0
2.47335290143453 248.316329816685 499.644739750202 20.4849719556451 4.76385969704952 0 0 692.76734519422 0.336458503593404 5.14850584320343 2443.42185133818 0 0 0 0 0 0.0122891109994296 0.00223438381807811 0.42690090904296
0 0 0 0 0 0 0 585.295343949763 0 0 2104.6017699115 0 0 0 0 0 0 0 0
74.979391064482 6084.9642007422 4819.50645035838 341.226203889983 13.5651432339963 0 0 4416.99485348819 0.00202329609659007 110.956805632137 4623.79496405129 0 0 0 0 0 0.372542898721261 0.0677350724947747 12.9414489078166
5.09880622069802 2034.05097811671 327.600447685689 23.2005519926543 0.920701831574874 0 0 996.174567470958 0 12.3997156013289 2491.69221079124 0 0 0 0 0 0.0253339487359034 0.00460617249743698 0.880054362395041
23.8181311590103 13453.7999041083 2770.80623012566 333.188311631943 24.9202517528554 0 0 3581.79146614338 0 392.72999668613 4904.80411319216 0 0 0 0 0 0.118342860593118 0.0215168837442033 4.11101134722368
0 9544.78053435114 0 0 0 0 0 1462.89033094167 0 28.5997402724306 3348.18143021103 0 0 0 0 0 0 0 0
0 9211.76136363636 0 0 0 0 0 1411.84981480789 0 27.6018900071568 3231.36275645749 0 0 0 0 0 0 0 0
15.8874727522598 10951.6342213989 1562.63420838645 158.567763596411 21.2306316559873 0 0 2387.43586887965 0.547117161549271 158.123815227682 3935.17195990381 0 0 0 0 0 0.0789385598956361 0.0143524654355702 2.74217907052457
0 9626.80747852451 0 0 0 0 0 1475.4622725464 0 28.845523744377 3376.9553858059 0 0 0 0 0 0 0 0
15.4820495101168 4018.80003349259 1513.92726985961 136.4164583808 37.0737998091743 0 0 2377.32242712863 0.701464760801177 183.770711935642 3951.81918385297 0 0 0 0 0 0.0769241723727095 0.0139862131586745 2.67220298643338
0 668.220272502064 0 0 0 0 0 772.024518164074 0 2.0022384139219 1347.18696973755 0 0 0 0 0 0 0 0
1681.66440117979 15472.0938371857 14165.1517730829 73.745060953018 2396.03639731846 0.730268799586619 46.4763296801075 19414.3330120168 0.559231161309161 11374.547187683 3506.86282301882 0.536353768813731 0 0 0 0 8.35552438873625 1.5191862524975 290.255410439998
8.52493189960595 0 129.295418275859 0 0 0 0 4480.5385665915 0 0 1645.99512591389 0 0 0 0 0 0.0423570103223336 0.00770127460406065 1.47140392920086
8.32389235798453 734.21906371095 363.221665642365 0.631329207334202 2.00002112971107 0 0 5376.75449697315 0 15.1132006556807 2101.25182689676 0 0 0 0 0 0.0413581244614331 0.00751965899298783 1.43670448820237
2.90893035374069 2601.36333040422 889.28930136483 0 3.50347221147214 0 0 4903.41927009574 0 49.0537307187542 2120.65362809788 0 0 0 0 0 0.0144533228501261 0.00262787688184111 0.502081612225377
0.274037823887783 2526.98341711063 741.517092916178 30.9740320916693 54.8160535001555 0 0 6739.34119682884 0 186.769424016973 4875.58307932916 0 0 0 0 0 0.00136158541461911 0.000247560984476202 0.0472989503689496
0 1589.8818587237 516.544895247257 0 2.14122604345955 0 0 2592.39812000393 0 37.6841655590644 1289.87243224214 0 0 0 0 0 0 0 0
0 17.2960911474719 34.8349945981429 0.715366086689901 103.79728741722 0 0 1518.61316225377 0 768.068034324922 1382.58780668948 0 0 0 0 0 0 0 0
0 26.1570081726093 52.6812232097661 1.08185349027201 156.973415098112 0 0 1825.58868267835 0 1154.70807987745 1794.5285141617 0 0 0 0 0 0 0 0
0 18.4785573029736 37.2165270373618 0.764272870256903 110.893502299372 0 0 1559.15140246838 0 819.657930449418 1437.29164528036 0 0 0 0 0 0 0 0
0 5.11812692574662 2.19807460776766 0.013105277136866 1.90799926223051 0 0 1288.33631363923 0 35.9492879736595 1073.96074374259 0 0 0 0 0 0 0 0
9.22120665252439 27184.0534340334 1026.81891375437 2.93012212644678 384.745377370325 1.33812389123507 0 2361.53541567878 0.37282884228906 213.304257961901 3896.30026314944 0 0 0 0 0 0.0458165238109879 0.00833027705654326 1.59158100736555
0.278741604466879 547.441357589852 122.826963062327 18.1662846951336 28.9883227368855 0 0 5094.88071048439 0 248.028394202071 5271.46629194534 0 0 0 0 0 0.00138495663739122 0.000251810297707495 0.0481108232739403
0 0 0 0 0 0 0 0 0 29.5917361529422 1051.9384916304 0 0 0 0 0 0 0 0
1.92129830839714 4200.40394793525 57.8612679770348 3.5302956129427 43.8267294806808 0 0 467.849833916468 0 130.074239540759 1825.06211060752 0 0 0 0 0 0.00954617036704088 0.00173566733946198 0.331616242033933
25.0052838046154 188.302559368524 379.248616493202 0 2246.06309479143 0 0 13142.2913138255 0 3748.41612533435 7036.17118838365 0 0 0 0 0 0.124241351919061 0.0225893367125566 4.31591398901316
0 0 58.2809392736039 0 12.3106708626325 0 0 0 0 172.367382131751 15366.1298994047 0 0 0 0 0 0 0 0
12.0413821851011 45388.7516516981 1758.55257255943 2.85835702588642 588.108625743244 3.40702317786427 0 0 0.948846801942958 163.252171974425 5269.22226031012 0 0 0 0 0 0.0598288591059675 0.0108779743829032 2.07834353034375
25.4640730848104 58376.6625724306 499.869228950466 1.23917190003094 99.1038677296018 7.20487780133108 0 0 2.00653911150327 106.377781026139 5121.88797759489 0 0 0 0 0 0.126520894149527 0.0230037989362777 4.39510105554976
26.3876388807628 57592.6749232344 269.668783053122 0.913395752282448 14.3987129354042 7.46619415394929 0 0 2.07931501367151 91.8094165813716 4843.15885363357 0 0 0 0 0 0.131109726812732 0.0238381321477695 4.55450858596096
26.9995568163503 58928.2241515391 275.922285526909 0.934577004824087 14.7326128623496 7.63933196798503 0 0 2.1275334297394 93.9384372533544 4955.46961325967 0 0 0 0 0 0.134150104685463 0.0243909281246296 4.66012567069257
27.6628886047763 60375.9873345087 282.701212468936 0.957537923784668 15.0945673382932 7.82701696486005 0 0 2.17980319714649 96.2463400092796 5077.21681612723 0 0 0 0 0 0.137445937630567 0.024990170478285 4.77461679054527
18520.3984027021 0 13151.9408956411 0 65.4000016648967 98.9833262715733 0 915.794413560101 0 104.49596898221 320.313802747139 13533.3982800194 0 0 0 0 92.0205246863314 16.7310044884239 3196.62224883707
9179.25762411837 8953.51719363147 8861.99928612855 56.3430330748129 144.978987796738 333.145099286356 438.00466424805 1005.68126163508 52.9328590397605 527.097787646033 13175.1648774785 12974.8813044738 0 0 0 2342.44227711583 45.6080957026897 8.29238103685268 1584.34060170018
3811.29593986674 0 1548.12525655176 4.97471173225412 0 16.0953791565993 0 198.849025546903 0 0 20.3081966496616 1626.56356276542 0 0 0 0 18.9368200670161 3.44305819400293 657.829984721219
9182.28902178223 0 777.076745040591 0 0 286.106010191376 0 0 0 0 145.743902439024 3470.12916423555 0 0 0 133.794134385115 45.6231575171008 8.29511954856379 1584.86382117995
14875.5978177789 1283.27583610631 12939.5943403977 189.950717474995 40.8245070970052 806.784473126149 611.55135222011 2044.39999672205 67.4184505380105 81.2773209866368 7222.91893831444 22247.4175153331 0 0 0 3595.53605114495 73.9109540977879 13.4383552905069 2567.52937572479
12413.474793264 1142.41712428737 14473.9538096599 127.532033226429 49.2026597384843 1455.91186534276 148.415972793057 1673.8048723139 121.19592474152 159.998362630099 6760.8034948075 21977.1575563859 0 0 0 1970.83728374607 61.6776399091957 11.2141163471265 2142.56674433831
28062.0902087916 0 12426.7661264581 23.8752569074568 0 175.064567348435 0 954.341040496541 0 0 169.271056701289 12555.6726100589 0 0 0 32.0829923673635 139.429412297708 25.3508022359469 4843.51901939693
12091.6667286725 0 3743.19078571805 0 0 848.283121689562 0 583.702196604129 0 15.0773694115145 1616.84165798806 7644.52374154124 0 0 0 571.618468374812 60.0787030878536 10.9234005614279 2087.0226465948
8299.12958236562 0 885.371036175875 0 0 308.712547653853 0 33.4448039750003 0 0 292.748801843318 3289.52403448512 0 0 0 161.163195795481 41.2350880366438 7.49728873393523 1432.43043114565
6374.9217718906 0.88316256308304 5093.62714310534 0.116273080872824 0 1437.78913837839 0.342560024468573 834.205986148841 0.203096134089123 0.70725270627796 4093.23812118711 6241.10821797482 0 0 0 1088.62897973132 31.674461506082 5.75899300110582 1100.31200881986
5623.7536298742 0 4509.4230752115 0 0 1279.81255183247 0 737.018484974226 0 0 3637.69567567568 5500.34779266076 0 0 0 968.650875912427 27.9422045074463 5.08040081953569 970.660327296806
3698.79702618324 0 1653.61119746188 0 0 364.184292640215 0 345.815740557126 0 12.9679333239158 1239.93106370956 2667.66166109577 0 0 0 185.001472379628 18.377857519953 3.34142863999145 638.412663201925
1344.78115241383 0 6.79301985811673 0.0322677846504996 0 0.111704744467148 0 88.3792471683031 0 0 4.00444444444445 486.884726491516 0 0 0 0.0345878162463334 6.68168494773607 1.21485180867928 232.109334699604
9149.2617973931 3786.61316661463 7451.13056230416 326.953566080148 159.042287227265 969.071742041552 743.495929591636 1389.83150557029 96.4896650919303 235.478423727787 13722.5370742452 9466.5764609507 0 0 0 925.187442763411 45.4590583194952 8.2652833308173 1579.16331960303
5777.61045304245 0 2167.93363830552 10.2979848783793 0 35.6496047629382 0 440.430082402622 0 0 1277.98387096774 3581.79023360336 0 0 0 11.0384029315563 28.7066581269996 5.2193923867272 997.216027308274
7587.52990181555 496.443997717862 3693.24731874855 75.6972722243914 0 62.37788853288 0 353.200872627911 4.57883488383164 12.703104335668 2408.54285310877 5171.67950049333 0 0 0 1782.5088578803 37.699431052003 6.8544420094551 1309.60826924336
15267.4518784956 8068.54738148071 9679.2290301065 131.573799858982 279.018842503691 380.177184886306 670.256378703207 534.948711802238 64.8180635138826 314.573502612753 12286.8901537358 12507.4656303161 0 0 56.1952329688532 1972.25326622766 75.8579217322616 13.7923494058657 2635.16341801415
1091.04676172964 0 172.96368939844 10.3870516004694 0 42.5089934649283 0 0 0 10.0366487076669 228.437119177866 766.189121167622 0 0 0 46.0958512687545 5.42097925156058 0.985632591192833 188.314758529047
1047.69335564948 0 166.090872094326 9.97431579316377 0 40.8198727779082 0 0 0 9.63783637223813 219.3600314316 735.744130843358 0 0 0 44.2642046072524 5.20557334680134 0.946467881236608 180.831957164553
5424.65932888209 709.573440958734 2243.82007432775 61.1994741600838 0 97.3983098524726 316.196617738794 0 17.4275609697323 27.2993829331186 1997.77907742153 3682.234731317 0 0 0 724.913753134827 26.9529837768232 4.90054250487695 936.296634986863
476.351016171159 0 75.5159467913587 4.53498672876495 0 18.5594265467877 0 0 0 4.38200082576736 99.7356462330561 334.518170301784 0 0 0 20.1254486639382 2.36679954123135 0.430327189314791 82.2182235737818
251.792081318215 0.000514162561576355 631.872488617543 7.13998144450588 0 8.79899831167618 0 0 3.41402200748843 0 890.155605603448 351.357026874882 0 0 0 0.000624473091531426 1.25105513018473 0.227464569124497 43.459333418301
3437.92076264788 3866.81936832666 2862.84051741389 68.5984979641067 77.8465387861507 98.8273890123531 1549.72401371016 230.292863458292 17.8646216758248 166.12561189574 12435.3447318641 2891.10627941941 0 0 0 751.602417735596 17.0816666861083 3.10575757929242 593.385399204788
249.362105346043 0 625.805836284689 7.07075239897665 0 8.71399965293421 0 0 3.38126372342237 0 881.59229208925 347.981581377025 0 0 0 0 1.23898154196744 0.225269371266807 43.0399193707256
1587.49141458953 226.918722628372 764.764692199897 73.6022312366079 0 7.35842224233727 0 0 8.45606664086257 0 1725.3950328733 957.504839612292 0 0 0 512.616759026889 7.88761611544284 1.43411202098961 274.00114540594
238.269975456253 0 597.968729230168 6.75623105693409 0 8.32638335543864 0 0 3.23085828647841 0 842.377287066246 332.50265808781 0 0 0 0 1.18386914156689 0.215248934830343 41.1254168626413
253.540407632318 0 636.291815912123 7.18922966669675 0 8.86001111133897 0 0 3.43792005428896 0 896.364220183486 353.812347984612 0 0 0 0 1.25974187121743 0.229043976584987 43.7610946802549
8637.02510349977 5792.19643261915 2589.42894869336 387.032423612432 8.27450887690218 159.980974090336 570.669836161336 0 63.0842432175531 69.7690760262029 7760.85154046522 2735.89599601139 0 0 0 5419.58312848625 42.9139570581325 7.80253764693318 1490.75122517794
604.281661869446 0 81.0411834600632 8.36471152111087 0 0 155.677324443696 0 0 0 994.572972972973 565.171348734245 0 0 0 0 3.00243625296105 0.545897500538372 104.299063275781
4257.64613464999 638.283190202517 1309.51689361339 148.216799987799 0 139.323297842221 48.4947161454393 0 21.6640270868628 30.1581973062779 2257.4467884759 1697.42576846205 0 0 0 2722.656202583 21.1545574085523 3.84628316519134 734.870064118686
617.421175575896 0 82.8033447302996 8.5465939918483 0 0 159.06237560011 0 0 0 1016.19898950641 577.460446934268 0 0 0 0 3.06772129268321 0.557767507760584 106.566944394732
2267.39760658028 2555.85129800844 1303.41430085331 84.172606589423 7.47634383493087 117.275961379894 868.968835454032 0 56.0815852512601 61.8237263846092 14215.2698087893 1029.53960720654 0 0 0 1976.25981721826 11.2658007075921 2.04832740138039 391.353008642458
0 150.397843937448 0 0 0 0 0 0 0 0 324.131081601297 0 0 0 0 0 0 0 0
6434.09420154783 3788.35988053166 2367.11310554405 182.370665427906 3.85340676053004 307.827713173542 906.533190326539 0 125.732792046856 20.1817222388709 6866.4915648485 2470.4887995287 0 0 0 10708.8786879234 31.9684658738945 5.8124483407081 1110.52517492176
0 146.12113046778 0 0 0 0 0 0 0 0 314.914089347079 0 0 0 0 0 0 0 0
36.0089657128699 3.08251785521529 0 0 0 0 0 0 0 0 513.472949690801 35.4764062282101 0 0 0 43.2121037623306 0.178914289329054 0.0325298707871008 6.21515036839472
2.94529313542047 0 0 0 0 0 0 0 0 0 259.508788223205 7.66678590019734 0 0 0 0 0.0146339951108664 0.0026607263837939 0.50835783125802
0 0 0 0 0 0 0 0 0 0 25.2768428581709 0 0 0 0 0 0 0 0
3274.05597455895 2308.61974493685 2180.78046851139 97.915472127073 7.71882023571295 324.224120523082 1333.28441937172 0 83.2531836996269 11.1608658314775 10235.239745163 1471.89094697015 0 0 0 4778.43628524726 16.2674874525041 2.95772499136438 565.102323645808
0 0 0 0 0 0 0 0 0 0 0 0 0 0 0 0 0 0 0
4308.68435787573 2329.72939462043 888.385422675273 63.0432944978075 13.5464210408988 50.3720962244579 1927.36525756487 0 79.2416463490812 33.0509157482781 6973.46952536568 1110.46478552579 0 0 0 12784.1484937899 21.4081461261474 3.89239020475407 743.679265538495
161.089228610066 0 0 0 0 0 0 0 0 0 9.06482269369735 43.8642600300897 0 0 0 0 0.800388577810073 0.145525195965468 27.8040137704494
9.56234574615391 0 0 0 0 0 0 0 0 0 21.6790452746404 0 0 0 0 0 0.047511508859594 0.00863845615628982 1.65046164227052
284.393261697339 308.453566143082 7.57533415635662 6.03400651902753 0 0 129.678049142766 314.54149539944 1.50956280579706 9.48000130864345 2857.35751762251 44.9428188600854 0 0 0 218.885050927238 1.4130374838388 0.256915906152509 49.0862997649348
74.7073988583373 119.931250590194 0 0 0 0 35.3435226170242 500.839121113088 0 13.9503056429539 2520.69444035224 3.51250365903655 0 0 0 76.7696869555575 0.371191477171043 0.0674893594856442 12.8945030312341
243.050013206628 1871.41181487308 7.02961335008651 10.8025428314118 0 27.0591220868393 197.053173680098 965.511239086004 20.4112050077543 18.2932356763911 6890.67070219337 38.8525737548836 0 0 0 1073.49471155985 1.20761925602154 0.219567137458462 41.9504517615072
167.309918373579 737.963257014283 7.1158160860344 8.60728144918631 0 0 1.43363708173094 566.703233380196 0 33.2179171913812 3199.20899455529 5.10563359467863 0 0 0 23.858942751651 0.831296721549888 0.151144858463616 28.8777053222606
21.8762859304504 1095.74271027679 2.34810878305087 0 0 0 0 1228.4157334261 0 4.31431053175984 1451.50687787084 1.68477978375993 0 0 0 6.84550757817139 0.108694600717366 0.0197626546758848 3.77584870512269
12.8645267005363 521.498867787652 1.38082434245728 0 0 0 0 4080.60611437104 0 2.53706516758289 1972.03778730215 0.990748364763997 0 0 0 4.02555604265208 0.0639187381979836 0.0116215887632697 2.22041833968826
0 0 0 0 0 0 0 7272.41675893414 0 0 2500.57519461098 0 0 0 0 0 0 0 0
10.456129379655 7838.57151917728 0 0 0 0 0 8971.14373900907 0 7.08618824403577 1351.50200819725 0.0939628910533888 0 0 270.596342308367 0 0.0519523657527605 0.00944588468232009 1.8047287690554
39.8928170618542 1882.43973512601 47.5772184083138 0 0 0 67.2612248581893 5429.87677975969 0 2.64353818231951 339.428089045201 6.99005815588765 0 0 64.300771855749 0 0.198211608488512 0.0360384742706385 6.88550342254541
25.1719995916522 0 0 0 0 0 0 4.75468768338006 0 0 20.3890001234134 5.9788032398398 0 0 0 0 0.125069696637304 0.0227399448431461 4.34468914721906
0 0 0 0 0 0 0 6.0043284387009 0 0 2.8633598666001 0 0 0 0 0 0 0 0
89.2293544368394 85.5357910570096 48.2208105198159 0.643701448226244 0 554.300928412146 816.930540548801 115.203090809797 0 20.4331946412214 883.352808751305 0 0 0 0 0 0.443345323041356 0.0806082405529739 15.400993728113
575.245260914887 36468.1290649714 3942.63671460849 45.0685140205915 226.345823667909 139.754678466673 2891.7503160656 1545.93318599684 0 17739.8636085404 5512.34186753075 0 0 0 66.5410311584386 0.193252302718831 2.85816587644197 0.519666522989448 99.2873781435677
227.201483606708 3623.56359631436 718.619862510113 8.95208986907581 236.035175635983 0.0223657636726954 7.00666239048853 2149.33317877196 0.453694585631414 9185.8511859009 1822.1983118077 0.0127942348132891 0 0 15.0605567690963 0 1.1288741892265 0.205249852586637 39.2149942821981
67.8955539945364 371.348878190523 226.809526139748 44.5124489437356 75.0274556756067 0.124851064914082 0 1643.50939222071 2.25187290115214 7101.72642082625 4378.30698673571 0.0115090898037614 0 0 9.84546713378064 0 0.337346117864011 0.0613356577934565 11.7187780617283
0 314.589031809745 1236.83683185972 123.012327900719 6647.9862222791 0 0.000526924247675512 55410.2044221341 32.0577942728259 16090.2522954075 3443.49240917157 0 0 0 0 0 0 0 0
263.466598689899 2133.05610551905 563.013536985137 7.97334622374026 196.072712076566 45.0680514093755 568.252127149047 208.954462495351 0.133758065687344 5559.52764510793 1298.52034497461 0.214124889996664 0 0 0 0 1.3090611833291 0.238011124241654 45.4743560524422
97.6208837939533 5079.43384571356 5812.54589719659 87.1375012585282 5118.45475402638 0 0 6280.37289625934 0 24019.1755271061 1447.29317498299 0 0 0 0 0 0.485039508963929 0.0881890016298053 16.8493723677867
