1.77096938940276 0.207824786133528 0.11566584257902 0.0212077722839785 0.0597107304055169 0.0407271991257071 0.0202235196182141 0 0.00209397522806006 0.939531881631206 2.28699095990812 1.12596942483938 0.446837532134061 1.25139157979513 0 0 0.613973595894781 0.0586065705172291 0.591487010432444
7.60657063639757 0.892637628396286 0.496801586216272 0.0910904608989995 0.256466255881265 0.174929233009947 0.0868629528059744 0 0.00899392760734111 1.33263079830864 3.24386500151074 4.83620214765716 0.633793774116774 1.77497218836656 0 0 0.558669194108751 0.053327513983108 0.538208114572923
1.06156783317223 0.124575901320153 0.0693332920452442 0.0127125228728575 0.0357922565308099 0.024413004982334 0.0121225347138629 0 0.00125518643002501 0 0 0.674937087957246 0 0 0 0 0.0709057241610788 0.00676827366992115 0.0683088248208175
1.91753811706109 0.225024752808124 0.125238563305747 0.0229629670483435 0.0646525017514562 0.0440978580386516 0.0218972557973665 0 0.00226727652099112 0 0 1.21915675318533 0 0 0 0 0.0387574696133033 0.00369957664490622 0.0373379897552267
0.0650078132509803 0.00762872298456241 0.00424580093754751 0.000778483754917487 0.00219183009853745 0.00149499261299616 0.000742354325537924 0 7.68645417546225e-05 0 0 0.0413314936634546 0 0 0 0 0 0 0
0.151816474251943 0.0178157942659848 0.00991546241104084 0.00181803775613395 0.00511870652277675 0.00349134198164025 0.00173366262780955 0 0.000179506172267717 0 0 0.0965238073664567 0 0 0 0 0.022319534883543 0.00213050105706547 0.0215020890976098
0.0180146174051385 0.00211403089850289 0.00117657364004847 0.000215729253140855 0.000607388230238984 0.000414284354446087 0.000205717258969847 0 2.13002905725326e-05 0 0 0.0114535623934222 0 0 0 0 0.0171752926826142 0.00163945975606772 0.0165462531126219
0.064821170754199 0.00760682032649893 0.00423361091225377 0.000776248667403307 0.00218553718355304 0.00149070037272526 0.000740222968430436 0 7.6643857666517e-05 0 0 0.0412128277248964 0 0 0 0 0.000221242012667448 2.111855575462e-05 0.00021313909511697
0.159208635113872 0.0186832707223188 0.010398260430979 0.00190656060987971 0.00536794365074863 0.00366134040690641 0.00181807713610471 0 0.000188246584055373 0 0 0.101223689342866 0 0 0 0 0.0135570259412641 0.00129407974893885 0.0130605042268424
1.18769274809541 0.139376768927955 0.077570783128993 0.0142228982023425 0.0400447359002793 0.0273135150394399 0.0135628135275779 0 0.00140431517785695 1.9648153627968 4.78271686193689 0.755126389231316 0.934458175370181 2.61699836793953 0 0 0 0 0
0.680248068701747 0.0798276978933906 0.0444284731853399 0.00814612958528211 0.0229355229300838 0.0156437478336296 0.00776806772887328 0 0.000804318026794084 0.473077141193664 1.15155554207555 0.432496762082665 0.224993559466021 0.630106080120953 0 0 0.037057834563572 0.00353733875379551 0.0357006032924968
0.287906772576397 0.033786108215717 0.0188038142463239 0.00344775088059232 0.00970718284692047 0.00662102717671078 0.00328774076969169 0 0.000340417882642797 0.24299116620536 0.591484558761706 0.183049026744913 0.115565607895146 0.323647451777848 0 0 0.128395284522471 0.0122559135225996 0.123692848525744
0 0 0 0 0 0 0 0 0 1.47857832266469 3.59912773963491 0 0.703205821626122 1.96936421128973 0 0 0.738443652898244 0.070487803231196 0.711398391634496
1.0250919552014 0.120295425562819 0.0669509735339523 0.0122757157103551 0.0345624208663125 0.0235741647661832 0.0117059997708261 0 0.0012120577427932 1.31110799585125 3.19147459772105 0.6517459907056 0.623557617023335 1.74630530191454 0 0 0 0 0
0.42775141119145 0.0501969972384207 0.0279373701690626 0.00512242310735707 0.0144222420483765 0.00983705139351474 0.00488469146203954 0 0.000505768684745416 1.37270481314055 3.34141242000673 0.271961228305531 0.65285281217635 1.82834800850602 0 0 0 0 0
0 0 0 0 0 0 0 0 0 0 0 0 0 0 0 0 0 0 0
0 0 0 0 0 0 0 0 0 0.51090123781997 1.24362625169412 0 0.242982545600642 0.680485164595806 0 0 1.10702036319087 0.10567012557731 1.06647609846698
0 0 0 0 0 0 0 0 0 1.69261771120547 4.12013842189845 0 0.805002082109582 2.25444989470411 0 0 1.45518045152082 0.13890358855426 1.40188493554906
0 0 0 0 0 0 0 0 0 0.210350371709325 0.512030946387164 0 0.100041779119713 0.280172167768066 0 0 0.74005969686621 0.0706420619735928 0.712955248511943
