10.2680314266031 1.40186540259841 0.798773495385663 0.313165138923732 0.627025509571345 1.00292727409774 0.204397198432942 0 0.0193669562764021 6.85979398697259 2.63789170270456 10.5048975960507 3.44476760333573 9.18954670698713 0 0 1.65682584261225 0.860100847257728 0.510623312189956
39.5845782417584 5.40437094590479 3.07937428430689 1.20729178060362 2.41726376868098 3.86641328828202 0.787977418222773 0 0.0746621006672916 9.72992286458719 3.74158215847196 40.4977277080751 4.88605388595315 13.0344410909877 0 0 1.36174358221545 0.706916067270316 0.419680814012387
5.51120009827056 0.752428622739268 0.428728778026514 0.168086332492105 0.336545819387988 0.538305022834769 0.109706896413592 0 0.0103949011158237 0 0 5.63833419068819 0 0 0 0 0.167605804595985 0.0870084777957297 0.05165505563948
9.7168717533865 1.32661712519366 0.755897532077818 0.296355295979072 0.593368505556104 0.949092897703105 0.193425719245333 0 0.0183273913540699 0 0 9.94102359862488 0 0 0 0 0.11438623212596 0.0593808308850611 0.0352531178684397
0.32360104742849 0.0441803393257324 0.0251736607559672 0.00986952247840307 0.0197609554579242 0.0316076473579705 0.00644165807021012 0 0.00061035724143852 0 0 0.331065977885855 0 0 0 0 0.00420771212987051 0.00218433143353933 0.0012967904345992
0.857696103197567 0.117098832586445 0.0667221286988632 0.0261589109102551 0.0523758950300299 0.0837752417231128 0.0170734460498658 0 0.00161773588713714 0 0 0.877481705916724 0 0 0 0 0 0 0
0.160708679155332 0.0219411032012862 0.0125018933088896 0.00490146102431426 0.00981380337216658 0.0156971780483173 0.00319909458965061 0 0.000303119247802041 0 0 0.16441595737128 0 0 0 0 0.00356681524121486 0.00185162539844487 0.00109927004130209
0.323732740486462 0.0441983190079191 0.0251839054581759 0.0098735389907297 0.0197689973993005 0.0316205104428368 0.00644427957485734 0 0.00061060563313014 0 0 0.331200708880594 0 0 0 0 0.004031257005338 0.00209272904648694 0.00124240807416981
0.851985558249522 0.116319187972979 0.0662778924320274 0.0259847447504836 0.0520271760587673 0.083217465744407 0.0169597709606095 0 0.00160696499350346 0 0 0.871639428326744 0 0 0 0 0.00765154166415049 0.00397211179286501 0.00235815705394109
5.88185168314768 0.803032639387608 0.457562606997417 0.179390851367028 0.359179953354394 0.574508319086639 0.117085150569236 0 0.0110940023105762 14.3456852021073 5.51654525429142 6.01753608257762 7.20394106961823 19.217828473983 0 0 0.117526641146519 0.0610110978629471 0.0362209721923323
3.57618432361805 0.488246370536624 0.278199504232022 0.109070201871521 0.21838254137283 0.349302865013131 0.0711881398155356 0 0.00674518829893942 3.45407302506879 1.32824259601209 3.65868086524135 1.73452422607868 4.62716015284044 0 0 0 0 0
1.99148866628159 0.271892336995955 0.154922428350313 0.0607384998087638 0.12161184007925 0.194518132686618 0.0396429156853074 0 0.00375622865984795 1.77414877920798 0.682238031189268 2.03742895145236 0.890920375993751 2.376692813609 0 0 0 0 0
1.92118717316584 0.262294272200921 0.149453515463914 0.0585943714998946 0.117318823461643 0.187651452801621 0.0382434820800223 0 0.00362363012301343 10.7955279489542 4.15135405770828 1.96550572144383 5.4211664388299 14.4619515545076 0 0 0.528713020054618 0.274468507678627 0.162946030026057
4.39524865463336 0.600070916104132 0.341916379594884 0.134050880674794 0.268399356494371 0.429304758529699 0.087492575168366 0 0.00829005921209574 9.57277865930094 3.68115331818318 4.49663962913852 4.80714112728284 12.823926895233 0 0 1.01437482249751 0.526588022607999 0.312623945344265
2.03613600460643 0.277987912312712 0.158395646244933 0.0621002009302511 0.124338265320958 0.198879049736972 0.0405316732759241 0 0.00384043984047937 10.02251483656 3.8540966066625 2.08310622858101 5.03298415061739 13.4264044061601 0 0 0.152510053462252 0.0791718856771251 0.0470026400109618
0 0 0 0 0 0 0 0 0 0 0 0 0 0 0 0 0 0 0
1.00677185446762 0.137451724916946 0.0783190701155704 0.0307055787589423 0.0614793244042971 0.0983361765940348 0.0200409735775805 0 0.00189891379133002 3.73023769353041 1.43444002539532 1.02999638337368 1.87320522800223 4.99711705307203 0 0 0 0 0
2.01272685550362 0.27479192713619 0.156574595346666 0.0613862442693987 0.122908767003804 0.196592567243571 0.0400656867303517 0 0.00379628688181515 12.3582914263768 4.75230516764125 2.05915706988458 6.20593592446241 16.5554674815196 0 0 0 0 0
0.41451227387391 0.0565921929485632 0.0322458516268934 0.012642227944199 0.0253125218409416 0.0404873775356129 0.00825135256952799 0 0.000781828643740706 1.53582889864666 0.590593582869661 0.424074373016611 0.771243807667127 2.05743371081655 0 0 0 0 0
