8449979141.77545 4327897358.69918 676466954.137889 107326936.336251 272988036.809376 464430011.106853 215615954.777921 0 6806488.73751553 4122232999.10621 5128537853.63414 2222877715.41825 928788522.303092 2984382533.81837 0 0 526988367.357724 95816066.7923135 86072784.3057092
26787127067.5102 13719789663.0852 2144455738.10681 340235192.675478 865394471.066876 1472281234.39728 683520264.548859 0 21577127.6634295 4860511825.27736 6047042680.357 7046704710.0822 1095131594.16629 3518875958.71473 0 0 388892018.080248 70707639.6509542 63517566.7316228
2801821383.06486 1435032579.35445 224301095.332888 35587177.2178796 90516639.8662492 153994455.397297 71493359.0356521 0 2256877.25003711 0 0 737055821.144737 0 0 0 0 34920915.9092468 6349257.43804487 5703618.23712531
38906884395.5545 19927268385.5826 3114708467.37802 494173610.905053 1256939669.47238 2138410574.60454 992777009.934611 0 31339635.9928195 0 0 10234965654.7271 0 0 0 0 182541151.34379 33189300.2443255 29814368.0577005
7519931943.79601 3851547211.07562 602011599.317991 95513993.9925527 242941600.663603 413312508.537879 191884178.49584 0 6057332.35828749 0 0 1978216615.55176 0 0 0 0 38095544.6282692 6926462.65968531 6222128.98595488
318780479.829335 163272497.305639 25520117.4595392 4048972.39269326 10298635.7601205 17520897.8985336 8134239.90399625 0 256778.828597472 0 0 83859381.5243522 0 0 0 0 7936571.79755609 1443013.05410111 1296276.87207393
693748958.705948 355323277.798402 55538390.9425295 8811613.50520556 22412501.0367651 38130015.6120236 17702214.5969631 0 558817.293494882 0 0 182499752.3104 0 0 0 0 109524690.806274 19913580.1465953 17888620.8346203
29611656543.2266 15166452838.5108 2370574740.20757 376110795.459082 956644726.665023 1627523778.04964 755593060.171997 0 23852296.3641661 0 0 7789734192.49494 0 0 0 0 25397029.7521795 4617641.77312354 4148085.99063659
7596050004.80484 3890533242.83524 608105265.588829 96480803.277033 245400697.862767 417496129.742929 193826463.574287 0 6118645.7315261 0 0 1998240468.71382 0 0 0 0 115873948.244319 21067990.5898762 18925642.3322794
15820742066.8698 8103043410.5285 1266536759.2763 200946268.40066 511110530.007159 869543852.1865 403693825.607078 0 12743664.9121316 28082656268.4201 34938094410.0966 4161853466.35492 6327359182.15853 20331065441.684 0 0 0 0 0
2993039173.94717 1532970214.25398 239609123.246902 38015919.268487 96694189.947754 164504218.705972 76372614.4586368 0 2410903.87166728 2174383639.69803 2705186438.25615 787358166.157923 489914705.955008 1574193539.65247 0 0 31746287.1902243 5772052.21640443 5185107.48829574
319168375.876079 163471169.308017 25551170.6553944 4053899.23258427 10311167.2680106 17542217.5446859 8144137.74812934 0 257091.280265007 237066248.132299 294938017.2419 83961422.6612282 53413868.2453118 171629398.541345 0 0 23809715.3926683 4329039.16230332 3888830.6162218
151670711.280316 77682472.3148586 12142068.3258828 1926437.03617901 4899928.03759696 8336166.15409785 3870142.71584111 0 122171.306084849 1192101854.34524 1483113518.01866 39898967.622281 268594841.672501 863048729.514272 0 0 112699319.525296 20490785.3682357 18407131.5834499
272760371.542871 139701988.815817 21835956.5924746 3464450.56732802 8811893.74524765 14991528.412051 6959956.58084423 0 219709.465052835 374326529.465412 465705790.138282 71753189.1356189 84340255.4480562 271002041.059698 0 0 0 0 0
4004628782.45004 2051084628.65326 320592393.124856 50864567.967919 129374964.260759 220103477.027201 102185087.557232 0 3225742.95727192 13789282326.5162 17155472871.4558 1053470065.39005 3106890648.45244 9983058536.00902 0 0 0 0 0
33438.524714999 17126.4923101851 2676.93642614923 424.71754699631 1080.27689330265 1837.85712890183 853.242275728827 0 26.9348525070979 10543.3498799865 13117.1549437753 8796.44200042556 2375.54314792016 7633.09333475087 0 0 0 0 0
0 0 0 0 0 0 0 0 0 1644829679.77302 2046359649.56999 0 370599849.171041 1190811137.67344 0 0 526988367.357724 95816066.7923135 86072784.3057092
0 0 0 0 0 0 0 0 0 2405238983.49504 2992397367.29228 0 541929182.981776 1741326415.45444 0 0 387304703.720737 70419037.040134 63258311.357208
0 0 0 0 0 0 0 0 0 85642807.0342162 106549624.405436 0 19296351.3242569 62003020.5753796 0 0 33333601.5497356 6060654.82722465 5444362.86271052
