34896803984.718 15775004196.9238 512044977.412153 928144312.079717 1664275369.40697 1689624670.07774 1162154942.95281 0 67338216.1182676 5628242335.97812 4627919401.03233 6031465997.82553 2642432823.39321 9135214650.12933 0 0 181156283.875572 32937506.1591948 56804806.8571073
47506628300.8313 21475240573.7642 697070437.335159 1263525647.30028 2265654797.47857 2300163969.29784 1582095108.96787 0 91670618.4604326 2106656870.4628 1732234971.4422 8210912764.19695 989065312.016329 3419320199.27903 0 0 133684607.076853 24306292.1957914 41919209.8794918
10175796971.0664 4599941014.53854 149310685.657119 270643927.269363 485297400.600012 492689175.992887 338880682.414003 0 19635609.4934468 0 0 1758756287.78613 0 0 0 0 12004332.0640439 2182605.82982616 3764173.94836253
30992334008.8667 14009999290.3773 454754222.606448 824297793.603141 1478065961.39803 1500579025.73549 1032125869.68771 0 59804000.5730188 0 0 5356628327.61393 0 0 0 0 56202100.1180237 10218563.6578225 17623178.03097
39729278943.8762 17959511202.082 582952460.297708 1056672819.97902 1894742579.27882 1923602226.07691 1323089011.95639 0 76663145.7974559 0 0 6866697453.81416 0 0 0 0 13095634.978957 2381024.54162854 4106371.58003185
1192394339.90454 539018579.598854 17496144.7217394 31713907.8072335 56866884.7551898 57733048.9647718 39709853.5635485 0 2300890.01255969 0 0 206090102.700617 0 0 0 0 0 0 0
2675765835.70279 1209572581.68059 39261832.0434916 71166885.1380301 127610860.198285 129554556.61024 89110008.2835099 0 5163260.74460391 0 0 462471883.191713 0 0 0 0 2728257.2872827 496046.779505946 855494.079173303
53237702188.128 24065956751.2278 781163169.737052 1415954036.81505 2538977395.01662 2577649661.97776 1772954875.07901 0 102729519.217692 0 0 9201455545.63312 0 0 0 0 37649950.5645013 6845445.55718206 11805818.2925916
14025637389.3206 6340250779.92687 205799854.432249 373037472.769462 668901451.763371 679089780.168366 467090448.374603 0 27064409.7417093 0 0 2424151938.05608 0 0 0 0 8730423.31930465 1587349.69441903 2737581.05335457
70210209257.2409 31738331859.4132 1030202795.33249 1867368897.17958 3348419012.78139 3399420236.42923 2338183799.57618 0 135480322.116125 44286630698.1269 36415446453.6924 12134936197.0428 20792361026.4884 71881744496.3636 0 0 41469510.7666971 7539911.04849038 13003510.0034342
5146189861.18793 2326320963.20217 75510659.1533304 136872329.358172 245428694.158284 249166925.148069 171381596.640547 0 9930286.02877401 1182662170.99441 972464382.179247 889453062.226045 555254225.576623 1919582019.6936 0 0 0 0 0
1407752136.66671 636370478.908922 20656115.4235523 37441742.2018777 67137586.8205704 68160188.5521762 46881832.0668 0 2716452.70613689 204499246.315336 168153034.823928 243311941.958632 96011416.8092063 331923254.074951 0 0 0 0 0
546372617.709091 246986238.087007 8016990.74837874 14531778.8306595 26057242.6795834 26454131.8551838 18195638.7365086 0 1054301.63256527 769292080.679447 632563690.884185 94433515.0949193 361178947.780782 1248639960.06846 0 0 10913029.1491308 1984187.11802379 3421976.31669321
631796988.148434 285602089.635771 9270432.74986448 16803796.1641376 30131245.4373017 30590187.5175699 21040493.9386695 0 1219139.78567896 278520404.410142 229018209.630638 109198024.35818 130763996.05139 452067186.670863 0 0 8184771.86184811 1488140.33851784 2566482.23751991
7531238099.64061 3404475455.17035 110506757.131822 200307048.409378 359174842.368376 364645590.322674 250809947.750078 0 14532566.9082423 10103508196.7018 8307783995.56593 1301678129.01728 4743548713.19653 16399030209.8767 0 0 40378207.851784 7341492.33668801 12661312.3717649
0 0 0 0 0 0 0 0 0 0 0 0 0 0 0 0 0 0 0
1552837491.77909 701955914.377805 22784970.1866958 41300552.5150684 74056901.926932 75184894.7508361 51713554.2688605 0 2996414.99157803 1025645284.87128 843354537.542003 268388088.946935 481535549.487202 1664727506.89828 0 0 0 0 0
1112466116.35916 502887246.126791 16323348.3407926 29588070.5503097 53055000.6117225 53863104.359045 37048034.4435116 0 2146657.43603477 1367221780.21458 1124221706.25483 192275532.094333 641904078.259493 2219141197.3773 0 0 0 0 0
106091972.28479 47958584.0808054 1556700.19454978 2821709.99603769 5059668.39951029 5136734.40547976 3533140.45757239 0 204719.153113705 70073482.7131992 57619130.5895432 18336639.7609987 32899164.5557236 113736450.503415 0 0 0 0 0
