2808013769.50771 1518131165.99779 117509046.785258 18530540.009655 43270133.1573251 100722210.614142 65854575.6136636 0 2045912.03664843 4379262543.40054 4845168968.26194 575563102.539753 551163750.297616 3348778395.093 0 0 381143671.209303 69298849.3107824 4410179283.33922
26435495688.5077 14292148538.9866 1106265907.02116 174452139.747462 407358194.230707 948229525.560313 619975004.612857 0 19260838.1807784 5212987820.19835 5767593645.74191 5418526105.84643 656094465.394907 3986319800.00166 0 0 288126465.735604 52386630.1337462 3333885529.66715
2561832339.66037 1385035058.99163 107206908.857115 16905948.6757528 39476596.4709922 91891791.7267298 60081037.833112 0 1866544.84265767 0 0 525102898.573071 0 0 0 0 23821479.4505815 4331178.0819239 275636205.208701
58589039566.2552 31675716094.1569 2451819241.8627 386638610.394026 902828743.619765 2101562907.901 1374051786.40713 0 42687832.4337018 0 0 12009089753.6767 0 0 0 0 27224547.9435217 4949917.80791303 315012805.952802
9908856556.7515 5357147504.60189 414663311.611844 65390157.5799634 152690683.82191 355426297.367986 232386162.221683 0 7219568.90632866 0 0 2031034279.23187 0 0 0 0 0 0 0
278706423.583811 150680496.086222 11663235.6022969 1839229.0626385 4294731.09826937 9997076.01171928 6536325.94156816 0 203064.825711778 0 0 57126904.2899957 0 0 0 0 5671780.82156701 1031232.87664855 65627667.9068337
0 0 0 0 0 0 0 0 0 0 0 0 0 0 0 0 77136219.1733114 14024767.1224203 892536283.532938
42320782099.3712 22880407130.5251 1771029336.71711 279281730.897558 652142769.614329 1518027715.62456 992522606.212516 0 30834819.4149556 0 0 8674558832.84124 0 0 0 0 17015342.464701 3093698.62994564 196883003.720501
9083427578.64015 4910885641.28909 380120969.455239 59943017.3735596 139971222.762766 325818525.396511 213027897.086725 0 6618163.35053878 0 0 1861844772.85304 0 0 0 0 0 0 0
17809046946.5863 9628325010.34007 745268471.818839 117524800.113569 274428794.17181 638802628.701385 417664343.916968 0 12975628.5047155 28517823797.7104 31551813470.3418 3650349020.77789 3589186663.02832 21807295466.3926 0 0 0 0 0
3087263558.19286 1669105428.26985 129195020.992261 20373354.8270571 47573237.2488265 110738776.891462 72403644.7541933 0 2249372.75685801 2207199040.79745 2442021274.87545 632801381.249251 277792913.5152 1687823095.38194 0 0 15880986.3003876 2887452.05461593 183757470.139134
159404440.238956 86180791.3312394 6670716.51472041 1051935.85218156 2456345.27505102 5717766.69221688 3738411.78304137 0 116141.689375426 254257886.518622 281308190.474301 32673384.7172804 32000303.4500716 194428470.254356 0 0 12477917.8074474 2268712.32862681 144380869.395034
0 0 0 0 0 0 0 0 0 1240013481.53948 1371937576.57566 0 156065199.136062 948225943.397987 0 0 81673643.830565 14849753.4237391 945038417.858405
340928815.961666 184320556.586469 14267102.4694817 2249844.75974616 5253548.05023507 12228965.6762407 7995588.45951118 0 248399.910210752 422082564.918075 466987609.287625 69880728.2182603 53122325.3024786 322762328.208238 0 0 0 0 0
4663014530.87594 2521023138.73781 195136647.340979 30771992.0280691 71854797.1012681 167260266.589801 109358738.317376 0 3397461.10200099 14484734407.0382 16025754328.9472 955785594.687247 1823014824.6944 11076331953.2069 0 0 0 0 0
4274.35003455183 2310.89465169342 178.871914248048 28.2071317422418 65.8656653199032 153.319043194782 100.243635058459 0 3.11428109060567 1215.81070584014 1345.1598859024 876.120407222524 153.019094343336 929.718322180953 0 0 0 0 0
0 0 0 0 0 0 0 0 0 1250389457.16082 1383417444.38394 0 157371095.181293 956160348.482041 0 0 374337534.223423 68061369.8588042 4331426081.85102
0 0 0 0 0 0 0 0 0 2871489348.24874 3176984924.96091 0 361398939.304397 2195799268.90799 0 0 288126465.735604 52386630.1337462 3333885529.66715
0 0 0 0 0 0 0 0 0 47775377.851866 52858164.113427 0 6012897.41543401 36533355.0071881 0 0 116838684.92428 21243397.2589601 1351929958.88077
