28937817404.5964 14821326941.8269 2316630239.03899 367552065.417361 934875439.369326 1590488051.28778 738398879.357494 0 23309516.5026977 6723153251.94469 8364385505.5883 7612471979.19168 1514807041.58277 4867376769.25062 0 0 526988367.357724 95816066.7923135 86072784.3057092
36562235402.1278 18726389659.6742 2927006517.29102 464393183.163609 1181192603.71239 2009543350.22581 932949201.740691 0 29451012.754889 2307706434.37397 2871055519.26057 9618175020.03793 519953930.201485 1670715550.87235 0 0 388892018.080248 70707639.6509542 63517566.7316228
8697295595.09122 4454567520.49597 696265986.191778 110468212.402686 280977930.266928 478023084.087648 221926665.410369 0 7005703.03448033 0 0 2287937548.52647 0 0 0 0 34920915.9092468 6349257.43804487 5703618.23712531
34451583979.0956 17645359450.5326 2758037349.97951 437584862.443872 1113005146.83289 1893537162.82644 879092249.653012 0 27750875.4055947 0 0 9062940511.8154 0 0 0 0 182541151.34379 33189300.2443255 29814368.0577005
33996383518.6062 17412215576.734 2721596068.42568 431803159.314969 1098299278.5723 1868518313.50458 867477016.022608 0 27384209.7895442 0 0 8943194067.15645 0 0 0 0 38095544.6282692 6926462.65968531 6222128.98595488
1416580162.32238 725541855.197115 113404974.334296 17992613.5136975 45764543.439363 77858457.3384992 36146513.3929817 0 1141060.44037043 0 0 372649970.147543 0 0 0 0 7936571.79755609 1443013.05410111 1296276.87207393
1786623788.91131 915070232.397487 143028986.509568 22692701.8909808 57719304.6833189 98196894.0048181 45588821.8907624 0 1439131.91895135 0 0 469994794.01941 0 0 0 0 109524690.806274 19913580.1465953 17888620.8346203
77113058403.348 39495647999.3089 6173321243.41902 979447188.10404 2491241939.50065 4238308517.67351 1967674172.26902 0 62114847.2358813 0 0 20285600262.03 0 0 0 0 25397029.7521795 4617641.77312354 4148085.99063659
15374003873.6053 7874233727.78021 1230772928.40474 195272048.284491 496678046.766567 844990108.256657 392294521.483324 0 12383815.682914 0 0 4044333131.95263 0 0 0 0 115873948.244319 21067990.5898762 18925642.3322794
65727500883.0901 33664210608.4601 5261845216.3584 834834167.57146 2123416061.67459 3612532463.45237 1677151815.44181 0 52943739.5051126 57767356361.4157 71869317883.8094 17290480195.4879 13015678047.2886 41821966246.7528 0 0 0 0 0
4680016122.74537 2397003480.89185 374660836.28753 59442962.4062934 151194268.311063 257224296.462606 119418773.437325 0 3769769.90077687 1529754527.6792 1903192760.73721 1231139553.42415 344672037.596539 1107499914.34867 0 0 31746287.1902243 5772052.21640443 5185107.48829574
1040331807.93312 532835550.026985 83284239.8303733 13213716.1341151 33609330.048398 57178994.7651482 26545880.4441745 0 837991.031122014 224323000.01607 279083932.730787 273672911.340395 50542661.6469027 162403639.805623 0 0 23809715.3926683 4329039.16230332 3888830.6162218
215011973.611707 110124502.921233 17212882.1209998 2730962.52856628 6946253.42642402 11817545.5367586 5486405.49297646 0 173192.921812535 967155533.479471 1203254101.56986 56561716.5049164 217911738.364237 700193822.675172 0 0 112699319.525296 20490785.3682357 18407131.5834499
493209631.814046 252611352.880157 39484123.1897545 6264474.48756776 15933806.0917511 27107919.5508258 12585103.9257013 0 397282.140920307 290573072.375356 361506737.063843 129745255.129556 65469597.3204553 210366857.521876 0 0 0 0 0
6552454895.18823 3356026299.95631 524559780.646104 83225638.4995362 211685942.427496 360137776.518821 167197314.296378 0 5278026.09910423 12050131860.2899 14991767180.5982 1723709103.11345 2715039195.14076 8723961760.98116 0 0 0 0 0
54913.942809009 28125.7390167868 4396.160867198 697.486365936366 1774.06940175523 3018.19479560875 1401.22502206518 0 44.2333793954854 5834.03853476159 7258.22326675187 14445.8320769595 1314.47883487794 4223.68233637954 0 0 0 0 0
0 0 0 0 0 0 0 0 0 905104372.708248 1126055232.18374 0 203930867.818493 655270500.667671 0 0 526988367.357724 95816066.7923135 86072784.3057092
328563186.035618 168282988.768486 26303276.4898228 4173226.88712239 10614679.3523151 18058577.6106145 8383862.7141345 0 264658.833802017 2397138298.0488 2982319171.33383 86432850.5539883 540104001.41953 1735461743.5247 0 0 387304703.720737 70419037.040134 63258311.357208
0 0 0 0 0 0 0 0 0 47126872.8018163 58631317.3321159 0 10618249.516671 34118550.8178978 0 0 33333601.5497356 6060654.82722465 5444362.86271052
