0.713389214811247 0.0711504867511552 0.0369619543630962 0.0054547667359167 0.0143693855541053 0.0282816909528423 0.00715503487040559 0 0.000597775028168084 0.935561887079795 2.51078485647836 0.306453942759582 0.2752059531473 1.33768394484331 0 0 0.414355237986492 0.0395520908987106 3.19631156533555
8.00253092158999 0.798139302488544 0.414625251646589 0.0611895141781525 0.161190342990259 0.317253333336214 0.0802624802936292 0 0.00670561461787045 1.32699976320301 3.56129397318673 3.43768464964192 0.390351765823245 1.8973691666601 0 0 0.37323285680607 0.0356267726951249 2.87909597226176
1.14284993435762 0.113983120889464 0.059213072248044 0.00873853946296054 0.0230197639609868 0.0453072852489508 0.011462369996907 0 0.00095763594054793 0 0 0.49093939338442 0 0 0 0 0.0454740932856724 0.00434070890454145 0.350784440419891
2.3622076384632 0.235596809980402 0.122390147084205 0.018062078010286 0.0475805795927422 0.0936476540581509 0.0236920851527235 0 0.00197938055174385 0 0 1.01474458737841 0 0 0 0 0.00469698509576619 0.000448348577323136 0.0362322625792306
0.0795287693720362 0.00793187019660495 0.00412052591075429 0.00060809846394125 0.00160190191556607 0.00315284844590047 0.000797644688542033 0 6.66400772040273e-05 0 0 0.0341635455525164 0 0 0 0 0 0 0
0.145118200344672 0.0144734884921227 0.00751883009587355 0.00110961297925657 0.00292303181541961 0.00575308402281714 0.00145548287279807 0 0.000121599870726515 0 0 0.0623391042904486 0 0 0 0 0.0126372087510845 0.00120627901714898 0.0974826737582304
0 0 0 0 0 0 0 0 0 0 0 0 0 0 0 0 0.0112720694830757 0.00107597026883904 0.0869520709551046
0.0788455925198587 0.00786373296581936 0.00408512931222457 0.000602874709095178 0.00158814108012482 0.00312576449761772 0.000790792672702017 0 6.60676182243072e-05 0 0 0.0338700700757288 0 0 0 0 0.000135650451924823 1.29484522291876e-05 0.00104639948667534
0.208763019601595 0.020821159266088 0.01081638051573 0.00159625846784578 0.00420499252836094 0.00827622717048872 0.00209381730742284 0 0.000174930202660572 0 0 0.0896793070753556 0 0 0 0 0 0 0
1.4529906164271 0.144915268491973 0.0752820083894809 0.0111099589362066 0.0292667479973921 0.0576025411066015 0.0145729684596629 0 0.00121751421051758 1.95651303007416 5.25073044899894 0.624167977244475 0.575530107331902 2.79745905038532 0 0 0 0 0
0.783575662398388 0.0781505924514927 0.0405984380928231 0.00599143128264915 0.0157831104957131 0.0310641712294225 0.0078589794626276 0 0.000656586830775054 0.471078152431648 1.26424120913586 0.336604263432791 0.138572887306774 0.673556383577348 0 0 0.0172481101602307 0.00164641051529474 0.133050891918794
0.180398629660037 0.0179922124459775 0.00934677140924204 0.00137937667663631 0.00363366505856583 0.00715174576014768 0.00180933277233868 0 0.000151162638413373 0.241964406363851 0.649364382725562 0.0774946833789342 0.0711765261076788 0.345965249425408 0 0 0.0604271003175425 0.00576804139394724 0.466131043843469
0 0 0 0 0 0 0 0 0 1.47233058589324 3.95132100809422 0 0.433102446598612 2.10516590452253 0 0 0.493484414306813 0.0471053304565594 3.80670930679324
1.25406928203529 0.125075678162714 0.0649755429552068 0.00958895265327358 0.0252599908310825 0.049716478931293 0.0125778596824472 0 0.00105083071741101 1.30556790540663 3.50377689735831 0.538716408931243 0.384047346057942 1.8667254941481 0 0 0 0 0
0.523299302467998 0.0521917058936606 0.0271130604927633 0.00400128789273342 0.0105405146044248 0.0207457427740251 0.00524850205060658 0 0.0004384917080025 1.36690444517496 3.66838691121834 0.224796129735558 0.402090172644637 1.9544256298777 0 0 0 0 0
2.39222538271085 0.238590655513877 0.123945419395489 0.0182916017953528 0.0481852096202274 0.094837681252686 0.0239931522313444 0 0.00200453352229714 0.572192558445333 1.5356038233007 1.02763945021969 0.168316816455894 0.818131659018574 0 0 0 0 0
0 0 0 0 0 0 0 0 0 0.508742423233568 1.36532151399408 0 0.149652252219761 0.727409464855831 0 0 0.775048014769412 0.073981855955262 5.97867410904696
0 0 0 0 0 0 0 0 0 1.68546555040871 4.5233152809283 0 0.495798471167954 2.40991027691996 0 0 0.860613995821594 0.0821495177829704 6.63872497787486
0 0 0 0 0 0 0 0 0 0.209461535634786 0.562135823347909 0 0.061615444534619 0.299492034840642 0 0 2.6067500742115 0.248826143447462 20.1083144275665
