0 0 0 0 0 0 0 0 0 0.891352917221429 2.60714601439931 0 0.12614138680856 1.55012451771841 0 0 0.356495929853954 0.0340291569406047 5.61491098672463
7.55098302271532 0.910061220139272 0.479627725484071 0.033371512020332 0.159514655945354 0.154130456221051 0.0784428549026981 0 0.0102500966585457 1.26429381788429 3.69797251418865 5.29666267251232 0.178918778903593 2.19869459878079 0 0 0.0245702896007121 0.00234534582552252 0.386988959684791
0 0 0 0 0 0 0 0 0 0 0 0 0 0 0 0 0.192243587822741 0.0183505242921707 3.0278904834495
1.84428532031859 0.222277356980539 0.117146386194625 0.00815080494165931 0.0389605614859263 0.0376455008529832 0.0191592280562304 0 0.00250352871173646 0 0 1.29368019822155 0 0 0 0 0.00316332974589698 0.000301954203017439 0.0498233316496664
0.0622857529053998 0.00750681707479167 0.00395630263055964 0.000275271411089801 0.00131578768156591 0.00127137506235959 0.000647051153865081 0 8.45499169856509e-05 0 0 0.0436905527996702 0 0 0 0 0 0 0
0.085369481814704 0.0102889192770307 0.00542254833117295 0.000377289775381384 0.00180343188151001 0.00174255949720351 0.000886854844589659 0 0.000115884969898397 0 0 0.0598827127990365 0 0 0 0 0.0101762340949795 0.000971367799975311 0.160278544124725
0.0189793777226307 0.00228743669476961 0.00120554313800257 8.38792154483525e-05 0.000400939705250941 0.000387406532153582 0.000197165927715786 0 2.57635933746354e-05 0 0 0.013313148927571 0 0 0 0 0.00158425225839907 0.00015122407921082 0.0249524178721267
0.0581560736311702 0.00700909897003849 0.00369399126377216 0.000257020324956315 0.00122854813055491 0.00118708016344791 0.000604150271803955 0 7.89440757855968e-05 0 0 0.0407937752548845 0 0 0 0 0.00053787597317609 5.1342706530445e-05 0.00847169759418821
0.163500101376675 0.0197053948213281 0.010385294405219 0.000722587454110729 0.00345394266411052 0.00333735953869394 0.00169850927889584 0 0.000221943532087334 0 0 0.114687701099134 0 0 0 0 0 0 0
1.13796070558165 0.137149547956444 0.0722816490603246 0.00502920868061067 0.0240394409422092 0.0232280223893098 0.011821624581115 0 0.00154472698332784 1.86406011298918 5.45224770153885 0.798226399649974 0.263795768436987 3.24172976586296 0 0 0 0 0
0.597455422403829 0.0720066525187514 0.0379495205410524 0.0026404496938191 0.0126212568430808 0.012195243526548 0.00620662354417541 0 0.000811017030549395 0.448817861445672 1.31276139456289 0.419087134061452 0.0635152545903938 0.780525376172691 0 0 0.0109748431383669 0.00104759866320775 0.172856860779422
0 0 0 0 0 0 0 0 0 0.23053063881147 0.674286272655959 0 0.0326239516578799 0.400908762851084 0 0 0.308967096223779 0.0294923137304517 4.86631851262372
0.441450273717021 0.053204566017586 0.0280402948940914 0.00195098612609897 0.00932564519309842 0.00901087075447363 0.00458597505301876 0 0.000599247536635801 1.40275718899432 4.10296835719899 0.309656792967663 0.198513668106911 2.43949200036745 0 0 0 0 0
0.982168466127023 0.118373121748121 0.0623859471056373 0.00434068606362231 0.0207483270036925 0.0200479955145829 0.01020318788251 0 0.00133324650346748 1.24387469945707 3.63824799632762 0.688945404459799 0.176029131193854 2.16318433624314 0 0 0 0 0
0.409840254117531 0.0493948563521292 0.0260324713090824 0.00181128588497089 0.00865788294470371 0.00836564791032613 0.00425759659243223 0 0.000556338453765583 1.30231284706633 3.80917556125141 0.28748383742183 0.184299109156046 2.26481232626706 0 0 0 0 0
1.87355544739443 0.225805057609733 0.119005583127234 0.00828016404558122 0.0395788934615027 0.0382429618757766 0.0194632987082616 0 0.00254326150292838 0.545154215051024 1.59453860703547 1.31421182821408 0.0771484642978795 0.948060973786212 0 0 0 0 0
0 0 0 0 0 0 0 0 0 0.484702347675759 1.41772105021217 0 0.0685935112163845 0.842930985484416 0 0 0.486581411317412 0.0464464074439348 7.66379384320426
0 0 0 0 0 0 0 0 0 1.60582069019758 4.69691514034563 0 0.227250559137489 2.79263350670832 0 0 0.0825230813700458 0.00787720322168619 1.29976170115845
0 0 0 0 0 0 0 0 0 0.19956365624995 0.583709977225287 0 0.0282416042732286 0.347055033333929 0 0 1.72854858286843 0.164997819273805 27.2251254958546
