8932068041.43387 4176239136.67011 442736099.292157 180539483.08411 352814016.59281 604488473.036093 292530935.919602 0 10712348.6880562 2874394470.1341 2537122252.00217 1873914860.29211 1454895786.47371 4851500276.33659 0 0 477977816.729008 86905057.5870923 112947254.36599
30917215918.8865 14455519877.187 1532474619.92059 624914426.81616 1221220783.318 2092359860.52058 1012558577.34469 0 37079430.6369691 3660616359.48735 3231091389.22927 6486317623.25454 1852847746.76956 6178512192.44329 0 0 352724593.670503 64131744.3037278 83349630.4809262
3140388763.80524 1468306600.322 155659749.242669 63475128.2088903 124044417.069084 212529595.583734 102849738.712903 0 3766310.25400645 0 0 658841955.10946 0 0 0 0 31673228.8193921 5758768.87625311 7484456.61461378
37983374948.9513 17759342659.3692 1882723148.19386 767739211.934257 1500331951.94278 2570570691.7077 1243979800.83212 0 45553969.6870724 0 0 7968771669.75327 0 0 0 0 148288298.563518 26961508.8297305 35040865.0593281
8012697552.06265 3746382243.39511 397165633.149224 161956701.118735 316499157.191013 542268966.792247 262420964.917919 0 9609735.36156031 0 0 1681034329.80858 0 0 0 0 34552613.2575186 6282293.31954884 8164861.76139685
323649270.066937 151324054.176291 16042333.6122714 6541762.9654615 12784049.3836315 21903354.53721 10599720.4055309 0 388156.899108814 0 0 67900420.5843205 0 0 0 0 0 0 0
977985311.279642 457262586.123211 48475828.8755116 19767534.4324779 38630127.3390154 66186334.9814178 32029643.8738649 0 1172910.86651227 0 0 205177703.467217 0 0 0 0 7198461.09531638 1308811.10823934 1701012.86695768
24054638659.9043 11246882908.1852 1192317035.73753 486204539.563384 950151033.77192 1627926671.12579 787804786.948311 0 28849049.9282769 0 0 5046574279.84792 0 0 0 0 99338763.1153661 18061593.2937029 23473977.5640159
7734048268.51805 3616098188.46563 383353815.293066 156324500.672037 305492593.818227 523411040.594067 253295022.825841 0 9275547.54826106 0 0 1622574740.06724 0 0 0 0 23035075.5050124 4188195.5463659 5443241.17426457
16511820042.509 7720195229.06702 818441906.613705 333745269.452053 652211953.987765 1117457327.7143 540772657.391869 0 19802846.6587226 19398700419.7152 17122519197.0562 3464118813.76125 9818794113.6669 32741783156.3072 0 0 109416608.648809 19893928.845238 25855395.5777567
3252997419.41445 1520957416.74003 161241426.039093 65751231.3890469 128492425.291178 220150522.110949 106537744.140672 0 3901363.32106586 1513442065.08177 1335859632.4658 682466834.831013 766039771.65904 2554438742.92629 0 0 0 0 0
415493219.006399 194266214.071183 20594765.5360342 8398159.37769394 16411857.9017442 28119004.5070134 13607668.4212851 0 498306.575685798 178298052.66277 157377131.635751 87168941.5972817 90246863.5571197 300937488.13932 0 0 0 0 0
315488314.841735 147508353.215886 15637819.2863456 6376809.60516512 12461694.0926864 21351052.0536514 10332443.9070815 0 378369.356336588 853941161.886702 753742447.751878 66188282.3426789 432228565.436761 1441310796.38323 0 0 28793844.3812655 5235244.43295737 6804051.46783071
282149871.793192 131920774.844436 13985331.6246623 5702956.10932377 11144835.5617903 19094832.7281458 9240588.59408423 0 338386.115613808 296008980.339004 261276237.000109 59194000.2169868 149827110.62393 499613976.033634 0 0 21595383.2859491 3926433.32471803 5103038.60087303
4288877476.98392 2005289020.26678 212586925.636207 86688963.7555267 169409377.795808 290254953.844341 140463477.950085 0 5143708.1312725 10169135306.9275 8975921620.67546 899790642.078686 5147182220.06583 17163810765.8067 0 0 106537224.210682 19370404.4019423 25174990.4309736
0 0 0 0 0 0 0 0 0 0 0 0 0 0 0 0 0 0 0
891249388.649837 416708712.937128 44176586.6534986 18014384.0350818 35204084.3326309 60316376.8502603 29188986.9837642 0 1068887.31421949 1590651895.70187 1404009909.46325 186980827.493683 805120092.196356 2684756108.36842 0 0 0 0 0
338937034.854382 158471935.419623 16800102.7333184 6850767.0101501 13387911.5210855 22937972.44984 11100404.4711521 0 406491.71992572 1002450827.53113 884826466.058629 71107737.1299348 507397819.010582 1691970436.6653 0 0 0 0 0
65692298.1520438 30714807.0578654 3256172.22153452 1327806.00147257 2594826.13239412 4445805.47482999 2151464.74164587 0 78785.6519520509 117243927.366794 103486901.371801 13782001.3397584 59343871.444207 197888268.965481 0 0 0 0 0
