28541342675.3949 17520600163.3388 1452920055.53465 284660468.356855 710432193.594809 573092383.456287 735446621.570267 0 28316589.4600285 7756969512.88779 7784235667.54621 8355540435.04348 1578427243.90706 5525584494.03258 0 0 576213851.363095 104766154.79329 832665306.597964
35609190190.6434 21859321425.9819 1812714530.55835 355152484.336886 886360371.584149 715010359.232223 917569258.055217 0 35328780.1173346 2586992699.14746 2596086114.16191 10424668239.3668 526414310.297172 1842813320.43847 0 0 425218052.96373 77312373.2661326 614466867.820786
7758222495.13334 4762519964.85906 394938569.873126 77377552.7731297 193112534.623878 155780275.360106 199912056.987954 0 7697129.17268036 0 0 2271236588.25044 0 0 0 0 38182845.5722533 6942335.5585915 55176616.7022747
39277264537.3174 24111032732.2225 1999440811.94206 391736459.147298 977663648.168364 788663007.390309 1012087337.20135 0 38967969.6454843 0 0 11498505019.6106 0 0 0 0 178765140.633731 32502752.8424966 258326887.287923
36253948404.7669 22255117482.2559 1845536467.17587 361583056.903031 902409265.905892 727956702.573093 934183236.440881 0 35968461.0832219 0 0 10613422615.4383 0 0 0 0 41654013.351549 7573456.97300891 60192672.7661179
1286767944.29863 789904907.819683 65503959.4441471 12833732.8014499 32029375.2018768 25837498.835995 33157134.481805 0 1276635.09118795 0 0 376704127.461174 0 0 0 0 0 0 0
2327849553.02843 1428990980.65833 118501057.932993 23217083.7779341 57943288.9028863 46741769.083723 59983481.1126288 0 2309518.54183941 0 0 681483043.325601 0 0 0 0 8677919.44823938 1577803.53604352 12540140.1596079
88679692616.2694 54437573403.892 4514311235.6764 884457438.495049 2207356159.4214 1780632992.06457 2285077512.93529 0 87981370.6669524 0 0 25961173790.9318 0 0 0 0 119755288.385703 21773688.7974006 173053934.202589
14259439561.4125 8753405260.22913 725888265.141812 142218212.724703 354936522.86303 286320664.656246 367433893.009069 0 14147151.4000881 0 0 4174482090.47132 0 0 0 0 27769342.234366 5048971.31533927 40128448.5107452
63833014428.0865 39185007367.5509 3249471054.06337 636646144.870885 1588889106.57344 1281727170.22625 1644834139.01385 0 63330351.4874391 63530231444.3587 63753543539.7807 18687254457.8778 12927451623.5871 45255000833.5102 0 0 131904375.613239 23982613.7478616 190610130.42604
4673289090.38904 2868779879.4759 237897548.197374 46609603.3521213 116324416.042626 93836734.0966123 120420216.814494 0 4636488.55295999 1681586433.50421 1687497298.01015 1368115593.00102 342177681.015459 1197857991.69491 0 0 0 0 0
1105608281.54294 678696894.483855 56281880.7821455 11026915.4055794 27520068.8925638 22199925.6462691 28489054.7963548 0 1096901.99820377 251471311.362816 252355246.210875 323669240.33027 51170649.6018359 179132582.18326 0 0 0 0 0
366674920.838608 225089784.702929 18665882.4150998 3657075.83864349 9127029.21198401 7362604.02066511 9448393.32936422 0 363787.482486812 1094949588.7305 1098798393.96042 107344884.311437 222805859.773664 779974248.858975 0 0 34711677.7929575 6311214.14417409 50160560.6384316
395202396.34272 242601872.261721 20118096.5511023 3941598.00112184 9837116.23313807 7935417.95995944 10183482.6249184 0 392090.313974741 342494613.725923 343698500.25558 115696365.101786 69692529.8337502 243971943.392246 0 0 26033758.3447181 4733410.60813057 37620420.4788237
5769004705.13803 3541403988.19711 293675834.802079 57537853.0714051 143598243.227122 115838021.155476 148654359.693961 0 5723575.78570387 13151020670.5137 13197247197.8866 1688888733.5105 2676035954.12301 9367972347.57209 0 0 128433207.833943 23351492.3334441 185594074.362197
0 0 0 0 0 0 0 0 0 0 0 0 0 0 0 0 0 0 0
772426604.154549 474167520.457416 39320998.9231573 7703888.40534416 19226731.3076894 15509845.0922422 19903707.5058907 0 766344.011443593 798822060.566571 801629962.00434 226129576.2263 162548338.154142 569031344.524978 0 0 0 0 0
1432479703.29001 879352608.210652 72921533.9911327 14287006.3222974 35656335.7744796 28763300.1974694 36911800.8999918 0 1421199.42040623 2756527313.95853 2766216652.03543 419361563.306453 560912068.005061 1963579276.42752 0 0 0 0 0
29732568.3303041 18251854.7732338 1513560.35772257 296541.298796464 740083.393424771 597011.452631498 766141.844755617 0 29498.4346243556 30748593.2926227 30856676.2106814 8704274.34851265 6256878.70556359 21903392.8170974 0 0 0 0 0
