16902837261.5131 8801032819.28735 691118102.227728 51382991.8392381 217711934.547877 248794028.386112 327234589.553133 0 15900426.041869 6131752452.5739 7393860339.81994 4508807129.8286 371267458.986291 5703033751.25893 0 0 298245933.173848 54226533.3043361 7046185776.69242
33169087895.5525 17270605321.349 1356207642.79587 100830821.848638 427224505.637988 488218094.261461 642145025.442981 0 31202017.7914364 2449029748.31006 2953117247.82169 8847805707.38282 148284696.531616 2277798952.33484 0 0 216583356.23339 39378792.0424345 5116873004.50283
7036368865.72874 3663722980.8096 287700923.922958 21389881.379787 90629842.4488957 103568799.026499 136222294.641856 0 6619081.81578354 0 0 1876941108.70602 0 0 0 0 19528007.5292401 3550546.8234982 461357402.045337
49586973970.1192 25819131934.3685 2027497207.43491 150739608.94368 638690171.619358 729874092.652708 959991084.528805 0 46646252.3452932 0 0 13227252817.027 0 0 0 0 99415311.0579495 18075511.1014454 2348728592.23081
42062479586.6416 21901249924.801 1719837954.84463 127865873.160815 541773174.586464 619120540.437149 814318805.190315 0 39567992.9622152 0 0 11220104940.0355 0 0 0 0 20415644.2351146 3711935.31547539 482328193.047398
1541398312.00583 802581065.040856 63024228.3995777 4685701.91272854 19853519.4549688 22687948.1508512 29841075.5640185 0 1449986.73784288 0 0 411165746.410052 0 0 0 0 0 0 0
3116825283.33743 1622880300.28527 127439810.338844 9474847.66138736 40145334.8680223 45876766.4871779 60340937.2356727 0 2931984.08861081 0 0 831408587.949919 0 0 0 0 4438183.52937274 806942.459885953 104853955.010304
99085993558.132 51592467450.5652 4051398162.67242 301211845.065385 1276247473.154 1458453578.68406 1918279394.80245 0 93209766.3830406 0 0 26431043931.2047 0 0 0 0 60359295.9994693 10974417.454449 1426013788.14013
15635317485.2647 8141055859.36841 639292136.637233 47529854.2084724 201386025.572047 230137317.307793 302695732.122638 0 14708075.6602716 0 0 4170698082.45817 0 0 0 0 14202187.2939928 2582215.87163505 335532656.032972
62652686053.6181 32622235997.6173 2561724094.8914 190458111.049176 806979164.167433 922189210.682531 1212939915.82344 0 58937111.2971844 54473135236.6237 65685423103.252 16712512414.9825 3298258150.29902 50664492931.5356 0 0 65685116.2347166 11942748.4063121 1551838534.1525
4740057914.88518 2468071166.32518 193810055.667052 14409317.9973182 61052896.7742218 69769239.6360558 91766304.2149339 0 4458952.01756566 1442066057.99183 1738888697.16366 1264403519.46698 87314712.2591791 1341239957.72532 0 0 0 0 0
1237927415.85178 644568698.511615 50616002.1008552 3763179.71487038 15944753.4378509 18221139.0830018 23965956.9311008 0 1164512.97592339 238060479.481459 287060828.259238 330215328.494689 14414167.8885029 221415812.171892 0 0 0 0 0
17935819.5604524 9338889.9242249 733354.370318845 54523.1582039308 231016.953768991 263998.566146754 347232.861640786 0 16872.1480310669 927163072.77402 1118002451.23265 4784353.64798916 56138189.0017817 862337861.459426 0 0 12426913.8822437 2259438.88768067 293591074.028851
28695704.7849054 14941387.3941496 1173301.30594038 87232.1694856092 369606.433835906 422374.059476459 555541.476968926 0 26993.9256109747 323535323.303077 390129088.54422 7654537.30210357 19589528.16574 300914442.126148 0 0 13314550.5881182 2420827.37965786 314561865.030912
4200161481.16851 2186955862.50717 171734933.43184 12768085.0126723 54098922.4075873 61822466.7613317 81314047.8774283 0 3951073.77311687 11867170367.3144 14309808004.0625 1120386935.0292 718537517.896824 11037443807.4917 0 0 63022206.117093 11458582.9303805 1488926161.14632
14971.9786195907 7795.6660862326 612.169737546143 45.5133681597554 192.842087919904 220.373586756361 289.853661996475 0 14.0840756529851 1508.15060093034 1818.57552158903 3993.75340975205 91.3160219214354 1402.70401416429 0 0 0 0 0
699843157.770569 364396965.112892 28614975.555421 2127455.56903343 9014120.25691398 10301039.7465432 13548783.8486188 0 658339.437271662 611925437.274943 737878976.131033 186682139.258509 37051072.0945327 569140950.980166 0 0 0 0 0
1194910705.14567 622170595.941914 48857147.8323482 3632413.07132018 15390689.5750319 17587973.1488504 23133164.4564378 0 1124047.34186652 1944080456.24423 2344233478.76828 318740683.798491 117710852.91477 1808154608.79698 0 0 0 0 0
37079418.2078683 19306650.8017907 1516092.04697722 112717.848116349 477590.344452156 545774.516042586 717848.016306025 0 34880.448635223 32421320.332732 39094649.7639772 9890880.60181484 1963057.26788779 30154492.6263833 0 0 0 0 0
