-0.6354870862232 -0.148557072469601 -0.0913205184258018 -0.00630938709605936 -0.0278285899689326 -0.0337684671374623 -0.0153773953312395 0 -0.000983758503181484 9.08864793893322 4.93627013907842 -0.972443481914878 0.548302988780699 7.55877893320765 0 0 0.901610560933831 0.468049198298983 28.7304159978375
24.6501018474786 5.76242546217965 3.54225936098712 0.244736734836505 1.07945163934453 1.30985534122926 0.596478463971274 0 0.0381593077537841 12.8913264096779 7.00159914178338 37.7204059528272 0.77771224578907 10.7213622027496 0 0 0.732792649557021 0.380411484742716 23.3509217550923
3.36791693934954 0.787314001617363 0.483975091837532 0.0334381172149709 0.14748431807104 0.17896412838857 0.0814962118694666 0 0.00521366523242043 0 0 5.15369855076937 0 0 0 0 0.106650345485786 0.0553649334489052 3.39848369671504
7.43038257005027 1.73699183801844 1.06775794994001 0.073772010356468 0.325383590535476 0.394835135245199 0.179798980528588 0 0.0115025186091839 0 0 11.3702186165927 0 0 0 0 0.0422155404642393 0.0219151712792499 1.34522607838014
0.242327601633457 0.0566486398507273 0.0348228668839952 0.00240593188423682 0.0106117584608852 0.0128767866879758 0.00586379709481616 0 0.000375132467410611 0 0 0.370817758228613 0 0 0 0 0.00189456738004292 0.000983518585268182 0.0603716408425711
0.690719748532161 0.161468747301715 0.0992575410112143 0.00685776054755506 0.0302472813091823 0.036703416379593 0.0167139047614617 0 0.00106926079327949 0 0 1.05696233936384 0 0 0 0 0 0 0
0.114356723334137 0.0267330373882196 0.0164332454376287 0.00113538237077349 0.00500779076844786 0.00607667934970493 0.00276718218452762 0 0.000177028615395683 0 0 0.174992462679826 0 0 0 0 0.0015671949388605 0.000813571143124304 0.0499397017893541
0.248435913734012 0.0580765728222406 0.0357006411768521 0.00246657781454988 0.0108792473155508 0.013201369737584 0.00601160486622983 0 0.000384588369976185 0 0 0.380164900627664 0 0 0 0 0.00133829174013175 0.000694741613729598 0.042645550181479
0.649116113693479 0.151743114272001 0.0932790316374899 0.0064447018993292 0.0284254181742071 0.0344926854201356 0.0157071879390427 0 0.00100485676301185 0 0 0.993299073185943 0 0 0 0 0.00378878620010542 0.00196685622409844 0.120732174591158
4.04576867056861 0.945774607570556 0.581383478023073 0.0401681185929895 0.177168096540775 0.214983764988556 0.0978987388017917 0 0.00626300583892466 19.0068218509663 10.3230764104964 6.1909698219234 1.14664989755674 15.8074518409806 0 0 0.0693615854700543 0.0360073804352741 2.21025273124599
2.87997243721314 0.673247786368482 0.413856680521044 0.0285935958830438 0.126116759592 0.153035768485579 0.0696890238530278 0 0.00445830833616914 4.57635517040809 2.48553200930282 4.40702963974751 0.276083883380269 3.80602893690882 0 0 0 0 0
1.60378547325848 0.374915053258648 0.230466557128896 0.0159230668713707 0.0702313065064633 0.0852218372699503 0.0388080950556605 0 0.00248272172763371 2.35059736139769 1.27666773342151 2.45416588892289 0.141807622798695 1.9549272823821 0 0 0 0 0
-1.62000084954803 -0.378705702797862 -0.23279673283401 -0.01608406004989 -0.0709413934110386 -0.0860834887703915 -0.0392004716390009 0 -0.00250782375512247 14.3031631896369 7.76840271751769 -2.47897919720471 0.862886006652437 11.895548086193 0 0 0.317369105676633 0.164754453766558 10.1131761605669
-1.83755152586986 -0.42956226981361 -0.264059115620834 -0.0182439960417944 -0.0804681465112548 -0.0976436809810106 -0.0444647214198444 0 -0.00284460058716862 12.6831236035583 6.88851903331995 -2.81188247999626 0.765151717354594 10.5482056457671 0 0 0.545210038527155 0.283032533661638 17.3734779646528
0.765065214821784 0.178848399953688 0.109941104330378 0.00759589407666585 0.0335029406959355 0.0406539804266785 0.0185129021777826 0 0.00118435044060825 13.2789860723543 7.21214672046086 1.17072824534461 0.801099107410658 11.0437680997742 0 0 0.0880031687348687 0.0456847050809427 2.80427909391605
7.91499048984663 1.85027806431831 1.13739688899708 0.0785834046744595 0.346605036868649 0.420586196075489 0.191525430561816 0 0.0122527103473703 5.55864533261342 3.01903816205339 12.1117817783102 0.335343812404461 4.62297269292874 0 0 0 0 0
0.81077341911037 0.189533553380346 0.116509446948878 0.00804970464272534 0.035504546870064 0.0430828197027128 0.0196189405890491 0 0.00125510850258759 4.94225004270113 2.68425859044862 1.24067246025327 0.298157711457424 4.11033365539283 0 0 0 0 0
1.6208890098888 0.378913327001357 0.232924362906316 0.0160928780849292 0.0709802868055478 0.0861306837707783 0.0392219631735634 0 0.00250919866156253 16.3736928710078 8.89295874685229 2.48033828970714 0.987797612898248 13.6175507692416 0 0 0 0 0
0.333814987040614 0.0780355388745287 0.0479697516058483 0.00331425770462554 0.0146180789527091 0.0177382368017376 0.00807759140114641 0 0.000516758466237787 2.03484363827074 1.10517405413643 0.510814799152552 0.122758726717298 1.69232358087553 0 0 0 0 0
