0 7.42716316660472 22.5063353064443 24.3830594373434 23.3050792471378
3.47761246648399 4.30471728100914 16.577839923904 19.0808865242482 0.167374380777434
2.57536980978544 3.18788796394593 12.2768332765507 14.130481637068 0.123950247861156
0.09520802868448 0.117852017819359 0.453858350869538 16.3247851002461 0.742555041938635
0 0 0 21.8391316992121 1.01988840860912
0 0 0 22.4735201788366 1.04951437844324
0 0 0 22.1912049225061 1.0363302435852
0 0 28.4462832724328 11.1731991868669 0.52178889228355
0 0 14.6340808359624 9.33199012233238 0.0343263728472997
8.8908141371603e-05 0.634219561733997 16.9248783017989 10.9021408012789 25.5516877412353
0 0 50.8484322097328 0 0
0 0 4.7566814869591 0 34.3203527194782
0 0 18.3643940725893 0 92.7761524649394
0 0 19.9647194428246 0 94.0881952799364
0.750423283691003 9.80809719933388 21.4197855572993 10.3832251403568 72.9297957790322
0.0169593287370571 0.194780845904305 0.00726278970609961 0.0564548055779843 0.376468483890112
0.00366079741662504 3.11603348391956 7.29775660495929 6.53377121300601 12.6186290814372
1.0380135721858 1.95256948988766 23.4821505380349 13.8441813735018 39.5945990624116
14.6405635099904 6.2458601303681 147.796017078274 102.989624270637 237.947378467188
124.380755025327 125.967361303523 731.754968977516 1252.34072418687 837.207807627316
6.21415906511839 3.23699885788974 98.3780923514426 0.727823447854006 106.002867845101
3.04898439169116 1.61017330381099 8.10967225127014 377.880165155311 124.833884336862
160.551667981957 173.318853790366 531.602116311945 944.879591531924 792.146800779982
0 0 0 0 0
160.0300675029 199.02594203066 989.818556321585 1800.81319321954 1438.73056344261
0 0 0 0 0
0 0 0 0.585631556607175 0
0 0.152310720732929 0.464842647685951 1.08901561754105 0
14.8665618405287 9.87946649069897 26.5182254281621 51.0971408501599 39.6979022434087
0 0.49437398209158 1.50879799975114 2.03065126466414 0
7.78902406806396 2.09515978744045 20.7316701240983 18.5584448103753 36.7821840245997
16.0317469014731 3.9413169414011 43.3787808810296 47.3048041522452 76.2692760974998
96.4036955340798 110.169445021079 259.47017778474 450.573644035612 487.847012031862
59.5022345614455 55.2555850047346 276.44283686911 411.276592864409 96.7497143087973
53.7797606640084 44.1163597494264 147.882853948849 380.414078218012 314.3588393653
100.243909528174 96.9708736830456 457.139569099196 665.244859103983 184.788904909131
97.1152302169647 88.4714075186442 318.083097997535 598.928052275492 662.793537568345
92.1620599729412 80.4583775053 214.384380033479 552.492592613008 948.629725266765
59.9068845258021 115.679683738209 281.65634869156 709.909530465896 693.909076883715
31.3482816183724 13.991570324275 47.0185003652965 203.634449504677 87.9167631893911
20.5705169194928 22.5886910638004 69.9028680117861 122.047273961626 109.053764386919
12.5484265850235 7.77653055481671 22.9910324956263 29.3348304240061 26.2453774988518
24.1822827351394 79.5366651165891 216.296041221255 245.160425099821 332.774782005479
11.498987161263 11.9035600837185 50.5102247393684 61.8354366111762 41.1225895581489
10.678911515949 5.76276509372061 34.2885307649102 27.5038654017603 14.7221727409432
15.9588497271789 9.760627356748 32.5452277884106 45.7984342401737 34.3595613868388
0.0012810421996992 0.000255496754048179 0.0160992666892695 0.0383185719608641 0.00676125682618743
0 0 0 0 0
1170.95035480781 2359.28855809408 7903.43351853267 11400.7172522661 14717.5467376835
0 0 0 0 0
0 3.04531651390438 1.06424883471834 0.601712134368571 0
0 3.4271777774949 0 0.268218216220406 0
0 2.68169208932777 0 0.209874921976655 0
0 2.19366393851334 0 0.171680801748532 0
139.919242085282 277.491338450465 1363.60963312497 2210.00636859071 1856.10851584842
0 0 0 0 0
1.30068024018286 3.5002982490619 3.1949178892315 0 159.415436325401
0 16.0653126571431 40.1024834745445 53.0665498894438 0
41.8858287351695 61.6964283501912 180.19561077031 168.938678115383 188.335106957238
27.567767609099 30.0964519489339 95.8318006650361 178.379289475733 229.866035333571
0 0 0 0 0
6.68356969516997 15.4348545635386 42.1164999066417 42.5744971948867 101.430600954374
0 12.6180645240821 18.3300546434697 0 0
64.5483416455337 182.777094766025 393.508315813992 659.757591417251 1258.34114375566
0 4.4259884004646 3.17158616542129 1.21483279798547 4.14429640148352
0 0 0 0 0
45.8071914569398 221.40998212351 720.558336600011 1806.52754410009 2030.25301263119
272.199517157087 405.215335535404 1483.59261402326 1885.24402219699 2405.03619468498
0 0 0 0 0
22.679649957817 137.114022530031 671.572170735327 1972.726666124 3779.7139627203
44.211708889751 91.1107250157169 458.135063138441 594.970684637782 979.498464927339
25.8269838070384 125.148389389249 735.964298919176 2230.45400998931 4583.00828049528
23.9856697351953 116.226035460018 683.494315196001 2071.43558236816 4256.26638522412
121.816015922044 191.800862013519 765.783929909814 857.059347383253 1288.3060511177
395.095590038911 373.886496624894 3236.22658670027 2292.04500294044 2804.76019410621
225.989258070038 286.892969949988 950.590221264004 965.320718650294 1559.69520543942
0.426261190208194 0.403379098811008 3.49150390793884 2.47284418150026 3.02600294392184
108.660566165585 143.890887660673 351.413095748424 830.974842751972 778.131194774596
234.241397424784 329.052992694054 583.337967432659 365.58237488541 2465.36235504224
15.3005752083425 45.441361377419 60.611060873094 22.5166509885582 776.058616068405
106.211073720991 119.419821622451 314.636528529789 277.31221849857 1203.27592232307
13.3377980438999 22.203424672384 36.4740200526522 20.6190668829857 229.418130361335
0.00136018651736115 0.0392069031749323 0.0384406425343058 0 0.97215053280391
178.078480640362 107.956451621002 618.01195425668 1421.95339462809 2258.24941219277
0 0 0 0 0
23.1449840666336 13.0851845583991 110.305904805854 201.842803697582 342.788208619811
67.8175785247335 38.3330766933088 328.884003501112 598.809231777937 1000.43488058299
140.605090911669 79.4753491739752 681.869895941545 1241.50151486428 2074.18548989145
3.72657140339214 3.92406811573191 10.1008682712046 18.447771910783 23.6859653591599
278.107989542163 873.917834364069 3876.13397065179 11107.7981223899 10830.862416526
0.256833961801693 0 0.000644055048865679 0.0016101096229464 0.00232238362641689
0 0.0671541263931397 0 0 0
0.0887202499174304 0.363343061145781 0.240415452076062 0.601514472084771 3.14985889781781
0.816855928284427 2.65811078343921 4.60193014753443 13.0100164034189 14.0950199494112
12.0686627862272 40.47771872239 42.1282014971314 149.776639397814 112.582994514382
4.24044862638007 26.5242399022315 19.9841751915569 99.7807613995078 85.3576233465431
0 0.4269258514253 1.31854602135775 7.86634629924905 0.139512180016501
0.230826896675439 1.01586397554259 3.30598916535032 13.4406479327531 13.2958947901882
0.713155921629035 1.84703719776409 5.57548344181729 19.9175523984232 43.2665210733776
0.00230349472496017 1.79427401947134 2.29873955804883 4.5597871024705 18.6918837120137
0.254202791885732 2.89524757750722 3.37768132181299 8.79230780888573 8.86648713352246
0.491549440050944 4.73000734589682 5.26793751345661 13.7628975632025 0.0686141166917761
0 10.031136194643 13.1671177159849 38.8015257607866 0
0.542673868565771 2.70920322861071 0.748528825828181 3.72956345464867 1.80481636206862
2.94398452075489 3.33769784544746 8.29231271863987 13.4154170262688 14.3909860822724
21.1680275394875 48.9739146412693 152.227925775011 277.285227272633 146.672159235827
18.2321822318397 43.4437818433906 134.128380642633 245.467302177537 131.428298777717
3.62768444493228 10.0952754800282 25.1106521770801 57.7043941991998 35.5083507113574
26.7948774807962 62.7122465124131 195.69092418518 356.612807866453 185.840521981395
59.2203450052344 104.231136066289 337.768596592185 722.592263219652 373.200112522444
48.6908071137352 106.144190181299 222.820169422241 747.179249618625 578.545579004592
198.000807860401 425.849855453829 893.207576876318 3031.26944917036 2332.13428553376
586.11234286553 1140.99976698317 2854.64393995297 8109.13633534211 5321.25272577734
1302.4679247623 2596.40846405299 6312.89455818908 14560.8758139698 10659.1141294015
1311.89724899288 2713.00319783248 6871.30560936875 11617.8731702025 12398.6858453625
850.633993572257 1930.6625958771 4103.3769392132 10135.8688669202 8839.33390587318
1501.81869794391 3325.7614680868 8937.54833566822 14794.0235298145 12551.086410621
1313.99232985339 2752.43368909756 7745.03729535297 10026.6164305991 12290.6179873113
1751.69435860755 2550.0754194189 9284.1545903746 12108.3931157262 13081.7021451865
3166.07721371002 4720.75226974792 16462.8234851444 29165.7345616624 27842.5321235663
2770.460251415 4896.09405148401 14256.1764410787 26442.2148377076 28284.0881306821
1293.23945790858 2561.83365244919 8169.01708984771 19546.7140906886 16241.8010449144
1682.35802277808 3256.92645499677 9110.84962072653 16616.3292644104 17197.5298945451
1613.40569046721 3170.86769702243 6955.08755872819 15658.8052596982 16687.5592471787
1639.89972354216 3212.73424007331 8650.7838291027 17627.331796491 16024.6016481019
547.759761038245 858.655159477189 2409.86718909467 3918.14229718794 3517.64312048615
293.181645580023 584.651853070019 1392.18232409525 4256.71036817333 3465.5078971832
326.705843568796 602.473074961246 1737.74967105161 4890.34401056615 4587.044876573
64.9524521078978 123.004302758754 232.822005207947 922.732937989969 1145.63084758761
112.849036071991 164.520373562554 259.970757790405 606.497594945714 949.219757699871
76.2612884671376 174.296340500641 322.372948997915 859.141326349591 609.248130698597
0 9.33436514412338 11.9492103013901 35.4944655935032 0
0 5.944588672518 5.61450527046926 18.579365873886 0
8.12959805433472 19.1177111428186 47.8362465373466 148.410262855988 62.8462640403759
28.4586777705194 72.2101576997029 166.003513101117 377.309693824645 288.631764853444
102.576505447932 207.151761014112 533.279729185015 1331.49021324546 1259.54488352417
75.9759701820885 148.351329052625 341.533980535905 867.814676952598 862.631161859834
79.8506293108169 150.167157210043 378.350526348553 1015.15910817511 1106.23443977415
29.5581442073235 81.3445971303214 212.402910840885 516.187640427362 490.734808274911
314.647211935565 664.377820229656 1830.54869468269 3637.17095593765 3679.09581346211
1785.1151545836 3598.87093869475 9870.40942325245 24062.6272664279 21012.0357360527
1328.95081543028 2612.08256581288 7683.36653174593 16222.0147467875 13813.9723726795
2588.65172097304 5407.78343016053 13569.0669937828 27327.8339144737 25162.4793427096
2352.73322241673 4795.71704822983 11757.1003062137 25289.7002444557 23136.159502578
1132.60865497283 2376.86215510265 6160.33426878203 16972.4783181095 13419.71509497
460.334038542717 1158.282173391 3038.6738421173 9895.41352199707 7064.61354332824
331.299268009591 519.818143988918 1373.46824039812 4551.74837069926 3908.33428168698
333.283015958794 485.076826083571 1417.05490894997 4153.55152954806 3540.37825272929
217.524879578368 213.313655538502 648.199867473693 965.460355533922 816.39315807268
842.069139209926 1288.04025276419 3911.65392282341 5430.51281638751 7343.70425189881
1884.73484365111 3045.04844890143 11833.7113129531 14598.9693663386 18419.3429295725
2460.7505196328 3859.22004126409 13426.3765574742 16639.7999065959 27233.9761627409
2552.19780542071 4103.0792733936 15568.1084863069 19983.0773685322 24944.2772740169
3489.06967566452 4466.27683948609 18170.1621530064 26196.2486344861 32583.2674575781
2923.38415516314 3475.00215924259 16603.5276731129 26895.2551720125 25089.5131117351
3413.07488902312 3890.38597514227 19763.6695949561 35115.5992263589 36793.7102187403
2385.37655069868 3098.95886459369 15704.3221579848 28262.645575399 24850.3841612684
596.348067809006 726.97216862388 5231.29737261636 9116.56003551588 6092.5704553029
153.972337260161 262.820033312759 1038.23575025924 2140.84978329717 1564.39629363751
280.232772437672 585.058940119211 2638.47242297144 6253.25260041063 4445.07382561687
234.52532535021 576.922115548008 2451.06382242273 6518.52239478009 3989.57320047312
274.744733838849 550.79745675652 1870.47749235101 4217.80649080861 3025.65565119467
144.787536686956 243.288341942739 836.368129566547 2270.27169975778 1885.89749092756
224.389336485761 300.954154210721 1197.10803190573 3073.43133485025 2501.00833604462
667.003347851497 941.711481856009 3063.43601403044 7855.80050326228 6822.40678290008
1236.60728837749 1490.58190691183 5451.03556534817 15952.3338931392 12983.4628639673
578.669195450694 824.941844466248 3721.98915144589 7838.17398143996 6391.58968657333
943.937386752123 992.659179246155 4488.38038247421 9241.99511104413 6985.63672005438
807.863011288703 897.805394222201 3557.85999013721 6901.46595050106 5677.50594650453
101.298939825383 174.88992727183 742.167452683445 1466.81872045876 1145.3562923218
134.688136216312 322.337561484542 1358.24338996113 2651.82349939454 2311.8654909268
83.9373992377757 139.930844481918 562.340221621632 1261.62866657334 866.037287377723
134.889440758888 322.819326376332 1360.27341704447 2655.78690798816 2315.32079915381
95.0776857970757 204.36628477932 928.673951359429 1922.7338919222 1658.0523073546
64.9515474368864 108.502151225346 568.477261306311 1319.26924699273 1078.70520197127
30.5628302560636 25.4946021701943 246.706125851585 708.770799615482 579.041772666022
39.1430359849786 32.5193506507995 315.23714336786 904.694242217819 740.707985237413
20.9209942034989 22.3040197979234 194.919327461913 588.95330211306 429.207594383591
26.5501178630779 36.8785573330172 295.327528750094 955.300561773898 602.324160278305
40.0650063441257 66.8520433685785 359.13009408126 1289.03632701868 786.284394249787
41.9390932670028 60.9204054273496 194.178882811334 634.987854811607 473.530143496508
4.97177420103495 4.93215532050413 1.06229341973228 9.34890559990193 34.2256575744681
27.245125888088 3.95059234700004 8.77447084933643 212.438511976308 98.5448658929617
25.8488388282237 3.70581174803721 8.32972798830693 201.736275026453 93.5808134432376
3.63198980615667 3.61777411192522 0.902074217291148 16.3472832373248 19.9458803179564
0.801938736258395 1.78597943873017 4.35186963196617 81.3224722081915 7.7870732823259
3.0405534030129 2.42451631573327 7.1721004087803 114.590144273531 28.3079607314686
69.4971811614469 37.6188048022274 139.141772092515 307.36777190764 172.177229156261
54.4965124443069 29.4989470045127 109.1086168912 241.023755594217 135.013512124225
71.6807741193375 38.8007830620302 143.513589605283 317.025229821808 177.587016701763
13.4537774621734 16.0951575510921 42.4867943776224 108.894381056583 95.3807244477057
25.9718527657656 32.4379596419753 87.8932967410102 242.47758045223 230.865679296683
56.1821613062974 30.4113882639215 112.483490027971 248.478937606923 139.189657768372
47.0225359693484 25.4532856207114 94.1448109652068 207.96832143119 116.679382581625
33.7544468211005 18.2712726609775 67.5804898587154 149.287049316067 83.8100696303972
114.930737883898 140.501997642895 496.869384389316 1062.61495855987 856.873083632225
263.067580351299 140.129625340278 292.242352695349 762.687430171026 747.195547441362
68.1901012218145 35.8682191232353 128.723703282646 181.352239834297 172.021014468172
13.4554618855807 6.73330142548266 65.4881441415628 23.4152130084432 17.5511946154175
12.3308123469244 6.16447272615656 60.7174711326938 21.2411664267406 15.7967332542162
84.6687706727374 65.4821227513836 301.551154457091 559.743945203406 587.469173516223
14.4634491555861 4.52777657229403 30.9122164962983 64.4687936335016 117.268242160762
506.318413895181 465.167442990341 2284.5244334009 4300.1909627954 4693.45413710634
1864.72510923288 3236.88031450595 9692.81244280977 23803.635393065 26931.8945187936
1814.43874562811 3149.59080484341 9431.42469807539 23161.718652327 26205.6174747233
1861.33534051208 3015.58481611367 8756.06105606596 20895.9235971604 23839.8573128448
1697.96321232028 2512.60965013521 6970.76505488843 15893.1495944866 18381.0757734749
1256.73803181056 1788.52070999403 5416.18230904937 9020.07830242937 11027.874769956
1119.72422357466 1606.00059943159 4912.27803255706 8095.51404093906 9908.17724599778
162.74543196876 414.81768635323 1973.45220282803 2032.44965023422 2641.57282235464
380.338941903939 1025.11557986586 5412.82376157262 5787.29033526938 7198.78290421862
265.24843263727 460.058128047795 933.818932630552 2960.30186124235 2867.59207733848
217.869629623176 361.992808426506 1117.98676599736 3236.15735928496 3775.52276824092
359.497016526218 571.135643055481 1322.43857830175 2669.66991822446 4453.21116884534
304.255880934341 385.3510067696 1364.41498323327 2334.5134802463 3160.2676731262
70.4882012307866 96.9907050131802 435.386730971694 846.830007658271 973.392294282192
1834.08013311246 2920.31574194926 11793.649556185 20065.863307588 31130.5810574141
1311.76411437969 2252.89687792394 8649.57841880091 16890.0961890293 22012.173895102
1262.27677411747 1853.77916091403 6246.71601945683 12596.9431019546 15566.7227667889
405.336893975242 548.529647528347 2152.16862524909 3097.60684806976 4053.25460799976
0.815951728520572 0.0812875155658441 0 0 0
421.268877370596 676.792085875665 2173.96719379805 3595.69454984022 4945.44397926539
903.653405561709 1343.26901082103 3263.3328235369 8358.64466678008 11985.6693796774
188.922605289732 407.27885614105 705.757530094808 1311.57869430862 1527.03715187125
461.395080505171 935.712145407048 3317.29743091873 6908.00920520466 8131.76388930069
400.786986411616 419.586718486566 2228.474944941 4479.55133030434 4678.9021768385
1062.89795634755 1684.82263483029 8206.03598723108 13447.4497697891 16670.5468084658
1777.0818832429 2632.73327065057 9761.19798531271 18240.0833855936 25095.6652951851
616.272480859126 939.343097794691 4474.37073846335 7239.1605412639 7876.234129649
346.856216787356 966.167579553158 5386.45286541589 5860.93828782244 7141.40460347311
597.45444051806 852.62128087616 3272.91238641504 5783.83275123003 7101.21888562406
33.9455607593142 110.826896447578 761.185333361165 876.761477018823 998.557825122282
494.812339968377 669.613949457334 2627.24565489731 3781.38312987884 4947.98382995077
0.268575450762489 0.506171455866746 1.61294844194268 2.71613196024954 5.267598221287
0 0 0 0.0292782931144227 0
0 0 0 0.031582455867828 0.0209341043125694
0 0 0 0.0209152085548755 0
0 0 0 0.024534207297367 0.098959672182773
0 0 0 0.0122105431166863 0
0 0 0 0.00356796340268945 0.336463417551044
0.140980580158114 0.1563242824914 0.765286273069166 1.19529077759831 2.58532960327489
0 0 0 0 0.295229203794414
0 0 4.57892413010847 0 0.301683005886266
2.06572896335739 2.90409527051777 10.5766018519193 25.8606212220111 30.8533803356715
0 0 37.1516764196657 0 0
0 0 42.8637684651951 0 0
0 0 43.8935638467067 0 0
2.04362584818101 1.885444973622 35.3576760690428 38.7014425428857 16.5580148504631
0.261864454853537 1.68704764877304 35.3320601012731 25.4533091309792 35.6156427637674
0.576453445959669 3.71377028309285 32.0123223432191 56.0314601225134 78.4022406275997
0.542007604037187 3.3861405014198 33.820437586383 51.1844522664916 71.2677262420908
0 0 0 0 0
0.199661828492367 1.28631057810489 11.0878664324636 19.4071938672059 27.1555922361514
2.87486854793844 4.01075878788969 21.9315682852921 83.3115385123625 55.447249424428
0 0 0 0 0
0 0 0 66.8732726049525 107.880695710588
3.98542049853568 3.81964493301043 15.2567417512613 52.263827856203 92.1906444692851
0 0 0 0 0
0 0 0 68.1294080086297 109.907107100022
1.87333589420126 3.35784916386281 28.606633629633 64.7868595881856 121.852398213916
0 0 0 0 0
0 3.64830648632044 31.0248264824861 69.0192027872628 93.6084349692325
2.10385124018444 1.87505698361755 6.24064968389563 21.9945362721712 48.3285915963933
0 0 0 0 0
0 3.45395918304145 0 36.898919745907 4.93592912276912
0 3.45215981712187 0 36.8796969771534 4.93335771350391
0 3.43192211426978 0 36.6634959933528 4.90443673859024
0.28621860243567 1.3160398075496 1.32076717689118 12.4911240683678 12.9896015874974
0 0 0 0 0
0.527392481207649 0.212110198650335 0 0 15.0121540664431
0.500783592674852 0.201408459748726 2.60933314820338 6.98291924616511 16.4343243496577
0.119226583469213 0.0479513364433016 16.3406474645894 43.7297252571394 17.0431901865849
2.32631392288682 4.89038397423366 5.0656043351469 18.7954905664488 11.0158314612559
0 0 19.9105058049975 53.2831364528247 16.6313419329062
0.273405425230986 0.341681953351807 20.930635135301 56.6132345772095 21.7451883495238
0 0 20.0807178173509 53.7386462208317 16.7735208512251
0.731123862819032 0.763004925529066 5.34147274605888 15.7332023045496 16.516432225814
1.95483199895847 0.284455575309657 9.31184942519839 25.1124177300508 46.9396430674479
3.52493838533461 0.306103672026805 0.762892286042203 1.99638920517484 72.0854838494804
1.68246178746694 0.146104037826898 0.364130370209992 0.952881492792199 34.406579278776
0 0 0 0 0
0 0 0 0 0
0 0 0 0 0
0 0 7.11917005263031 0 15.6451798619026
0.273914135631937 4.37567242555843 4.59989042138458 12.6243288216188 25.3589171275729
0 0 0 21.1990318551875 7.72603872646031
0 0 0 21.3247509117563 7.77185734243956
0 0 0 21.2372314134084 7.73996064837467
0 0 0 21.1987978206116 7.72595343198984
0 0 0 21.1175778531697 7.69635261728734
0 0 0 21.1841560703986 7.7206172105085
0.00302722968364575 0.00145199171220143 0.00169563761097756 21.1831368228863 7.73383225658954
6.10104935938225 2.92633002160781 3.4173716041725 5.76748341778613 29.4841005950711
1.42902931669258 0.685424940016973 0.800440042479793 16.7401657842166 8.79541620679019
0 0 0 19.562565421784 0
0 0 0 20.8575369039164 7.60158006077998
0 0 0 19.486354687105 0
0 0 0 16.9433382656766 0
2.36535764802007 1.13452894567987 1.32490422284905 2.62923246066386 10.8020234732723
0 0 0 19.5379815140811 0
0 0 0 19.4978815694335 0
0 0 0 7.17330396265666 10.6870330683081
0 0.014361751323457 0 8.04429268866788 10.0761234047143
0 0 0 0 0
0 0 0 6.97282663466733 10.603771074559
0 0.358824609764752 0.0343709849056532 6.04761715253262 9.41411498517037
0 0.126488438248485 0 6.86922219112321 10.4462169205253
0 1.34291239089154 0 3.37226066456921 5.12829042859722
0 2.47076500745283 0 0.0872680686026311 0.132710975055723
0.00310225036248237 1.29134095655616 0.0406648881579661 3.58091046876981 5.43301997439188
0 2.45868583678521 0.148243576298069 0.504367048802873 1.70438327820984
0 0.240944928562726 6.75288207115352 22.9752363386952 77.6391096950826
0 0.205344955433685 6.99299939642937 23.7921841602475 80.3997821250688
0 0.194234873784644 6.99224756577348 23.7896262173094 80.3911381916861
2.3970597992663 1.41020074760247 9.48235388633722 20.1346201525704 47.7477659483761
8.46307537253206 3.00911648638911 13.9215253408161 15.9625830635598 0.0221581553801758
8.46807191972661 3.01083948165844 13.9278161166637 15.9654462836029 0
4.14461518910706 3.59513752317552 6.88019842161431 35.1081168761982 11.0016115049246
0 4.16455737867852 0.124385808496152 53.5784820280944 21.5963204143467
0 3.90675765992536 0.116685920241192 50.2765215658392 20.2594375663815
2.40234506873314 2.80406545895589 4.76327496034275 28.6791252605946 9.56525659711667
0 0 0.703186042843158 1.84571433611255 0
0 0.000456319996925515 3.28646087777813 8.62108151041009 0
137.27222025501 206.144689809851 509.987369878386 886.117229721851 401.990564420287
5.61984735341015 9.45939124891226 12.2302489544588 25.9292655910931 3.91494323387643
0 0 0 0 0
0 0 0 0 0
0 0 0 0 0
0 0 0 0 0
0 0.0599894750537971 0.203656054881858 0.00652789657786179 0.0123031651979816
0 0 0 0 0
0 2.79047095839914 9.47326687123589 0.303651695628623 0.572294142440268
0.00511271087189915 2.38717808780743 8.0504528191101 2.88087417376658 0.571507882278669
0.00302741828509828 2.98462941956875 10.0931169011284 1.87680204488181 0.609740204724864
0.0135224124655562 0.0516959586225766 0 6.93796410640071 0
0.000383918686687797 0.00146771477293715 0 0.320338928995076 0
0 0 0 0.125283030543702 0
9.49227435673511 15.1701783631981 48.6680491242489 43.411466488876 16.7832068717088
0 0 0 0.123898955233226 0
0 0 0 0.0630409684127151 0
0 0 0 0.126041066884807 0
0 0 0 0.105525645190385 0
0.000175182524563599 0.0227689078980159 0.0518159464212954 1.45145168521538 4.34084100227238
0 0 0.000277697146274215 0.00760216041576045 0.000109615791175904
0 0 0.000481079585212983 0.0131699019187082 0.000189897231783664
0 0.0120151139672734 1.72681013549645 6.09180735143536 0.292327409617493
0 0 0 0 0
0 0.0587403680420998 0.241367147585578 0 0.293927340744452
0 0 0 0 0
0 0.112938657508888 0.464070664241116 0 0.565126851861809
0 0.123816751305221 0.508769302644392 0 0.619559081153141
0 0.527748219580837 2.18628478645692 0.0519677818013954 2.78434294543836
0 0.234511129601985 1.14731323833887 0.560208975975786 4.28581879960889
0 0.0229134343625472 0.435949342364535 0.962514243425173 5.50113998188734
0 0 0.233855131699423 0.713180284028929 3.9622282696926
0 0 6.60879213719701 0.138218431938247 10.5508239305798
0 0 0 0 0
0 0 0.629890948060747 0.63730068515194 1.26804136091508
0 0 0 0 0
0 0 0.0037878546176644 19.3196924183181 9.98476411874017
0 0 0 1.31379258334836 0.678607676677788
0 0 3.29135572780521 6.13713930505919 5.6738853685782
0 0 0 0 0
0 0 0 0 0
0 0.172463443817503 1.29229476458262 4.09367270819926 2.31510351462334
0 0 0 0 0
0.843386737556606 0.518441313684395 0.975629190701013 3.98920863845636 1.78510794201522
0 0 0 0 0
23.648365435028 39.4026666980835 186.823435648856 433.308920229666 391.881639788312
0 0 0 2.1965910878878 0
0 0 0 2.14478989221384 0.89958913144571
0 0 0 0.749534490780911 3.03763686103478
0 0 0.0502030396353785 0.0706104223218362 6.74561425462484
0 0 0.00776442129657268 0 1.85652026470258
0 0 0 0 1.31353993261735
0 0 0 0 1.98647627718721
0 0 0 0 1.40334152425889
0 0 0.281085410427437 0 0.0296701167337401
0 0.000418451866754192 1.22549351137412 2.3759979072024 3.49584614883142
0 0 0.110715164561726 0.0718224299508824 6.51832310772215
0 0 0 0 0
0.0174914892120385 0.0381866069978209 0.516485451745694 0.495054598804964 2.07789541064825
0 0 0 6.44302901209829 14.5961225892414
0 0 0 0 0
0 0 2.19093652178109 3.10266323592176 0.776775804786568
0 0 0.321024100670669 6.56124373286824 1.64265825629813
0 0 0 6.79921588564999 1.70223643041438
0 0 0 6.95688676204634 1.74171055718592
0 0 0 7.12780527634399 1.78450133285225
418.976136223374 709.53413722965 2132.77517447402 4772.08997732724 4541.67046255803
243.559282136266 441.936815379563 1430.35171706844 2365.18903939825 2608.92551679764
105.763220859668 241.80598193845 598.578650527886 982.044055413651 1415.54114148851
441.728876815462 266.475271224841 742.403347273986 2365.97012963694 2211.3969646419
450.579203410767 696.907072960448 2786.02799831082 3832.94623093078 4495.69788225272
368.641605162202 481.465264493527 2533.09292884201 3198.53911112931 4504.67978207201
744.961267482252 1263.91395782083 3263.77070522139 7230.6662371091 7420.8917807681
482.215819657369 466.204314587364 1617.37941671382 3115.61988842856 3728.73284233938
396.236831532581 255.882949217021 712.949949407217 2138.40934948617 2012.44719866571
230.646750949507 556.214172578854 1558.27327395368 1642.60506887616 1891.2422907977
204.291880672988 494.583157091828 1379.16947328697 1449.05405102759 1657.26043798043
137.953252568942 208.0769688388 796.969886447561 953.056831339091 1015.92769824079
83.0058915693256 38.0112412299591 540.911332202502 346.505324539687 4.5190206236662
224.311927843454 369.100542477995 1446.47408309076 2357.46011365028 2691.4855732555
83.4400780208641 120.630781792658 636.882605189152 1488.69783124332 1442.20641583085
149.071778402631 156.300392257957 900.671961517189 1955.05380660936 1841.09864319683
266.983079850551 285.861780014048 1641.57918762375 3933.91397444587 3940.35373605543
43.7639644419823 26.4661708421574 238.160678232105 281.126420891988 215.701185042125
42.0249767205734 25.4145214608899 228.697218958047 269.955691724092 207.130167378063
185.308180909602 111.342292825877 809.39616881935 1397.7540790913 1723.47451882615
19.1073468753695 11.5551301896859 103.980952116137 122.739795361442 94.1751373893918
18.9651233507702 7.91597453343951 32.8402768172927 64.8784351989811 168.111566888605
76.2801672380812 64.3632917817703 387.962367119711 885.837704867273 973.55519230829
18.7824318505379 7.83964951728317 32.5241339343534 64.2523113041377 166.494501974264
73.5243735752343 32.3700386123245 263.496157401924 409.043677351479 499.650357712396
17.9469513614588 7.49092607907085 31.0773947930867 61.394238776575 159.088490386129
19.0971495893619 7.97101039690121 33.0691071290112 65.3289206744669 169.284277739455
311.220836667024 205.573107195404 1403.99917702373 2225.47377405885 2440.70371068621
37.5096120405495 7.12187598570385 22.9232600386074 155.70326293138 248.493578678603
188.599737368109 139.830401568472 672.060194590374 1097.05363806887 968.344198536352
38.3252218672745 7.27673421330634 23.4217039075509 159.088878094839 253.896828502388
56.1240583719178 68.243840805555 311.251748759772 584.232863554322 611.559449862869
0 6.23905196989832 2.32134799765992 0 1.38069124066871
142.270598619336 215.102202873745 943.404862811874 1657.85183367902 1395.39478794991
0 6.06163827234075 2.25533814014155 0 1.34142990106548
8.55735238680787 6.80119370139295 6.05356179250488 9.27831143995452 39.3664035620679
4.00909346417085 1.06501334152087 0.869405654711383 0.758903968814196 20.8880744997701
0 0 0 0 0
61.1343641690595 88.080478324886 398.622151677142 843.615205336059 509.367978700715
0 0 0 0 0
178.629818669215 190.922555070761 709.758628486584 1110.20448872663 976.961436150598
0 0.769646452774344 0 41.5073302739166 0
0.837221456818715 2.04964808774534 4.4728073026137 2.46389809240287 0
10.6250652292864 7.91398965893097 14.6709371568918 73.2786738306486 48.6215890549769
4.55761891439395 3.49579066073376 3.43889136989243 19.2496090835738 20.9041186822084
9.97154060606336 3.05431390938781 20.8321079452488 62.6258953394534 129.353644982727
10.1555428426418 2.06300388876463 27.0880172408077 43.1101948898415 303.269304156011
0 0 5.17491513171951 5.63679044909834 54.3675965814707
0 0 2.46958504834961 3.31476016853563 217.262622754436
0 0 0 0 393.424639513371
0.0185780770482299 0.0229966306160304 0.252153882934966 2.69419637360548 11.1118855658927
1.38205452744001 1.71075818967919 6.62332322375929 10.2790506083524 1.68724474949802
1.18211206573922 1.46326201856007 5.63514905321049 6.48598611912599 0.0568939975110784
0 0 0 0 0
7.68408862816601 7.72578330538266 23.1470325705727 22.9914334849997 62.5594677119399
23.8889923887238 14.1677074849062 89.2591837695942 148.221549257624 35.7459648018296
2.80914825192214 5.15712330637436 16.087630291042 58.5422569848856 62.3602197307674
0.621451684202948 1.69606824810812 5.370132981845 17.4944234825497 16.2121586740425
0 0 0 0 0
8.80652384265407 11.0924639877187 27.513065835012 67.8865695883263 68.5351916987192
1.53949785163996e-05 0.000768921670293145 49.563006475667 25.1536511797167 37.1475816453782
