38214442436.9816 40334472157.7957 61913280154.5916 18545217364.6006 12448325280.5374
1611740906.67883 4106522631.8957 4075963977.17418 4296392370.06845 1146181862.91838
28314813151.6423 23138959876.1148 34362679860.7653 27543932701.3883 24657886930.2765
72164603.2472517 85391555.2248518 79193242.6261586 60027920.6773813 35643383.1817186
1838382796.88762 784914154.962992 1562452526.48258 708305242.601664 472330837.041453
5078757000 5428161000 5610457000 1709803000 5639081000
308449584.350882 0 1419122636.90422 228216150.993269 0
1776068984.43133 1880668381.2403 2471878535.4374 3146221857.97099 3440103917.01775
2032107.29526519 3098963.62527941 6375736.63889453 7874415.76915261 5080268.23816297
999459500 1066821000 932098000 1.75e+09 2.65e+09
1560734500 1636334000 1485135000 1.95e+09 1.55e+09
23786390592.1287 28423161000 31538170000 36129350065.4534 56200110495.1325
0 0 0 0 0
0 0 0 0 0
3186229188 4560066330 3884661920 3883300000 3171700000
951866534.822328 1016592428.62716 1141480164.38207 1240502218.06933 1428273353.23094
0 0 0 0 0
0 0 0 0 0
6e+08 8e+08 3.9e+09 8.2e+09 1.15e+10
