620.302538433537 1489.49483403811 1310.41021482238 179.08492858178 63.0969296807893 1.18534741958599 2.63662192170287 18.0348330924002 32.4459452983413 8.66763120144481 0.126550734961727 1493.19326434386 0 0 0
656.076727448635 1175.09749679152 0.935707681642831 1174.16178910988 86.6946438072138 0 0 1.55492567750067 3.08109288802503 82.0585855991381 0 2512.70111111941 0 0 0
645.071206102225 883.37117615226 4.05257106238138 879.318605089878 64.2169001622112 0 0 1.15434170845838 2.29347963410896 60.769049462081 0 1910.71624110545 0 0 0
673.322254254742 820.28734706602 711.767052649118 108.520308804506 19.0084074707595 0.967287484066268 0.57375722773688 2.52001481795665 10.6364299218245 4.31091596052696 0 392.003492947055 0 0 0
712.566922268561 908.246877264066 817.43320398982 90.8136926658869 18.7222707637787 1.33680447319107 0.79294030078841 2.741078283359 11.7411151287284 2.11033218987901 0 363.977516520032 0 0 0
733.26574183129 934.629856382785 841.178205147187 93.4516711905312 19.2661198988329 1.37563629896982 0.815973826057563 2.82070180084411 12.0821739344628 2.17163363939993 0 374.550425118361 0 0 0
724.054363096845 922.888915694406 830.61121614342 92.2777192552439 19.0240964181121 1.35835537852342 0.80572345771165 2.78526778135806 11.9303961086397 2.14435329779415 0 369.845274415021 0 0 0
736.94282870572 1404.34166631742 1020.52052248845 383.821342804004 20.0300275257331 0.683927495771156 1.15094262179578 4.51028066556756 12.0238468693107 1.66102658691577 0 1061.25046992825 0 0 0
656.116213852284 2490.48621819685 2283.62962749236 206.856715699934 69.298896179868 0.0449928133150121 0.41008591557543 17.3542111494991 43.4337187058354 8.0558762989271 0 931.279104573085 0 0 0
659.718229284761 2179.05428845645 1993.00188707058 186.052447183459 82.6915919316322 1.78170401893671 3.08145992586547 26.8794196643009 45.4881264362002 5.45857315895762 0.00229946003849041 1522.68076956166 0 0 0
640.876040100127 1456.31031646692 853.038164626109 603.272486205561 13.1390635878936 0 1.33217685534496 4.72500596143507 7.08187659155427 0 0 1538.57520215896 0 0 0
695.444444786722 817.25385434418 382.673787560459 434.580066783721 46.8591320492599 1.70610355629192 1.01199404271934 17.3139152566 24.1337974805894 2.69332298062734 0 1481.65974950777 0 0 0
725.372695784929 1363.1168157649 819.179162348461 543.937542876177 40.9908566089416 2.13683835561952 1.26748911469425 15.0045855006133 16.972813755293 5.60912962797098 0 1791.88880237632 0 0 0
602.041285983583 1344.66319592129 912.820735049798 431.842321853041 37.3635911874312 1.56439043728716 0.927935351393657 12.5591803508586 17.0306321691941 5.28145172400441 0 1461.24498874744 0 0 0
852.551945670148 3147.09470318901 2259.36345879361 887.731601873568 110.96419600292 0.887734299044516 1.89159249886751 24.8599037118041 59.7757274083142 4.14080008432856 19.4084402865647 3037.2733256601 0 0 0
244.903215732923 567.896267548066 38.605215732808 529.291058196413 2.1316262770564 0 0.0341107812418471 0.436626446519465 1.18646359747428 0.0358010068249322 0.438624608600133 1687.737886657 0 0 0
769.463159214875 913.469083549012 337.905327772022 575.56363900792 47.9431903902691 0 1.61368976842223 18.2290676924111 27.2400331921927 0.765716702069995 0.0946803885299399 2226.55276656038 0 0 0
688.983497084035 808.168886011029 623.151108989878 185.017806753196 103.449652899876 1.7656414370306 1.99626718128876 38.9366223639192 33.6890464059586 0.505040057662451 26.5570463571184 916.699483345657 0.428521043369208 0.4285211395664 0
522.86601381709 665.294252156181 624.940887440408 40.3533243132746 423.77988994462 0.0173252893037743 11.1397949970927 64.0149559837204 51.8662811926088 9.62368718087572 287.117887477694 143.516899537436 0.726931690310193 0 0.726931690310193
504.738999866115 1271.71273490613 1234.94732600467 36.7652756877358 434.306380763591 33.1592313634046 8.0803870546217 42.1437730839611 23.0574641084034 8.95400597031481 318.91150773886 476.454109604493 100.935721741308 91.318324805288 9.61739680806461
295.011638508234 315.416457666741 307.470120394517 7.94633163068278 258.810299243538 0 1.33158100674127 33.0715359937843 29.4963273570472 3.54387100040457 191.367021119736 -45.9234759290946 0 0 0
486.650473272991 209.499121182486 202.921711863191 6.57740078813694 60.4441579702938 0 3.84488258077524 27.5548169200565 10.3755313140058 3.41276048347883 15.2561841878895 999.902977093132 0.493072849169459 0 0.493072849169459
512.59491292663 997.614096322841 938.849426144965 58.764641184239 238.90137758579 33.9369605788178 1.06872463989306 21.1145736217281 15.567705009397 4.87859182076532 162.334821314389 493.115998805396 73.3252503127708 70.9623871268601 2.36286398450452
423.435925382031 6.7038602308926 0 6.7038602308926 0.200266411300639 0 0 0 0.200266411300639 0 0 48.2420707480305 0 0 0
550.91171417977 1320.48588896718 1100.34022500906 220.145656661651 434.36678665575 65.1713677228039 0.716207359934558 26.4823038640393 23.5088822999752 6.30961838246248 312.178387327052 691.777468324696 98.4029203359261 98.0436401963088 0.359276918171078
429.184248824585 6.7948679952576 0 6.7948679952576 0.202985113323376 0 0 0 0.202985113323376 0 0 48.896977451915 0 0 0
448.427990346769 25.1829084285768 16.1459523551783 9.03695698189641 2.37423850299374 0 0 0.402485840682613 1.67134728404565 0.300405741664648 0 71.130073001292 0 0 0
490.009704775654 57.7658834688547 12.7759049988618 44.9899791888655 2.80060687308142 0 0 0.547221211877092 1.84495320421041 0.408432718940028 0 191.855496323738 0 0 0
501.648735145655 190.814325978784 93.4049636430105 97.4093589443017 42.401504755283 2.03539275450969 0.581555941791172 5.34288301193376 5.60673960287372 1.078463684016 27.7564713032858 380.403971110185 5.06293247366468 5.06293172476573 0
438.768666916858 122.819598627057 0 122.819598627057 2.99241999212281 0 0 0.742462451301449 1.69580142141324 0.554156036305447 0 440.04293834822 0 0 0
495.403046448927 302.234045532737 215.982045210481 86.2520137873111 58.6708063160482 5.22620537472368 0.236661542474154 15.9804543382396 14.9100575869178 0.363751504857922 21.9536685156461 533.110268570537 4.13210814200025 4.13210816040611 0
496.214815677991 467.499672934387 428.603273876452 38.8964237856745 120.869463744732 9.89931539297168 1.32518696926363 30.4273313982583 26.854021975838 0.0374730565883378 52.3261214065391 541.82721522844 10.9426532985282 10.9426533780339 0
466.027422920516 943.175916984515 918.772979467571 24.4029403167353 316.717386548876 18.6050478235193 2.72295267147552 43.7330755873597 44.2101791261116 0.512517675425832 206.933613428258 1338.47493491102 35.5575359524034 35.2715807396624 0.285954410591852
557.812456330643 718.069342264469 479.311924945184 238.757467751294 424.128549301544 49.5992728660735 2.13856379781034 14.5630185855716 9.91224857073533 0.057852205175375 347.857610037184 453.105553184295 54.0807883682671 54.0807902030185 0
490.499657283838 615.094760374518 563.452992170135 51.6417527746014 211.164711330468 26.5904608003502 2.43638000912054 26.0745673980252 19.8224637996448 0.0364712505245816 136.204378122522 741.272172990077 30.0258271619629 30.0258265163426 0
543.597830458402 1038.16935198053 730.373380801472 307.796002001275 662.632778784473 97.2463999809297 0.1621758503035 17.744527582607 11.1691642090979 0.0922604548120585 536.218276380454 447.035503855055 73.0130039292752 73.0130071272058 0
567.862345226267 1216.75044733478 1078.00953527063 138.740564929898 609.23862335587 142.953260641821 1.1949719489683 22.0022567209831 12.3176015335245 0.193251070488882 430.57729222115 104.87603294285 48.6990661387488 48.6990691344422 0
573.249945373637 1307.64648182192 1266.65526719929 40.9906238412699 569.424315629132 167.749463976707 1.81273851213207 24.4734383559317 12.5955587760859 0.263736715878163 362.52937819094 -80.8599146172161 30.7364617760348 30.7364650074704 0
582.958125941551 576.427949412877 506.319050241406 70.1088867659173 150.272859593835 73.1074002591184 2.65809108203359 31.6461361828343 25.7843177518937 0.159436825629693 16.9174805146929 1064.51853560185 9.7737677122218 9.77168719257905 0.00208034673439822
554.39108463279 1244.90162454697 1093.93805731069 150.963058438921 150.112773259014 4.27409451769666 0.358772434169936 16.8252925359882 9.70561482667159 0.0853588122737379 118.863626903482 716.371581639044 16.376914866819 16.3769190320168 0
543.605519550474 477.39669954439 423.723266631295 53.6734089664022 100.975807691921 10.5574258407474 1.06403558316941 39.1399811377411 26.8309495026695 0.118785675107735 23.2646273948752 1601.28731505319 2.77580908057593 2.77580924295374 0
324.581874658654 251.752880526113 165.799894297506 85.9529862286064 14.0600667262937 0 0.244604771559914 5.74317814066773 6.81868845998919 0.0226141214681164 1.23098314256028 259.774077242472 0.80908361329438 0.809083447679716 0
550.308787300564 637.723292251979 554.806927801905 82.9163823593981 139.570524730725 30.2593627692787 2.65241690189046 65.4776899339762 37.8517433896817 0.0872215375004523 3.24208500566423 2081.88202007932 4.72804663486808 4.72804662958665 0
726.428392272554 987.272868679071 790.67977887902 196.59326854264 105.604140840125 23.9373150954227 1.80440586664062 47.4825018427884 32.2282499606772 0.0853181149660887 0.0663407811679411 932.524001538918 0.0555850357585889 0.0555850351369768 0
655.27193098652 546.890299970296 366.091086798467 180.799204208001 36.8170110699864 3.07200644261663 1.26335138101783 17.2212999419804 14.9201418838124 0.0860610192695674 0.254149245807895 586.361329209237 0.165801173860991 0.165801139922464 0
534.112653218705 421.037748672205 247.312089319623 173.725659352582 21.1597597803897 0 0.36898659872207 9.30679987056447 9.90284675203017 0.0457938888024952 1.53533338458031 481.537885631541 1.00912274056337 1.00912253400187 0
489.678592401545 36.5962444969114 20.3210082216501 16.2752347071494 33.2253977227662 0 0.000265857283578423 4.44593788579045 28.6635074293167 7.31716743403506e-05 0.11561312586136 121.858032436119 0 0 0
535.264819434203 30.6562473933791 8.33984312741757 22.3164039921074 11.8837225159897 0 0 0.774878426091064 10.909389154363 0 0.199454511309636 243.383752752793 0 0 0
437.765314808017 2526.94942292994 2470.11231184766 56.8370944191777 1693.55089126872 1295.66241618547 322.160441993303 38.3815161144475 35.9212826764403 1.12788487170523 0.297355674926865 -1828.4674227392 11.655659932361 10.3728197354398 1.28284026816762
434.030494374252 44.6005210034245 37.1686938662328 7.43182371744928 63.8683419462952 0 0 9.67626398223747 54.1920779640577 0 0 -48.2226011126323 0 0 0
728.387212278054 686.287788127328 447.974005390706 238.313677078248 36.7588230481121 1.73672736599061 0.583645833794238 12.2984213603995 22.1103262601281 0.0297070731218506 0 562.850207887627 0 0 0
628.960155560089 730.425179001673 231.869430923705 498.555546035162 27.9936898600498 0 0.775728096857126 10.2381919503917 16.9578350399879 0.0219402370161599 0 978.560187236925 0 0 0
584.084614994183 304.061135681594 253.545620248634 50.5155467095761 28.8219105653428 0 0.4727373395993 15.4994505476042 12.8115905203097 0.0381395720386455 0 228.80983477496 0 0 0
551.941367141417 273.437000450849 225.367704509164 48.0693291886722 26.191746622134 0 0.386706161529406 14.4250101348122 11.3442404318763 0.0357966867629458 0 211.961041023012 0 0 0
550.210417628782 1293.39803234629 1266.22104248699 27.1769902132007 429.387390168518 224.508223146254 69.905649384123 61.1078081592605 62.2983187674991 0.353287147335564 11.2141033892343 -10.9416998435884 57.169187472275 57.1691898150299 0
470.729895360963 156.86754149356 114.037027320098 42.8305628151126 16.6005686359886 0 0 11.0854485153514 5.48593594062982 0.0291888009642134 0 157.379981288628 0 0 0
638.65228149637 3121.83137774361 3034.14827216479 87.683066106375 284.463217579084 254.306367225382 2.63287927674835 19.3962766139844 8.10575370364898 0.0218877280889732 0 69.7763315971225 0 0 0
520.1264081636 856.679997982067 843.485841228676 13.1945395653058 138.465821893648 65.3491247637268 0 20.1199470532476 52.9967652157007 0 0 -100.012477443325 2.65191706256435 2.65191725193379 0
583.344577139919 2660.60499553068 2612.21174143386 48.3934442817039 659.498978980543 566.78897201749 0.96089823155818 29.9159062766852 61.8126404776616 0.0205008242833627 0 -862.384236167943 2.40460458224864 2.4046046786248 0
636.17074221402 927.322936048811 880.326374874017 46.9965162986372 180.699450460857 96.2747235643435 1.62106450752567 25.7642181897527 56.9350345375095 0.104401821104359 0 39.3028350717196 2.93878111994194 2.93878083793192 0
461.774393369907 179.881794721544 178.716728792618 1.16509266492991 72.4692931315171 17.3678061502048 0 12.6268620868026 42.4746248945097 0 0 -34.9996303386902 0 0 0
640.570503430522 721.434999417401 688.117130915725 33.3178763671613 169.443433847679 9.9540243339247 7.94477148840031 100.101899359029 51.1927094888404 0.103418491992573 0.146620577584155 939.583833427763 0.492382799243359 0.492382791733104 0
684.478792318141 756.961203640425 625.317822717747 131.643380949538 270.879078214854 5.53529529578694 8.44250441601186 54.9618678391395 201.925778143864 0.0136547410110521 0 131.193588576744 0 0 0
738.221504039329 1500.98550405448 1151.72275121107 349.262756961683 236.044669543528 19.7331410039818 15.5059461335053 121.997584083388 78.0863560351441 0.267848332389007 0.453786638437057 1017.81895981668 6.92875566054621 6.92875583018803 0
650.379599786058 732.755851434386 328.453001571119 404.302849863267 127.045415517237 4.48551747107926 6.34800766765505 39.6228217377274 76.4562561478813 0.132818650446774 0 1242.33545260372 0 0 0
666.851451822295 757.826768618967 265.575130966638 492.251637652328 93.3455775333984 4.56067211646404 6.3127788054363 36.3650943773377 45.9385287499743 0.168508530246429 0 1576.7677336925 0 0 0
701.469040665707 1678.65502993358 1465.51644039999 213.138367800556 191.321704054789 13.2346139479345 16.7286273588978 55.521646438507 100.153464674508 4.03826761097665 1.645076374999 837.667717354224 54.4981781712254 54.4981823621802 0
476.955158185233 1735.18388064407 1704.82578633135 30.358102877339 256.831352102362 5.94899519015968 46.4425082424183 88.2219919345237 98.8042567982787 0.79547035069581 16.6181228617815 -122.071750912321 183.065307385476 183.065301836914 0
0 0 0 0 0 0 0 0 0 0 0 0 0 0 0
554.272645304727 2036.31263029469 2002.68944711881 33.6230191699373 241.801250084992 55.5183571545046 7.82024015524009 47.9018379738314 128.055371996974 1.85331111460099 0.652134697765907 -9.132253146137 33.0496605624681 33.0496577002055 0
424.532575574903 1033.79747515634 1009.53750186364 24.25993851885 218.854257890368 7.03418717556601 27.4482356430317 40.9585332079228 67.7634596159835 0.0888344345386928 75.5609964633827 -325.331671022301 168.541366474758 168.541364579125 0
501.359982937395 2357.84743042935 2348.95306254832 8.89428555298851 252.004443704071 68.7153380001252 1.65510611941281 48.3387283224799 132.960165783644 0.335114201260847 0 -248.14090671377 41.5806650945252 41.5806613118539 0
465.615925538402 2189.74659119292 2181.48634012794 8.26017460646577 234.037989245969 63.8163331547896 1.5371066576546 44.8924575020008 123.480877529113 0.31122250337362 0 -230.449900023029 38.61620496526 38.6162014522712 0
598.198720016425 1067.86122690249 910.448166083352 157.413017781377 206.255979603156 7.10848652134426 12.0185568793391 92.9174136604617 92.047491905745 0.270375769914533 1.89366902725972 572.427928398386 9.03778976451862 9.03778957114488 0
376.347933140094 1706.867279981 1698.32838114755 8.53884235458085 76.2802794981684 5.97234552630947 0.223950183305165 10.6572358453106 59.426755885584 0 0 -491.884255681 84.2006464804013 84.2006465735754 0
501.691455073102 1499.54346711191 1485.96791977086 13.5753941073682 76.9614207235159 1.32851439136508 9.97672643447938 25.6077334614992 39.6796312085768 0.368808051251018 0 -524.012792868793 208.039265208248 208.039274309025 0
371.696024011744 94.0749287625192 70.3493399458117 23.7255887557735 19.2619323606425 0.00644345109528694 0.000241615634519235 8.03297260843532 11.1835672267531 0.0387027968068706 0 54.1667540846328 0.0908424915132576 0.0908424916137814 0
465.442552341089 537.210239205887 523.707448577281 13.5027517585862 135.935408916792 1.40021917906494 8.77939520044707 26.3943048837444 67.964451881708 3.35510719669458 28.0419286188107 -458.964087449261 37.1236953886857 37.1236963211736 0
368.69457954878 3168.04889111405 2992.66308324782 175.385955207168 55.1600477164113 0 0 12.7365334568759 42.4235142595353 0 0 -1266.54488230695 521.824642410957 521.824645647149 0
350.871215246752 786.896251007021 768.179059584995 18.7171885104016 33.4695798902642 0 10.9783270770497 9.94095017847908 12.5503026347354 0 0 -421.711713876684 137.678305555348 137.67830299778 0
455.020919983688 914.322410917088 877.477268883126 36.8451468431623 94.8663815539638 0 6.50172424419524 19.3430022692537 67.6461927138566 0 1.37545517479004 -665.941718983861 134.789668756844 134.789668183353 0
371.354872277636 275.908724445046 264.712664704921 11.196066854893 56.279458650946 0 1.58938056895746 5.71371572229849 48.9763614135279 0 0 -446.388168003793 44.7104980259747 44.7104978093709 0
256.727783344784 4.77605569847358 4.74960788896423 0.0264479489949531 36.7249632504196 0 0.0170976395475563 2.53965405949043 34.1682115513817 0 0 -278.605845678394 0.164365605376311 0.164365601082732 0
414.385498730915 1827.70863131147 1696.67872768449 131.030090365626 100.805983988388 4.92142248057886 8.24223899049004 16.7075151996191 70.8441545680146 0.0906429767447598 0 -539.517705328879 60.306996849959 60.3069927710077 0
293.29033158281 4.41215181627119 4.39598751617054 0.0161644811382848 41.9853212102801 0 0 2.89080907292675 39.0945121373534 0 0 -318.30636488017 0 0 0
26.401792158277 192.950857003618 174.793586874293 18.1573062306881 7.85854088012814 1.48537747763094 0.600219827142457 1.62461502458212 4.14832771341313 0 0 -42.595981270153 7.64709675316416 7.6470963983674 0
76.2424232245405 558.824335342936 504.56872708707 54.2557136270222 22.5300391043625 4.44536882798246 1.75369172884045 4.68982358777487 11.641152430857 0 0 -110.933193608028 21.0208101435224 21.0208093668882 0
158.072185442345 1158.60147448188 1046.11419762486 112.487495321331 46.7111664176719 9.21651143834953 3.63590075506345 9.72333554608241 24.1354134350328 0 0 -229.995999734641 43.5821063736294 43.5821047634463 0
277.427580361165 131.545910261577 122.242510170117 9.30339223098613 138.364001376006 0.611255693559684 112.96652747757 4.31687832270742 19.5206653890389 0.0526397164596955 0.896032369154005 -429.795882940084 4.03569255346918 4.03569267884363 0
241.743041827571 3194.99871206452 3156.79648468427 38.2022706283463 1793.85993187875 1491.64719018849 266.382210137463 15.438066967288 20.3598548480207 0.0326078594680198 0 -2622.28224314308 0 0 0
163.10378219776 480.869865850529 476.147671728511 4.72216415140451 224.960635880688 0 162.695048139327 31.2646260652756 30.9966940892547 0.00424618869072127 0 -644.335275266266 0 0 0
284.380535444842 0.740188459285314 0 0.740188459285314 0.482854624958159 0 0.289384023937689 0.154111101101697 0.03935948033049 0 0 7.99128736561169 0 0 0
312.353283487133 11.6562896784185 7.02504078475781 4.63125223021456 12.4293240168855 0 7.98949366271001 3.43784913583997 0.999198465930766 0.00278488805934137 0 20.7110652245782 0 0 0
332.019172095763 38.7300078029227 27.6153331931225 11.1146868646928 46.4759514544902 1.06220120959447 30.4647605214984 11.4745053239127 3.46605461175159 0.00843661045117384 0 29.1790562447736 0 0 0
366.152536883014 78.3766922071876 70.1932651737551 8.18343729978841 112.472208805237 7.84165018605865 78.5686378546842 18.98480471485 6.97120573764276 0.105897523238901 0 -12.0008144658352 0 0 0
353.105529332772 55.5339820474473 52.2551110452978 3.27887511143504 62.8795310500427 2.02536175823128 45.3916454156928 11.2733415951656 3.58199259707548 0.607181683326161 0 2.56233177352082 0 0 0
348.860946756608 12.4478838333674 9.55668020745755 2.8912031259279 14.2150215218125 0 9.18528276378268 3.9549099505338 1.07205331631595 0.00277600312588387 0 15.5886338293925 0 0 0
345.854525253715 18.9709427504398 15.5683582242112 3.4025819844979 21.3792132028399 0 13.8534164431545 5.76513634780766 1.74684558115361 0.0138156815287173 0 10.9101578909422 0 0 0
327.135310649216 22.8955720182131 17.5555791655453 5.33998894654274 22.0641048653252 0.0493987411553934 16.0325668952454 4.0398015751222 1.93229776753972 0.0100407918790869 0 30.7627740544762 0 0 0
359.158036864363 25.6510479959477 17.7763636939499 7.8746854141062 30.6733985259115 0.111730971948704 24.8397231922345 3.70856039607347 1.89617136302953 0.117211716427479 0 59.5774554183701 0 0 0
410.64568504008 31.6950162148973 27.7790721906516 3.91594657751051 38.5589219230096 0.0842415878711947 29.441066888388 4.22726548153831 4.74056934891208 0.0657765348551149 0 4.98712286612212 0 0 0
409.283917863693 39.5696121516482 36.0198007130575 3.5498133835446 34.7058600371019 0.31577593468351 17.8075005265176 10.2787011853672 6.21416067234081 0.089716921453094 0 -1.2451185902041 0 0 0
406.224410700531 73.2763212045032 66.0653909353893 7.21093225815227 67.4023926643176 0.909211796696721 25.6266703741173 27.1756140821525 13.6733356892072 0.0175542975500665 0 -17.1875785534175 0 0 0
439.595586983354 25.5327041198992 23.2692531431441 2.26345265226761 56.2807965254226 0 45.1823888415011 5.1715170887072 5.68387511675807 0.243012624169804 0 -6.33020868985326 0 0 0
429.319436495691 42.8435934286973 40.9951822730328 1.84841436373836 54.8839943797273 0.0218632334811165 46.0769176233274 4.25718233166335 4.30459575024129 0.223435393498784 0 -17.6208528162694 0 0 0
433.735773360204 111.955318867569 103.977922124582 7.9773602939598 159.461667611198 0.725240778054128 142.301790045967 7.22172211840031 8.58701821040755 0.625890114846806 0 -58.0007174225591 0 0 0
430.531772458024 100.803658100157 92.3168980998712 8.48672783243947 145.050667675982 0.638408544458461 129.335986655404 6.42454207948817 8.11138556972226 0.540338946594174 0 -42.4288710867357 0 0 0
380.106811920218 50.5381064645295 39.1767802265171 11.3613206587159 57.6745652523297 0.107776671463121 51.1165502942558 3.59829235973122 2.60760617269787 0.244337334201826 0 55.8908907551206 0 0 0
428.050659831744 132.652254470055 122.890546423658 9.76165947440259 189.895030135523 0.938235396834985 170.353253828763 8.18595288291177 9.65593767091662 0.761642001713634 0 -69.3986458985906 0 0 0
411.245602543195 236.41279396287 228.121960528776 8.29082680521741 221.734812880381 4.67093888301027 201.274331398682 6.15790970942656 8.79909035382119 0.8325752762128 0 -63.6278312803534 0 0 0
372.440308880261 162.305848468755 156.296052958599 6.00978282077817 120.08076643784 12.9245073227641 96.2491898897166 5.28712668857383 4.64647241493975 0.973494600163397 0 -18.0395574260268 0 0 0
388.535479830482 442.504714560299 433.87515426746 8.62958173267283 274.816128967139 69.5116005198348 191.26004143629 5.44231771984898 5.45466062140044 3.14755999589649 0 -123.721996654075 0 0 0
402.067813558954 1174.34904427766 1161.72177660732 12.6278261700676 680.911525964015 242.104284798606 408.967205459713 11.4172990807382 12.1401636569057 6.28260554662165 0 -527.12222252695 0 0 0
417.808020409647 2499.04159883604 2350.9717407706 148.070461144016 1858.53147680549 851.592563239731 978.153681693699 9.81043196202385 15.0803614667168 3.89442667474632 0 -1101.7201020195 0 0 0
426.521563247738 2459.88806295731 2391.89462181757 67.9935055039836 1553.43203376293 723.287834552479 761.605290174425 10.1355448522539 16.191485606245 42.2117817283595 0 -1487.51938754458 0.00146834590638663 0 0.00146834590638663
409.699045016824 2317.54793965193 2260.34410105406 57.2039530324293 1689.9249475039 528.850629311137 1072.00913110188 5.49427640213506 17.8950489247298 65.6759781989401 0 -1134.45351474952 0 0 0
487.412015149303 2964.18126427244 2830.826344799 133.354983404457 2669.60015822383 1216.336919967 1392.69167493366 9.10983585207996 21.2173753722758 30.2443040907139 0 -1783.81739539804 0 0 0
601.341850087316 2813.2156910331 2246.77893957012 566.436479240058 2162.68093289729 1226.28387252621 907.061964505703 6.77287745176733 15.0076238490825 7.55478657613128 0 -122.11323197643 0 0 0
763.942994013763 3659.64824886379 2346.54460574302 1313.10360160966 2058.57397140221 1633.51582450755 410.535985448212 3.53187117068431 6.92731375403293 4.06272532163926 0 1248.8257208903 0 0 0
842.053493112786 4235.33215273389 3817.47553314838 417.856644185722 3067.74369463955 2840.65741640324 211.695343985543 4.49547776144241 8.12283452068251 2.77293274046483 0 -2940.35628668981 0 0 0
753.560277766198 3939.61087540746 3829.95297605744 109.657840939592 3119.09287083529 2564.40216961145 490.981692241143 6.70172407240949 28.6391435874061 28.3682814386032 0 -2756.93930105075 0 0 0
786.030108706632 3097.44255612654 3033.73144807445 63.7114007407375 1696.47157264393 1229.39941726808 438.737008328414 12.1413360069778 14.070225852369 2.12406792084227 0 -405.855692645906 0 0 0
748.712393447497 3070.56502144243 2949.25079802322 121.314292094521 2164.41747214647 1624.70963010226 505.087837797051 9.93099858670022 17.8379789959409 6.85108566949838 0 -1060.56854803903 0 0 0
748.828236437157 3512.89376287795 3260.84618910181 252.048049336262 1741.38996898743 953.359176323971 750.305082598895 20.8306325374411 15.8692577516444 1.02616476381056 0 1496.16998973582 0 0 0
691.60873530952 3250.94773009924 3057.85464998071 193.093094520678 2441.25963090086 1791.79991762529 614.822363095287 10.4783428549557 18.7831223110561 5.37603942011398 0 -1928.36458597483 0 0 0
777.645041780386 1366.79449386267 1153.72338799322 213.071119410143 681.756170965398 279.524213064792 380.124196125523 9.30858642594836 12.6765421570809 0.122627049797523 0 102.092245154159 0 0 0
543.595772834669 784.163689196266 754.005076729912 30.1584706770633 624.831465946616 60.1703664977143 528.899075723673 14.7952439174924 16.8140118202033 4.15279619712798 0 -183.0059479733 0 0 0
658.815087788271 1035.00000392283 1003.30126876319 31.6989655317921 504.873354962826 87.7947055429611 380.2655751358 8.08736201762492 10.5117368824055 18.2139327604523 0 -162.580104303176 0 0 0
544.096586117265 265.071567485459 247.566814848097 17.5047736712808 253.599016382866 2.1411747005233 233.655928432409 7.84660759420803 7.93825338540564 2.01706133444796 0 -56.1032544972762 0 0 0
496.748965582778 487.594986352734 458.824466166588 28.7705272117121 169.052528119417 2.08531010609681 153.741337499076 4.13336076106003 5.91172533206005 3.1807584941177 0 53.8143541728829 0 0 0
473.234339488722 428.325097370091 397.366812822098 30.9582748392696 354.855270889468 9.57846074927403 323.442821437522 7.45675976337426 10.3332444500311 4.04398477865019 0 -91.4966248302817 0 0 0
403.522707313067 68.1869051622037 61.4508745196032 6.73603252609064 65.6869165951659 0.825113225352618 26.8538907504949 25.0816359986957 12.8913235300515 0.0349469778784798 0 -15.9073733026547 0 0 0
424.836373338212 43.4275680197961 38.9668319260308 4.46073750780813 61.3471493070795 0.387691105573498 36.8855412631007 14.6158229043565 9.31339215596126 0.144697101342272 0 -9.56259916985884 0 0 0
441.136837676299 90.0094284123079 78.8990404793592 11.110387716716 207.873620051633 0.90986596057779 188.789328827239 8.04989780939207 10.1017453300844 0.0228181153113304 0 -50.8141587317711 0 0 0
450.756503395906 151.777082950142 137.872087844558 13.9049799760539 275.408410337983 13.5258916153176 245.605946484605 6.72825753526878 9.34648916673867 0.201849788494603 0 -100.378916201238 0 0 0
433.341468000484 343.026938350382 335.379257742337 7.64762335244648 398.341514002181 56.3635202083722 315.954247812329 9.68096098242497 16.2978493944685 0.0449540711755344 0 -290.413469803034 0 0 0
469.864658279381 248.257456370509 238.905969500895 9.35148250690184 447.102678955441 46.3570855722079 382.499319870091 5.46095707620918 12.5600799215989 0.22526521190399 0 -267.708748635288 0 0 0
479.35327020711 287.417727479412 276.175446630425 11.2422848517952 549.402532085055 40.0117153589908 483.333041199085 8.22043943055784 17.4050416963269 0.432323097535148 0 -334.992797625785 0 0 0
483.159320469222 137.038918137928 128.158744070492 8.88017680606971 206.827189880108 10.0336141654018 184.899673795874 4.43213839482706 7.13391904936166 0.327840669919943 0 -72.1458061360705 0 0 0
510.543443844617 948.641292453128 933.435426643405 15.2059269880324 759.346275851812 253.442773697112 481.512109264307 10.1941005270029 13.7224580624178 0.474743587064178 0 -673.414774507836 0 0 0
571.434221344698 4163.90770524078 4063.43816573088 100.469707214168 1721.67952696383 1427.62693818641 268.234620192836 7.34019212356576 18.2593298735663 0.218213029201912 0 -2581.23692123889 0 0 0
642.523977341465 2901.92162809461 2752.29402778443 149.627442119321 2223.64914168819 1666.86142358534 526.056107283932 10.006861580425 17.6811467310302 3.04372460698554 0 -2228.85549890539 0 0 0
599.614466350029 6114.24426636009 6086.15738062071 28.0868846192222 2000.94442198975 1502.59519917568 470.277015562791 5.36293348530433 21.5838257392669 1.1257509482407 0 -2948.05640472287 0 0 0
611.036505803274 5788.16456469557 5763.43902054892 24.725538157467 2639.10327777995 1957.11091288601 651.179445000884 7.20574372197114 23.5334281300589 0.0739046913074618 0 -3317.1570675688 0 0 0
719.736168032195 3166.72836060629 3050.94496379054 115.783321481902 3009.42753979408 2375.45475729876 597.224859277335 16.3965457020584 19.4432279083729 0.908383310104829 0 -2863.61133008937 0 0 0
793.048042106566 2299.21470466984 1572.79032188125 726.424085174633 1900.95016130577 1617.77682280955 251.506919878326 16.1098145373568 11.342183493807 4.21447659420893 0 -143.903428302844 0 0 0
966.922161724584 2211.93116371834 724.714752434931 1487.21603496492 790.501551174147 585.678401943703 182.957362647959 7.0486914348578 9.4254109045788 5.39169712361998 0 2722.31931306688 0 0 0
1035.00524726082 2681.91826700857 815.739194636233 1866.17871685311 730.10469610431 589.206515081887 124.077323994943 3.04269534930215 7.61334363704233 6.16476482933527 0 4931.23607000742 0 0 0
1061.09863170048 2106.75057091972 429.211338748546 1677.53952453596 271.75923604309 188.454470453645 73.9946984102766 3.23436697115553 5.21118071568312 0.86454078933018 0 5636.027958727 0 0 0
870.011103832463 2073.37607936303 1429.02686248522 644.34962532114 1356.12337506081 948.589908623814 388.509335480151 7.25063758615797 10.9897644646901 0.783741185353252 0 442.652592825685 0 0 0
866.334022982064 4271.71096890586 3784.1498616807 487.561121865589 2883.77752337811 2565.43165697424 304.188353556916 4.00299654733752 8.07638171924597 2.07840577944421 0 -2343.5360474807 0 0 0
734.847657417871 4396.79179599217 4261.75029127878 135.041679991827 3875.40273644764 3452.25348480163 398.989612082394 5.76797452166996 17.6522108005035 0.739342349914558 0 -4559.77548342668 0 0 0
807.846170767867 5023.09996726399 4615.79199028499 407.307472560005 3614.10846903734 3354.2783633034 240.833992714639 9.02562219750129 8.01885892325828 1.95208860473003 0 -4021.17676420573 0 0 0
699.39918106529 5544.63142368404 5448.76166609782 95.8696804421375 6566.88490333289 6227.17003327278 313.853706837114 8.12369473567895 16.1481558174697 1.58933562356096 0 -6311.75891227158 0 0 0
725.678884571355 4843.94449831699 4699.38689279847 144.557521703136 6301.95144100423 6013.0980192832 272.183724657829 4.55210569714496 9.94879283423281 2.16895691872729 0 -6904.70846957087 0 0 0
717.247190535425 5531.17593461699 5478.49108653183 52.6849801656659 6432.88695694059 6177.93464927386 233.831895052628 5.65513085211247 13.5099700469127 1.95510701126029 0 -7334.12856318831 0 0 0
778.86157309248 4071.23047971984 3976.22571496553 95.0047729616098 4690.93307167852 4320.52703213178 342.90488292173 12.4589863692542 13.0108868231827 2.03161507028527 0 -5475.63475155639 0 0 0
917.954102199883 2494.14288624462 1948.43936720781 545.703006696234 2495.90241945731 2077.82905426616 386.085295572696 19.9265206427441 11.5229304401797 0.538602048006774 0 -396.726285477941 0 0 0
1002.64941793176 1356.05444434286 535.896439216074 820.157818423784 534.603891218953 327.081224278749 181.459381262346 18.8599294467803 6.6368390845464 0.566562853905712 0 2536.70193078189 0 0 0
989.136817631078 1366.63155029277 1176.3498306625 190.281746041525 1185.19030465957 906.350398524096 214.856954305462 51.7938987587171 11.9954275567008 0.193372763934127 0 -461.232865425779 0 0 0
974.639888226111 1453.67852340779 1254.99638387794 198.682067752141 1194.50352806292 932.832818763795 190.680541572211 58.9494208752285 11.7740264786498 0.266423128941706 0 -477.740248006965 0 0 0
932.368033597283 863.588556928594 745.239941763209 118.348613927508 484.305916306354 251.404576087084 141.627129005911 66.7132679456704 20.4965326535991 4.06434652909062 0 -24.6361551150862 0 0 0
822.389699273831 627.702103311307 448.267856366465 179.434171808112 340.328312352374 28.3455244829547 236.192001988729 45.2401012877611 16.1186702610012 14.4320146058698 0 495.16045026865 0 0 0
900.294958663172 1157.72650506797 648.29716108206 509.429021498205 479.520878369559 65.026153412117 332.795055569678 46.1637871632993 11.774709830901 23.7612206157676 0 1513.98562448848 0 0 0
807.673602270498 1677.28441842009 1406.65119900947 270.632992150318 926.002445916671 221.693371799746 561.1536236529 47.0300687155306 16.9955036227684 79.1299338158107 0 352.3284707242 0 0 0
771.452745544627 2039.30635458798 1779.14686394813 260.15915352237 1284.48334059531 662.745048349579 460.78231170202 32.804062441674 18.0221641848863 110.129810753974 0 -541.238775104426 0 0 0
700.255095336909 1147.30263047006 1041.12376361991 106.178709132594 842.821918029264 280.315721989051 460.05178999393 43.1893541966286 19.9291020914074 39.3360027692525 0 -438.527996567045 0 0 0
765.707789115425 1429.57355448059 1173.41413383534 256.159146864973 1061.44786315022 698.225158699006 319.471996112951 21.8568120287491 14.5390626306131 7.35477201064685 0 -353.563328990497 0 0 0
713.608482631203 1066.57411436969 974.06367530179 92.5104083892348 1037.33706419799 468.457708323313 496.988558017153 38.6570615157084 19.979305156031 13.2543398087849 0 -482.860048639594 0 0 0
774.733059368402 318.46657607302 283.645832713597 34.8207787081733 337.664791405059 52.7047189109159 213.839896814496 56.9411284079755 13.3418464090067 0.837192708718572 0 -68.0902635173347 0 0 0
652.735741963503 382.285722746582 352.790449929685 29.4952632020195 503.375111776398 54.001673882106 332.528921355954 100.655177247072 16.041818217998 0.147527130640366 0 -265.574564566207 0 0 0
659.486987269786 244.031686654037 229.561830141591 14.4699026378438 295.495756706463 21.0100850371876 227.251291636965 32.6304035639828 10.6120310084515 3.99194046903134 0 -82.4204376863427 0 0 0
653.711319127538 382.857086006278 353.317729630358 29.5393467466719 504.12745492604 54.0823846452405 333.025918228043 100.805616216553 16.0657942783192 0.147747624311044 0 -265.971491628543 0 0 0
608.669691932477 292.20643626404 270.513544452838 21.6928557842224 371.28839787813 37.49554982265 238.941081451267 80.1168287943329 14.6335490816515 0.101390280598268 0 -189.137656933342 0 0 0
617.095692940166 232.860927863707 218.754843552147 14.1060468749989 276.783134054954 22.1309809276427 181.099842861149 59.2515092900676 13.5364902922826 0.764306349902218 0 -118.833764184635 0 0 0
453.99481482797 133.202841538374 124.702136955297 8.5006420168366 147.439525364625 10.9606151801903 84.4195287297075 41.5587719785738 10.4726927284019 0.0279127745878945 0 -63.599278880687 0 0 0
579.995363509728 170.073521794144 159.20071885328 10.872722983495 188.384958673904 14.0452115058077 107.738057232724 53.1703711200157 13.395697807432 0.0356155808185268 0 -81.577625206609 0 0 0
564.447592896951 111.36409206165 104.752752532701 6.61129052205877 118.425119859596 7.59611792194985 72.1497108211373 30.7234352376436 7.91643067337603 0.0394339933384088 0 -37.4928839133876 0 0 0
555.906229007511 174.001152565855 165.018079531805 8.98299938432044 177.709218889965 8.68676256376823 115.706539158146 42.2797779333601 10.9971030868097 0.0390703030499431 0 -41.5301087565971 0 0 0
515.911489814766 201.898173462401 191.010175647175 10.8879307429916 184.171747706588 12.4454876541343 126.811926921704 35.4759526611499 9.35669497556486 0.0817353893096382 0 -4.68342328425614 0 0 0
528.105630159136 330.373840081502 299.355317436888 31.0185048425894 179.067624357904 12.2589793147084 111.379848473894 43.4403136079191 11.8564664302304 0.132022580325052 0 109.689552376657 0 0 0
731.661963922646 1024.57484526718 560.674956544978 463.900166772546 48.6774248232535 0 31.6786642912542 11.7360289276131 4.47289254245787 0.789838785900997 0 1851.68466219774 0 0 0
683.927710222445 1265.34555303235 889.826389687225 375.519362642251 66.8938915160248 0 20.2774010884742 32.8790410220018 10.5199119390511 3.21753745333632 0 1865.22464531575 0 0 0
646.437601467112 1197.19300851362 842.962090132851 354.231106491042 63.2176632759061 0 19.0364582759912 31.1588671710482 9.96936459132685 3.05297323753987 0 1762.35338267933 0 0 0
762.780479794682 964.26851082139 369.212926052773 595.055760495155 51.7566341887405 0 30.7683887838021 15.8668533664893 4.4812622424245 0.640129451705502 0 2346.95014528302 0 0 0
743.89919665456 548.93072606978 410.024349324985 138.906283286648 30.0218129301032 0 5.89862777671697 19.5519397016123 4.36700855917069 0.204237172977661 0 802.645857078379 0 0 0
795.00295603607 599.054962810825 410.670807353408 188.384078721398 40.2781483087068 0.482832667725594 12.5376630249033 21.5986992458872 5.44668856278785 0.212265965262928 0 971.126789273066 0 0 0
906.219756074535 2049.14102109642 824.716990953164 1224.42432015352 15.1769527073538 2.44888827504373 3.62516219032427 1.00188880745168 6.74200694919746 1.35900358523398 0 3615.08240009337 0 0 0
710.616105413915 1606.84271347497 646.7053628564 960.137578031361 11.9010725076974 1.92030623581136 2.84268646750858 0.785635402049819 5.28677364270372 1.06566848549601 0 2834.78235680116 0 0 0
934.693070309665 2113.52478211539 850.629498246295 1262.89558299145 15.6538107108033 2.52583204603818 3.7390643443068 1.03336803161559 6.95383998544848 1.40170331217069 0 3728.66784829594 0 0 0
626.002055818197 364.612515334691 234.038777073717 130.573759047778 62.1798822924573 1.04141762966738 30.7258256124805 23.0107378811181 6.37758642441217 1.02431486590343 0 506.321943688685 2.34779286404329 0 2.34779286404329
888.649476832504 748.590570573913 249.602875378834 498.987701357237 82.8635225988048 2.87163257780139 45.7331373336375 26.8194723774577 6.16968050832148 1.26960248583872 0 2568.35441899848 3.3154862416372 0 3.3154862416372
732.596396916554 1656.54447364053 666.708810967984 989.83589711952 12.2691883453773 1.97970383532521 2.93061450168964 0.809936139143006 5.45030051029056 1.09863101445915 0 2922.4659064341 0 0 0
959.696492977838 1828.87086582162 558.012335515286 1270.85872653038 10.483040911573 1.65694399504709 2.45282350507489 0.677888681214872 4.74001642107454 0.955366346921094 0 6979.26701206262 0 0 0
1042.61318355228 1734.43395434886 400.561078138079 1333.87301706738 7.58786025573073 1.18941326352148 1.76072384989114 0.486612577756521 3.45480679216704 0.696302363828622 0 15711.4601905321 0 0 0
771.313251214997 490.80786839299 250.631132779769 240.176721020554 234.795727065694 31.6650383109292 162.047256307597 30.0757539530238 9.72843097649215 1.27924291377249 0 1824.72023521586 0 0 0
1027.06074938428 1574.04389096275 877.227719862585 696.815879969792 395.006169793829 248.694818188697 112.459876826372 15.2731261457521 18.0353613819005 0.542918156167389 0 2982.0833046873 0 0 0
973.511096538523 742.771935886825 279.020564177077 463.751311619093 92.3643451121452 55.0775925800824 26.6922863263593 4.56918889231772 5.02154295062534 1.00372010124518 0 2189.16713493405 0 0 0
727.361984336051 399.910113393254 94.132570783715 305.777542386891 10.6382208340527 3.76413871895512 3.40636212732061 1.36341421613975 1.25314747105012 0.851158247745369 0 1503.72063174905 0 0 0
675.953851752622 370.927319664171 86.949949474268 283.977370189903 9.61598405746489 3.32493744883459 3.08901746450805 1.25755462296723 1.15300518548311 0.791469335671905 0 1396.83039665037 0 0 0
979.939657335001 1091.47247957901 803.865881452816 287.606634332429 182.377106096938 141.5591845466 21.5132914790643 7.27555516408364 3.90211433693762 8.12695971756183 0 1405.66165729213 0 0 0
813.619098070629 499.994778114194 365.582097087001 134.412623755108 18.8948184284607 1.13022191876737 7.09678146682864 4.02935729530673 2.03119453728164 4.60726131633506 0 867.22048220229 0 0 0
866.316996655307 1267.57344450891 903.573387774424 364.00005921559 610.781859988607 378.114550515933 180.307531484146 35.5280639970644 12.7059880431428 4.12575440803979 0 1043.90273777328 0.652897768309187 0 0.652897768309187
699.634636501498 3503.24882070009 3328.77069025586 174.477535520878 1444.83383812028 1345.43602680047 64.1404222532862 3.45469910865709 10.974273525754 20.8285740868005 0 5863.51403280372 0 0 0
680.767468602377 3408.77610559402 3239.00315698337 169.77236973069 1405.87075483661 1309.15342143647 62.410736424945 3.3615356420084 10.6783283989995 20.2668863373774 0 5705.39163867962 0 0 0
706.582238482882 3033.84922104642 2892.42394822703 141.424710447647 1422.53612694483 1336.18828539644 54.9845640547106 4.75416245034882 10.0532810470315 16.5559312380065 0 5160.66890972988 0 0 0
653.65699188727 2255.34831395297 2162.54908967546 92.7987460789206 1275.91728671962 1211.38460724378 40.1590556867386 5.7813251855521 8.17413593659485 10.4181848604495 0 3941.99760971045 0 0 0
621.642604315741 1313.76353048514 1282.42788956874 31.3352123527735 1318.01905760778 1265.94385624724 17.7566650025354 11.1671917358774 5.42005651996466 17.7313425180594 0 1910.45690214898 1.32750722873854 1.32750736139954 0
561.439708835384 1185.27772224059 1157.04328290906 28.234050606405 1198.10049562219 1150.44773192809 15.809314138122 10.2586026518257 4.86151995703633 16.7233823563951 0 1695.88656120908 1.26182839077679 1.26182851687434 0
191.72493039813 386.755484552824 378.068107044896 8.68722086057247 519.986908313428 494.805988366182 2.13110239357907 5.98422232772914 1.17753810623325 15.8881659184133 0 155.052628195458 1.33326665352587 1.33326678676242 0
543.166000606902 2345.91653023058 2322.25504638484 23.6613573888799 1858.76336175678 1734.40551711791 7.6225556320901 11.1256703646137 5.3426574833992 100.266947576198 0 -795.209370253898 9.71794000877994 9.71794076084923 0
1020.50140162259 1522.37658091969 739.874437980798 782.502361637613 223.493332623667 169.748800927607 22.440972388131 18.0043482764854 12.6270321083662 0.672161914222031 0 2261.11535594504 1.31620345547323 0 1.31620345547323
795.008541628957 1084.85551227486 853.667639482103 231.187843246072 492.817074392683 200.664121783029 184.165572316882 77.9541279594874 28.3855021872333 1.64774440093426 0 1913.41127201852 0.228139609686359 0.0355361528423381 0.192603456393218
779.571887283331 1115.01934324639 1061.92674925925 53.0926089557636 540.331058301233 364.885736029688 57.4807717236101 83.9885705928453 33.8171808768436 0.158782882739946 0 -40.7450901391958 0.0063873814271686 0.0063873813461399 0
814.784010770119 1045.33236264643 973.133303371643 72.1989224635347 496.654571026317 421.712707317186 18.6624091532102 39.4215811051592 16.7148660069863 0.143018661951835 0 -157.501819499673 0.405495633769111 0.405495637474593 0
731.989525583754 573.922819659928 431.145193259327 142.777631028644 253.584184091506 129.303582323662 42.3241021020767 51.7426509380511 21.5204001511464 0.136028296561647 8.55741470000361 750.598877745289 6.12846043253569 5.34493276322161 0.783527782855027
719.885519719465 4283.08591131868 4185.1179196423 97.9676758029551 2192.50136566911 1997.32014825378 136.716199463767 14.200573365099 28.5050250025484 15.7591070592824 0 -1769.90021653846 0.0356118727072662 0 0.0356118727072662
715.824820726108 3634.88754657565 3569.94509769561 64.9423072839959 2149.53764179466 1991.52186935693 111.54486179206 15.1487435347829 16.974019957717 14.3482058086234 0 -37.4800571161581 0.00608314617058623 0 0.00608314617058623
700.879713526211 2120.89701003604 2038.6996166497 82.1972322717179 1321.47472706886 1246.21578944649 41.1243170340736 8.35127607238356 9.66600939696171 16.117332146401 0 3445.92398677259 0.317489370064321 0.3174894017918 0
712.345905302709 2482.57389910824 845.96805517717 1636.60584393107 879.89220199418 866.374958659879 1.27719307725211 8.54289778727872 1.95840832192469 1.73923632214192 0 3514.53795032542 29.5564392390151 29.5564366660065 0
860.206658354898 1172.85758611915 9.44676338041515 1163.41081979106 0.728568758009761 0.271042240891877 0 0.380997841045989 0.0721711582720966 0.00435749127072808 0 3734.27478446309 0 0 0
740.015930862561 980.285393326908 933.742594600457 46.5427055561942 697.051971683054 675.383913290571 2.25963202859838 12.269076908949 7.04242734454484 0.0969293845113175 0 -589.25481794253 0 0 0
618.414991138759 2375.83301334629 2351.5340285717 24.2990476982622 1270.20665828951 1258.33551022229 6.83906782460596 1.38997159873394 3.64209637147235 5.11423958903051e-05 0 -1926.62517912869 3.91824996623205 3.91824991652613 0
1008.3730999923 1188.00671580086 348.448573505321 839.557863605529 198.957821639794 150.417181995181 25.582805057995 17.9066772849001 4.55121981112905 0.499867614532435 0 2535.436901572 0.0109880439559616 0 0.0109880439559616
1024.03755862078 1992.65275781149 1287.42232254727 705.230490978811 627.230976597833 412.309718869458 129.714675974318 50.6482912645345 12.5628228669629 21.9953576916197 0 2417.0191088896 0.0153339852521554 0 0.0153339852521554
769.112394169851 737.642151587999 654.789790663862 82.8523584720853 676.457810143711 249.314266950438 350.568125108743 51.3533291750787 20.2064472657003 5.01562071183075 0 394.914494614696 3.49153871115836 0 3.49153871115836
824.556645134825 2877.578803189 2647.26928053789 230.309883908082 1625.5463093193 1254.17044233544 316.303010943704 35.4377290537063 19.5554606780813 0.0798401022708557 0 -1391.81638859265 2.24586658248197 0 2.24586658248197
655.838286649453 3642.68089447119 3598.40925634858 44.2714395642258 2068.62727237955 1987.48458818093 31.0397279306067 14.7074345848239 23.5169905864603 11.8784697613078 0 -1738.9441148591 0.0251206952119211 0 0.0251206952119211
574.382464429017 1503.75484330151 1489.93328026 13.8220059456804 1038.19718543564 1000.81461404932 10.4328183584253 3.63856433489128 4.88324412964262 18.4277988566348 0 1001.60203793592 0.0947531435605514 0.0947531530294615 0
548.80478401303 2949.96854689043 2926.50204714771 23.4665191129939 2056.86081293362 1906.62823023025 8.43663453337013 8.53889553525724 6.3285522833839 126.928337409703 0 -1375.86537316537 12.5734066631407 12.5734075967126 0
449.865522192687 1167.85496016372 1055.29976100725 112.555189018083 657.047948343749 547.490843949323 77.3652442547884 20.6036345144906 10.3450662245725 1.24320701685025 0 -312.790500628094 0 0 0
81.5017253508202 710.12702215586 706.848836509001 3.27825757159505 389.36528108132 355.518219263007 1.59779220115225 0 1.37646036681314 30.8727150289432 0 -472.93607108522 3.15988527851754 3.15988549866979 0
706.787878488061 2701.14964289109 1032.70992387454 1668.43971901655 1074.12260235867 1057.62151670972 1.55912502547851 10.428686130141 2.39071404253739 2.12316126932576 0 2513.44669908553 36.0808282650024 36.0808251240192 0
300.890808176984 174.722791860945 167.016627570439 7.70615359979065 10.5830945181228 0.0702616220747013 6.80417074381931 1.56360015151861 2.12154219346992 0.0235205616701814 0 -17.2807516011806 0 0 0
267.376187305751 102.37509474538 97.0807107122527 5.29436230812074 8.54624293578762 0 5.84988027798546 0.807066690607217 1.87149371493983 0.0178025564051947 0 -17.9671885028682 0 0 0
306.997696931897 140.202476339669 133.350654856633 6.85180121992844 9.56736378879163 0 6.50315914168894 0.897194966154927 2.14516118744438 0.0218488274043345 0 -16.4221675643067 0 0 0
191.002552582291 73.1325575933247 69.3504673673099 3.78207470656375 6.10508449601449 0 4.17891389900896 0.576535253806445 1.33691814629124 0.0127174141801717 0 -12.8350205803881 0 0 0
311.880414762168 226.518357522129 216.689167857655 9.82918645257894 8.80909053811882 0 5.81388106319762 0.80210014196653 2.16568713808768 0.0274224772213694 0 -1.06803777136761 0 0 0
111.509521771398 42.6956415655093 40.4876131035991 2.2080194014733 3.56421965738519 0 2.43969875848424 0.336588017108357 0.780508433656719 0.00742457498199538 0 -7.49323497249335 0 0 0
331.200243853077 490.963784400242 471.983459636839 18.9803730919074 6.64343353007474 0 3.81329105336546 0.526092880879176 2.25936472131295 0.0446850050380258 0 45.3692194683905 0 0 0
346.092892318264 547.932998052564 526.298250876161 21.6348048175653 6.83289018243338 0 3.67963445515774 0.745892390628138 2.35736720400339 0.0499964035774303 0 55.4573117070457 0 0 0
262.0207342699 419.848383600328 403.760256686544 16.0881716425769 4.91542600835925 0 2.72044248108859 0.375320273509376 1.78235817285263 0.0373051629114377 0 41.7303538906845 0 0 0
302.520404157931 463.378604109167 437.959706075041 25.418943740705 8.51175757178056 0 2.79758785148208 3.23817352903943 2.43460494303151 0.0413915124139784 0 55.3548295493288 0 0 0
305.896245748948 301.399405130279 285.218780155698 16.1806491436133 13.701731522946 0.211559495206285 5.19317051965944 6.34479840867005 1.9134339805788 0.0387713725009016 0 20.4633691834213 0 0 0
282.125493270603 278.720928192432 205.868036785144 72.8528914072872 28.3074568304469 0 0.143413630504966 23.1615505016168 4.97595573328639 0.0265384286642915 0 103.142333912509 0 0 0
325.502453377281 321.574434420964 237.520368218746 84.0540662022179 32.6597449254404 0 0.165463560332473 26.7226524795717 5.74101184655416 0.0306187276408918 0 119.000528262714 0 0 0
333.322599275811 329.300210274009 243.226758183156 86.0734520908525 33.4443902258852 0 0.169438796676361 27.3646600559132 5.87893876470616 0.0313543378180034 0 121.859497475883 0 0 0
394.304307727302 387.65534029902 309.590748289452 78.0646018729498 46.0556362792388 0 8.47874785084727 30.1401825801096 7.30243492890752 0.134270416801692 0 121.431367222365 0 0 0
355.72434343966 309.781097929073 240.836586160829 68.9445382515018 38.530560141538 0 8.38005348336911 23.6421360052007 6.30883706277576 0.199531231238564 0 106.956987425744 0 0 0
435.532195200493 338.589306843459 276.563344804663 62.0260203375253 49.9481558652827 0 18.2707053553178 23.5126648042487 7.75823368283845 0.40654502703017 0 108.392107908237 0 0 0
432.549587670396 344.149858421801 278.426819901109 65.7230914913551 49.1287701822177 0 16.6685792653939 24.3852318863762 7.70176823968015 0.37318461610848 0 111.815220360057 0 0 0
0 0 0 0 0 0 0 0 0 0 0 0 0 0 0
150.851998666184 117.274622237331 95.7911579932293 21.4834844365932 17.3001656938344 0 6.32828629034382 8.14390421368543 2.68716083465823 0.140811932048025 0 37.542956175883 0 0 0
414.539237124716 418.209155513021 346.508059105265 71.7011238063409 54.5757276228493 0.228503128593458 19.1559625389806 27.3063521160176 7.58161682225324 0.303288034133599 0 124.449813434885 0 0 0
0 0 0 0 0 0 0 0 0 0 0 0 0 0 0
403.82703249042 280.955196483429 148.883120552991 132.071985249622 44.36983358311 0 9.13235626383559 27.2268971703107 7.81176427129136 0.198814789502597 0 215.003128954759 0 0 0
356.977502001657 271.144940963869 233.001421723393 38.1434993538517 23.5868925365749 0.423376781248397 7.07536716961664 12.7950435343176 3.21810861149615 0.0749971807159973 0 64.6349598047799 0 0 0
0 0 0 0 0 0 0 0 0 0 0 0 0 0 0
411.41244610506 286.232607852763 151.679714041713 134.552801426901 45.2032684764232 0 9.3038967848112 27.7383222604202 7.95849903219228 0.202549290389732 0 219.041708669212 0 0 0
420.508537030673 578.48076338857 263.185843553575 315.294994851605 41.4479217301679 0 17.4882268838413 19.9082412879818 3.77749700875465 0.273952795163482 0 541.555298912043 0 0 0
0 0 0 0 0 0 0 0 0 0 0 0 0 0 0
425.085659124932 634.884091754733 252.011891795863 382.872297227033 45.3859867863629 0 20.4238827541016 21.2311501551227 3.43601248658675 0.29493662441181 0 656.825844209407 0 0 0
439.702156548922 279.014406856948 182.785006726528 96.2294135262829 25.8647825512736 0 9.11032506014968 12.6995545195203 3.81527602341302 0.239624447881119 0 192.515765443627 0 0 0
0 0 0 0 0 0 0 0 0 0 0 0 0 0 0
486.135731503083 638.622421895294 416.141215726573 222.481206168722 48.6876782373936 0 14.9643670627516 26.9196396476625 6.1005533467236 0.703114585781307 0 385.174017907487 0 0 0
485.882475450768 638.28972675892 415.924423841774 222.365302917145 48.6623140265617 0 14.9565712635908 26.9056156596585 6.09737521774149 0.702748292968866 0 384.973358616453 0 0 0
483.034071645579 634.547861228934 413.486137277842 221.061723951093 48.3770394438265 0 14.8688908950813 26.7478860400528 6.06163038715099 0.698628550000311 0 382.71651743575 0 0 0
550.129880503178 478.798586489668 180.043085663857 298.755459902137 49.5818703728225 0 20.667063388172 22.6466343567824 5.92053166784035 0.347638594671388 0 706.158375979173 0 0 0
0 0 0 0 0 0 0 0 0 0 0 0 0 0 0
585.750017398351 454.245422691759 85.4602197459501 368.785184607293 35.8366981640226 0 15.2936443105128 13.4381256942143 6.79680715433658 0.308121921884789 0 926.130847876106 0 0 0
638.812124892823 580.245985331128 107.013352585079 473.232687184554 40.2942308246355 0.206023830844036 17.2223009241596 15.2685066991784 7.16867287065455 0.428726412438656 0 1285.83419394621 0 0 0
649.788433002492 1035.27786597087 181.29586664336 853.98244514521 47.3392896988904 1.29020044506183 20.3675780237008 18.7463946874044 6.01282824226263 0.922282508235695 0 2754.58983150652 0 0 0
603.058781151472 485.307425732262 124.154964645496 361.152487450414 41.0741550128704 0.0553682733160926 19.4477104590956 17.0384817181698 4.1324110700543 0.400182057287222 0 1098.77758845624 0 0 0
630.396072730576 1136.32515255147 197.36212657858 938.963574237567 47.8098314835379 1.57206398991727 20.6044537434266 19.1402123993241 5.45419917692123 1.03889486375298 0 3101.26281957478 0 0 0
698.436116085307 1293.96947391067 224.67574017376 1069.29425594384 50.9405279682993 1.45441559403601 22.4869902654853 20.3411641861042 5.57517038788347 1.08278057702215 0 3504.38442981943 0 0 0
635.785236881906 1146.03943067167 199.049346634982 946.990636988399 48.2185507650464 1.58550333585317 20.780598215569 19.3038392856156 5.50082633078525 1.04777622453381 0 3127.77506343872 0 0 0
799.676879696423 1400.79580674807 194.683318169468 1206.11234788688 22.1706668692851 0.0277801194019692 10.5637533683005 8.60251363470318 2.56221273667225 0.414406506298555 0 5989.27526291775 0 0 0
708.158911305185 1187.65392145241 472.399850277018 715.254494832129 39.6973157714109 0.632011720086948 20.1817386702922 13.3606100638355 4.58863522700977 0.934318290493661 0 2525.01655583818 0 0 0
722.979991242862 1119.91140362822 707.396972922799 412.514828831381 33.5495271811146 0 19.9862217597278 8.65691854406995 4.0240412149624 0.882347951578759 0 1696.26740668514 0 0 0
682.399516497634 755.101645288178 419.485984999427 335.615799811089 18.4529722038566 0 10.1659882198847 5.00845471078812 2.75791101508674 0.520619300245328 0 1439.03066290797 0 0 0
591.443260801694 424.011737424853 200.211201843321 223.800460805215 4.21733661481446 0 0.951280094923103 1.64788513995829 1.42959271155646 0.188578687069637 0 1036.58448937824 0 0 0
661.1845329078 432.332933946452 160.42293417074 271.90990078178 4.78209098051189 0 1.22804150945001 1.71801296754893 1.64105904429839 0.194977360220628 0 1233.69208310847 0 0 0
457.710140535871 299.285839438277 111.054025147176 188.231745761781 3.31043971207149 0 0.850121295793572 1.18930785231923 1.13603589982681 0.134974595602558 0 854.032949400997 0 0 0
605.545568277366 246.55772394884 163.244802070458 83.3129376185459 17.9820754040227 0 5.78937006154398 6.68986340610687 4.47295351990626 1.02989152700574 0 460.690769095389 0 0 0
256.860631537458 860.519724202083 855.27391464015 5.24597339179525 19.1112348225824 1.29675838150287 10.5589594475609 5.39644813155424 1.83735340696041 0.0217181596183629 0 -67.3995281380367 0 0 0
679.961368749137 1549.2136839145 1143.06596140122 406.147422516434 13.0595024592844 0 1.6829922749785 1.83937662796201 9.22664082640659 0.310490729958333 0 1956.2803967491 0 0 0
683.993821852011 1558.40116398886 1149.84481692844 408.556045284466 13.1369507286042 0 1.69297311761642 1.85028489471314 9.2813586355933 0.312332068841654 0 1967.88195136459 0 0 0
681.186623943378 1552.00528679143 1145.12570710287 406.879279151145 13.0830350068052 0 1.68602493995265 1.84269108944638 9.24326675563953 0.311050218183885 0 1959.80551277433 0 0 0
679.953862063377 1549.19658079536 1143.05334210053 406.142938701305 13.0593582840626 0 1.68297369496098 1.83935632148142 9.22653896548259 0.310487302180744 0 1956.25879966599 0 0 0
677.348722328279 1543.26106988016 1138.67390719033 404.586863845682 13.0093233404012 0 1.67652563739342 1.83230910768142 9.19118888569414 0.309297717337884 0 1948.76369181311 0 0 0
679.48422625247 1548.12656967686 1142.2638491464 405.862420744127 13.0503383451228 0 1.68181128562695 1.83808590058115 9.22016630793819 0.310272852401029 0 1954.90763565475 0 0 0
679.653247386422 1548.42617498904 1142.53843921798 405.887436000145 13.2794900121033 0 1.91031439320153 1.83799139240493 9.22047581788925 0.310706429102067 0 1955.00395826606 0.0063203066603942 0.00632030530085319 0
591.524352585894 1175.42465146168 975.155569766403 200.269002072674 466.648525567779 0 461.143910368059 0.488191627783788 4.0280752996151 0.988385967933628 0 915.923348664921 12.7378847762414 12.7378820362357 0
985.609404036191 3102.77008874607 2227.15897499993 875.611021730354 135.936824284957 0 111.97165235379 17.0594728512026 6.49325986950037 0.41244583412141 0 5285.78708142511 2.98355409138079 2.98355344959798 0
1305.01871234546 4693.87490424382 3295.67786662009 1398.19703762373 44.9366680048756 0 6.80104375751845 31.6210641467038 6.31326111301665 0.201295697036301 0 8804.34530867302 0 0 0
669.007879171243 1524.25741916095 1124.65232546469 399.604798532066 12.8491270899551 0 1.65588097249735 1.80974613180417 9.07800897939897 0.30548903849329 0 1924.76669917442 0 0 0
1299.93469433998 4675.58877217315 3282.83875139848 1392.75002077467 44.7616062781112 0 6.77454863634342 31.4978765954806 6.28866626784835 0.200511500657754 0 8770.04583874794 0 0 0
1130.29007236876 4065.41312781055 2854.42035361409 1210.99277419645 38.9201083867649 0 5.89045365261683 27.387327510821 5.46798010849173 0.174344264812696 0 7625.53364327948 0 0 0
588.723896552672 853.166956901796 632.294942666997 220.872017187743 209.211579648745 0 203.047160979113 3.5796370014274 2.18395565051138 0.400842789542744 0 1405.11747718856 4.93843786540548 4.93843680311385 0
1303.37871989646 4687.97620001323 3291.53625028581 1396.43994972742 44.8801969401207 0 6.79249701385713 31.581326550653 6.30532735662223 0.201042732523201 0 8793.28105366425 0 0 0
1300.70365264424 4678.35455173833 3284.78066904283 1393.5738826955 44.788084384288 0 6.77855602644865 31.5165087266793 6.29238624099042 0.200630110449617 0 8775.23363749339 0 0 0
1047.769148406 1985.23042058837 616.415585697168 1368.81464113741 156.600668985325 0 152.83047299854 1.15039521502545 2.57090655287238 0.0488417452217828 0 5580.62657949272 0 0 0
1079.62238689831 2207.36813201964 824.15592496006 1383.21202960874 151.136943137106 0 145.027087542883 3.16189309729913 2.88479538553524 0.0631174861000787 0 5844.71428840694 0 0 0
0 0 0 0 0 0 0 0 0 0 0 0 0 0 0
1029.96040874406 1935.07031098591 587.254160646561 1347.81595809507 155.048467846523 0 151.589512736125 0.907715369670819 2.50421429198984 0.0469734082129544 0 5472.07371320042 0 0 0
957.467144575673 2383.49694192508 1206.02822180313 1177.46868462115 139.336739736514 0 134.616123964385 1.43541300979287 3.14686359283983 0.138295608436467 0 4801.57442316292 0 0 0
1042.74210913623 2162.21889650321 823.533028196977 1338.68572430196 155.184018621572 0 151.303985421678 0.998193109555412 2.80386728835729 0.077921751523218 0 5442.306227827 0 0 0
796.295539919496 3652.72016228398 2885.19585135295 767.524699788108 100.883777002298 0 94.1947449069051 1.54277969880001 4.78752702420203 0.358702506173652 0 3193.62902221695 0 0 0
561.492871830951 5022.85631267925 4793.1506444939 229.706552280619 49.5888134517309 0 40.3164732626948 2.0421605940838 6.6114317255962 0.61875145355172 0 1075.21013259444 0 0 0
806.546704877586 3585.94055312463 2794.34505357874 791.595864477255 103.515407827801 0 96.8680076688294 1.58978728436034 4.7098291062068 0.347759715694912 0 3288.17905323642 0.0255184014984172 0.0255184011886829 0
553.557684353922 5024.64913301588 4812.05271439366 212.597297623616 49.7518901580667 0 38.6774931312363 3.60994504960413 6.81236077782578 0.652095787033698 0 1006.74062836196 0 0 0
401.395947258884 2785.52582779575 2728.33716189449 57.1886081347373 111.081312954519 0 24.0656223938104 72.584473663306 12.687585822536 1.7436484714563 0 323.098310179187 0 0 0
405.8618599408 2795.21714080032 2739.79965439907 55.4174107335745 114.179353081313 0 24.2345585651618 75.1291119696095 13.0211020910867 1.79459839491507 0 316.590734894695 0 0 0
403.356272279518 2772.48432988197 2718.02794666797 54.4563035761191 113.953247028428 0 24.0595396774675 75.1119211133052 12.9901728226722 1.79163133350627 0 312.038838706112 0 0 0
397.961404307333 2666.52825286642 2598.91199412802 67.6165674730234 125.154204815249 0 54.7133102960978 46.8855151353933 21.935037721447 1.62034052887914 0 293.500366063052 1.231370233169 1.23137021822301 0
296.325992992782 1165.46398540011 1141.54324389108 23.9216256703254 142.31447346247 0 83.2757204484853 7.61241755363834 49.6632551396622 1.76303363280026 0 -91.871185585027 0 0 0
296.389699564329 1165.38743894839 1141.46759341994 23.9207302336955 142.367067644203 0 83.3182504872374 7.59619660645726 49.6889934308912 1.76358039922711 0 -92.0114835964117 0 0 0
279.53449050862 3575.30504028528 3542.40446292044 32.9005976290231 151.662009338537 0 45.1630881427484 63.3995548664793 39.9458487191394 3.15353652751175 0 -217.130629170514 0 0 0
263.965437016278 5898.69599674674 5857.09335956183 41.6018269582663 160.931516132076 0 8.60542913033477 117.155971136425 30.6741702491174 4.49602763914294 0 -337.827897992938 0 0 0
265.277048606616 5596.32021588562 5556.70916583522 39.6103145176927 155.255887686715 0 9.58979353770925 110.816698178176 30.6187089999605 4.23076400242397 0 -305.485180398302 0 0 0
301.538362775278 3532.60261328949 3431.36996529819 101.232557314431 134.09754990665 0 36.9816065018667 60.9547849506258 33.1867147970426 2.97445193528417 1.23912681479041e-05 128.996414573555 0.486167199274335 0.486167203687311 0
400.080049990927 5200.04239492612 4733.09711996976 466.944717480567 38.336042160318 0 1.55347001888263 26.5060071863658 7.13266057766542 3.14389820427271 0 1821.64803003305 0 0 0
359.84540375841 2296.20687636706 1177.7241794497 1118.48266076271 36.8480960965704 0 7.28675578371811 8.60210230880468 17.4772430348711 3.48199203412891 0 5618.53697897704 0.00111129795649953 0.001111298066686 0
303.623373410602 2068.16106845549 1990.78881177309 77.3722549354784 723.290861932485 0 685.536773871374 19.5670960709331 17.914524473384 0.271807696584878 0.000727676117824078 161.063865055551 19.4168557972324 19.4168544981267 0
514.084452052328 2090.702051599 978.872926674081 1111.82917828026 125.778946655189 0 59.4432834087533 36.0567574404235 26.9585744886253 3.32032338971074 0 4111.96763745227 1.09142496032314 1.09142506845701 0
21.4950931633172 193.383025076602 6.24924394150305 187.133717075221 0.00114745054158059 0 0 0 0.00114745054158059 0 0 5436.65106375547 0 0 0
208.812432634844 375.124690476059 135.887446579335 239.237243896724 39.6345469804887 0 0 9.30332275274707 30.0390715368006 0.292157186043454 0 2293.21747125805 0 0 0
189.388172583667 340.229644010285 123.246852977022 216.982791033263 35.9476412831355 0 0 8.43790416531363 27.24476120832 0.264979986458542 0 2079.89658823614 0 0 0
205.819012583923 369.747109477181 133.939438972094 235.807670505087 39.0663679398851 0 0 9.16995544067249 29.608447948374 0.287968981501761 0 2260.3431683587 0 0 0
207.114167834668 390.952126326196 155.045996420398 235.906126771677 40.2524334086436 0 0.438254435765292 9.40332112243256 30.1203136339972 0.290548560316539 0 2267.94279008302 0 0 0
209.018075521692 375.494121181425 136.021271402159 239.472849779265 39.6735799181214 0 0 9.31248486117142 30.0686546478784 0.292444908600933 0 2295.47588018039 0 0 0
195.842466853418 1229.96834367156 1070.03436144163 159.933836443092 80.9086096439638 0 20.3858472556386 16.8965604115014 43.316490357804 0.309710500650436 0 1842.65601946125 0 0 0
169.142533469812 1036.30572343716 953.397575236434 82.9080047230349 72.1759325818338 0 23.500660848072 14.6212731889637 33.8515023988196 0.202491008594395 0 1006.29818137517 0 0 0
178.316538319674 1248.22358837595 1145.49894017977 102.724481016676 82.1788069224674 0 25.3867271183643 16.6954036307404 39.847209810644 0.249462007765478 0 1284.54781042434 0 0 0
132.905080036535 204.28486548615 199.026538347993 5.25827419225628 32.9766051121281 0 16.3792140207207 6.1225520890162 10.4588932954209 0.0159373555036171 0 -83.5231875449636 0 0 0
148.108120983218 74.9877946683446 66.2703141095391 8.71747711366077 30.535616500416 0 13.6320666733865 5.51821487840374 11.3696836169816 0.0156570757179535 0 126.960190928954 0 0 0
146.58334769626 70.265753688925 61.5640810726401 8.7016706440892 30.0604930130704 0 13.372167335943 5.42764727819715 11.2452430091891 0.0154414641039877 0 131.346360843709 0 0 0
143.727828437402 234.691333489607 228.371781190625 6.31954021716677 44.8692755830762 0 28.4556458433568 7.01756717822268 9.34529872941554 0.0507634667275001 0 -26.0651922582608 0.505643794456776 0.505643895092249 0
144.963955256654 69.489486588498 60.8839464665803 8.60553817150999 29.7283970698323 0 13.2244371399466 5.36768486701404 11.1210101969576 0.0152708731697551 0 129.895300357897 0 0 0
73.7590410436832 35.356912580862 30.9783318093053 4.37857977917068 15.1260915567218 0 6.72871956382523 2.731129181145 5.65847590259485 0.00776996570565875 0 66.0919659201965 0 0 0
147.470263538512 70.6909030056375 61.9365801298328 8.75432089167594 30.2423767529236 0 13.4530768474386 5.46048775041207 11.3132833721059 0.0155348940832905 0 132.141083914816 0 0 0
148.84508583153 59.9819913899937 52.5496335991992 7.43235606666402 26.0225206215546 0 11.6671413521468 4.6465762181347 9.68385057270331 0.0249576440775612 0 117.220061397076 0 0 0
138.191690399164 243.160616473728 241.16787131366 1.99274272428543 376.706700258976 0 355.095647710241 11.085372181551 10.4559336333934 0.0697436284739507 0 -246.223174749912 0 0 0
152.339651238454 117.979220597485 112.236083830799 5.7431186249093 12.6465111976844 0 0.198966122406617 2.09399885831256 10.3524892749178 0.00104940624451645 0 243.791797897362 0 0 0
172.642679629047 118.063114254112 115.460108266191 2.60300932162897 12.4798173237727 0 0.0130053729776162 2.71197250846063 9.74646103356159 0.00837430538794099 0 133.444125004599 0 0 0
154.466978887752 148.232688041096 133.124394825075 15.1083112669731 86.3843221972608 0 60.834436042627 13.0094898631105 12.5080975392045 0.0322982874743239 0 163.24011275682 0 0 0
171.548967980756 133.870003195578 130.315911486768 3.55409407751826 16.03777090975 0 0.607589027393777 4.83293964797738 10.5886634167842 0.00857529689148618 0 145.172636758525 0 0 0
167.913545971445 217.602472921321 208.401269910051 9.2012042137927 38.6424081033212 0 6.25280972824934 16.8497681859299 15.5278556193002 0.0119736913568341 0 221.510712616374 0 0 0
162.720584007893 223.831167952398 214.254773041205 9.57638808595438 36.3686646558668 0 4.04985775895583 16.7868208283571 15.5234691456951 0.00851612040566299 0 232.03490985838 0 0 0
167.730831681065 206.190119336374 197.552428957693 8.63769908661707 39.8856833888885 0 8.20383051379568 16.5429824446145 15.1239613122401 0.0149082249601672 0 205.853639805476 0 0 0
167.167638372511 203.052439025921 194.566708974263 8.48574029959365 39.9907034276861 0 8.57790772564885 16.4116106576475 14.9857149754155 0.0154691721053638 0 201.840653446085 0 0 0
176.790883765151 133.202299490448 128.276946012314 4.92542118620411 51.2625974994561 0 24.1640647557648 14.52434887422 12.4883759569001 0.0858068481590928 0 94.0864106329411 0 0 0
193.094212280095 315.515425698342 301.146182707292 14.3693002841087 40.5199136119327 0 14.1634766926104 14.7172893855576 10.5712135515984 1.06793569424973 0 174.266165788137 0 0 0
209.820528424667 461.386724056971 439.677601329689 21.7091734930494 34.3894940969539 0 7.79637109573344 15.2700209643997 9.48203377888256 1.84107208283038 0 237.675857349001 0 0 0
211.068326898211 354.836577215086 335.366862931828 19.4697496315739 29.2751374743299 0 7.34366995277274 12.6189264037275 7.96587628971606 1.34666755108056 0 219.639800477085 0 0 0
202.141573786855 1316.76713322284 1291.86389485829 24.9032889337675 52.1530558414275 0 20.2171353330698 13.2229100550576 10.1080284571866 8.6049969381145 0 214.846125299125 0 0 0
210.103206088534 69.9283199695125 57.6965524741715 12.231767495341 18.8199141043024 0 8.07147539563985 6.09549408755604 4.62431075907366 0.0286335022858951 0 159.848080118369 0 0 0
208.708197069675 218.078651556601 204.620998975802 13.4576529882331 22.2495004606296 0 9.34003577696847 6.83322085323607 5.20011105312636 0.876133884225515 0 165.688875352171 0 0 0
209.013674880872 69.5656930095314 57.397355733363 12.1683372761685 18.722319764245 0 8.02961918364221 6.06388471253435 4.60033049251926 0.0284850176677593 0 159.019156681092 0 0 0
204.997699975728 1099.48297837795 1082.08128067004 17.4015828944452 32.9322233889127 0 11.307078663603 11.7965137160768 8.30949933353897 1.51913298424492 0 220.90052007391 0 0 0
207.688205008917 144.516813617759 133.215047628646 11.3017585148862 21.4805892246739 0 8.37148507618773 6.4374390164511 6.53228473279998 0.139380639643735 0 287.257655040909 0 0 0
201.81898329132 847.694233485785 837.016475965362 10.6777499405819 49.6619194058253 0 19.1426595060446 12.0308952103354 15.912832120123 2.57553076511863 0 885.45743985736 0 0 0
200.018128185519 97.8580945805751 93.0511088011381 4.80698775358686 29.0353813615168 0 8.62605959640681 5.88826713301427 14.4349047069721 0.0861524322940131 0 887.545986888449 0 0 0
193.039458436483 94.4438074329904 89.8045382827775 4.63927105548423 28.0223314974995 0 8.32509477034368 5.68282439595747 13.931268193009 0.0831465578839773 0 856.579342085974 0 0 0
205.548382948735 479.246816447594 452.791078656888 26.4557484454684 37.7300652399036 0 14.1890394923102 8.14995815779805 14.8756661865373 0.515401471696918 0 923.446662224781 0 0 0
201.737065124435 98.6990778208061 93.8507812587112 4.84829855321042 29.2849086919171 0 8.70019113944272 5.93887034569782 14.5589569173173 0.0868928181759878 0 895.173473435235 0 0 0
232.877041668541 522.824500107327 483.71593811074 39.1085872148609 35.4739966239586 0 16.7210791792145 7.41180897027353 11.2520106262667 0.089100878477005 0 502.43082973399 0 0 0
208.009089236568 85.2217390431732 74.1738045678576 11.0479346135237 21.6147751928053 0 6.83735362965317 6.63085800380836 8.08028181471339 0.0662860459640347 0 234.86623820435 0 0 0
157.01539471775 999.665749629665 977.755081905801 21.9106814743617 398.398692961705 0.0951936890973112 370.337812408019 12.3655184596029 14.2658945467223 1.33426006004365 0 -449.785057571939 0 0 0
201.80425742853 105.61780484799 101.657198696358 3.96062632545698 24.0185856491262 0 6.22690548449763 7.9516529922987 9.84002555842378 0 0 127.229701511384 0 0 0
248.154879132101 136.080063463476 130.341417067352 5.73865574138504 26.8238997123819 0 6.291544276746 9.64965378423188 10.8418023866696 0.0408970380865705 0 143.741131559983 0 0 0
243.948239392498 151.428744537749 143.49292761649 7.93578599391223 18.8602878181946 0 2.61027002969933 8.80492710576647 7.33704524032356 0.108042466074964 0 101.459524399302 0 0 0
266.002463732049 241.147635269415 213.867810585081 27.2798039658262 29.2046850986531 0 4.44019090320523 15.607855445247 8.54938224405748 0.607255079084873 0 391.862301414474 0 0 0
221.574158793918 79.1432420213403 73.1911540868403 5.95206030578866 8.70513980124929 0 0.641488332869621 4.61516254544323 3.37341199117411 0.0750753042419077 0 57.7036047329566 0 0 0
201.925770559111 42.0954250521659 34.472526387696 7.62289529670766 23.4103010301206 0 16.4156323430352 5.34040734756246 1.59687483543804 0.0573845172431081 0 77.473474779689 0 0 0
201.728385102095 56.2893523767528 46.3573843248494 9.93196705311136 33.4720281677048 0 24.5043938286722 7.3049841859501 1.58378653253922 0.0788607540101581 0 98.4345709906324 0 0 0
201.805506696575 43.9828870803705 36.0532956290884 7.92958840336298 24.7512617861311 0 17.4947653944104 5.60187597903952 1.59437502296767 0.0602432856043423 0 80.2537058280396 0 0 0
251.256242890456 86.566995673381 35.7410277365667 50.8259481989778 7.63726727289486 0 1.0902809652102 3.38756050596977 3.10734959992563 0.0520765263094019 0 283.202775143936 0 0 0
386.748213334488 766.854874203553 606.05961123777 160.795461863058 33.9958775793301 0 12.0631156981723 12.9281363152319 8.24918325867099 0.755447481911692 0 920.50203892549 0 0 0
315.719941253111 406.832638121805 263.374708139449 143.457927783132 31.1549225864022 0 5.02360759724707 16.2382140237066 9.55041770081252 0.342682802143214 0 1014.90033653517 0 0 0
378.699896363835 450.70873842876 104.054940179918 346.653699540255 12.8053958933132 0 4.42024554363157 2.88614925857315 5.29040122132283 0.208602831043231 0 1581.48825184076 0 0 0
396.295228414287 485.388994770902 113.229990576168 372.159049828392 17.929947572566 0.000584879689139367 4.51197219979229 7.43297683175041 5.79178453310036 0.192630450357185 0 1671.41055292184 0 0 0
280.899612335541 615.079704699679 443.496531434992 171.583173264688 187.558465171652 0 152.841434134415 26.9183786824264 7.67440996001366 0.124281918172586 0 631.828444493945 0 0 0
264.90419914735 191.886677512797 165.395873595807 26.490794528181 96.7971100273724 0 13.4511107455078 44.6747377507232 38.4451414751659 0.226074050815542 0 291.084318013173 0 0 0
326.586149061434 1037.09654896335 1014.20647740609 22.8904391410967 36.5664995001473 0 7.66358261795069 18.3851061126027 8.83490706272485 1.68290737605443 0 380.414890313311 0 0 0
310.287607307071 655.745820898749 627.869283922541 27.8765908359472 40.5191422345232 0 10.5854732977231 19.6650273681606 6.81341965048261 3.45522502343856 0 612.322779297021 0 0 0
292.199167276767 560.92376249363 533.619923141827 27.3038393518039 39.1491144740378 0 10.5357787291093 18.8959660552033 6.14482426082656 3.57254828776974 0 619.708061331858 0 0 0
298.975139618526 573.931342001522 545.994338421374 27.9370035801482 40.0569655105507 0 10.7800988821497 19.3341553373774 6.28732007840325 3.65539413778751 0 634.078823311383 0 0 0
306.320434780481 588.031829135928 559.408462343445 28.6233667924829 41.0410949446658 0 11.0449470172338 19.8091616467359 6.44178851284394 3.74520076488563 0 649.657028640127 0 0 0
584.899459478413 1003.91986142737 613.531681627771 390.388122415323 607.859690244767 599.44827786164 0.650048848547036 3.34154068606594 1.94294967138721 0.850145914211057 1.62711400022685 198.056873459127 7.68256367334098 7.68256300454248 0
666.566615129461 1297.22298262157 1225.19762251481 72.0253550486727 657.838472461236 504.084798816319 10.804696052728 37.330258184743 22.8964799636177 2.02498450270192 80.6972642827866 101.852973851364 85.6188794366717 58.9474970616687 26.6713823756305
486.511053066673 201.982972012907 167.682064449642 34.3008616731371 107.980046804237 95.3014197837978 0 1.6382088286077 1.54550798228496 9.49490918201698 0 -15.1495278699891 10.2456343323224 10.0420655265769 0.203567034803809
314.411065759053 415.373961581576 370.651302869635 44.7226348615419 90.2648171410181 86.4150049512193 0 0.730462599294617 2.41235399526033 0.706993806463951 0 30.2323248165505 2.57468160111905 1.49497836503849 1.07970280252613
587.895024368252 2084.99646578722 2018.02719865256 66.9694586331393 920.040485661333 778.932132459269 1.9602103351671 19.0790727645947 15.3136946537154 5.25700276597379 99.4984312321679 456.289767332115 208.534375694342 117.735300897396 90.7990792265841
588.181127304234 2531.79973779478 2259.312443306 272.487282620836 744.557074988616 671.024476972116 1.62348363113627 25.8162779213727 14.5134872151939 0.800778081323962 30.7785648240454 3615.40480777165 195.0165957867 70.9113817917899 124.105222365585
520.881117141741 1175.7208857974 1153.55127178383 22.1694310959828 772.052939620701 720.596822807936 0 1.27861547258544 4.43888253214689 45.7386848615148 0 -947.439348812445 58.0856273479231 54.321865543864 3.76375244808191
503.733693044915 876.255159571881 797.145294670978 79.1097302113517 296.86190111019 271.229139504922 0.147544417757471 5.08547296815632 8.1819447481525 0.840318830337598 11.377481018507 1595.436109204 38.5260140305143 22.2151061578269 16.310909519826
296.748206393645 395.978115805358 350.590157242998 45.3879376687693 92.2890922281128 87.979121771299 0.025910357262365 1.10947848352354 2.42268878954393 0.619345577991139 0.132546687027344 187.258915817906 3.6474816156208 1.74323856248809 1.90424243732111
527.392259846043 799.41195622328 646.692995133725 152.718958820186 329.216637782932 305.583308108171 0.639128581083603 11.6372769957179 7.76268460640118 0.0125391618472864 3.58172490763359 3993.5531250498 35.1087811151401 11.2415374162518 23.8672379745261
469.730265112005 707.369134169573 570.526677129497 136.842457040075 291.210197423944 270.552150122042 0.570982932623065 10.347928261043 6.81824539461417 0 2.92091287287162 3542.96716363957 30.6751189184633 9.55512395840646 21.1199897592196
445.447620693168 848.073676997582 432.768059664656 415.305809228419 134.317757439263 125.655171736106 0.29511994986577 4.33711439166629 3.20559518414129 0.0756521520481269 0.749105382644066 2258.93326550466 9.01790854162476 2.31733286057579 6.70057402414842
503.413185170076 1218.84311380041 241.420040083004 977.423558410409 45.0891427555678 39.6406055117095 0 3.23740977881313 2.02682276116968 0.183369545693799 0.000936858473640765 1856.80691334623 0.0294275996599417 0 0.0294275996599417
592.128518940093 1475.94632195238 1285.26014237642 190.686280955616 342.722883554581 264.613495772391 2.76924553570964 35.0605890364099 17.7650685561571 0.572988653322075 21.9415136615991 7335.72860813078 67.9415799556378 18.3840476175942 49.5575256831002
495.974694428714 453.662928436864 396.039309106894 57.6236519107209 149.931402873071 138.191010726277 0 6.34361556194036 4.62085704168039 0.476956373412589 0.29899029323616 708.537907487345 9.39156436016402 0 9.39156436016402
586.908248258373 733.072238606144 650.059275986968 83.0131105150521 230.033476408816 205.640697366616 2.76016751987198 9.37155917796826 8.96806402361667 0.648779762322752 2.64423354591235 682.623982584902 29.2789129306241 2.40390236592244 26.875009865159
602.249457816844 1325.4155748949 1210.40921876597 115.006429281519 427.746028551739 347.539536668602 6.3705274646372 31.8970822332121 20.4140483401425 0.763430704875322 20.7614098385966 1768.78714528118 44.3017228402649 18.4189739652725 25.8827470284966
544.186737183829 269.515166335755 240.937341693234 28.5778075019284 65.6066728377489 38.0818805098717 0 6.52028918947023 9.11025074927543 0.115808272236552 11.7784411172912 93.6205462684159 11.4549038591312 3.45154687966194 8.00335840711149
522.563146492661 258.805817423531 231.363550009236 27.4422509547942 62.9997518249466 36.5686738463707 0 6.26120153630399 8.74824939967309 0.111206560165336 11.3104176020208 89.9004769714901 10.9997362934195 3.3143975669767 7.68534009735684
624.834287729227 653.569504985562 583.132304132965 70.4372433604405 237.344761724042 200.820291528021 0.616574346493836 6.43196783638425 11.8956746453242 0.530267886625026 17.0499974932842 200.36710828191 14.5016741366152 5.88040657984573 8.62126748603434
237.59192945446 117.670321622191 105.193243383266 12.4770707553419 28.6438733609612 16.62654903061 0 2.8467582601227 3.97753547713365 0.0505618916584786 5.14246739180936 40.8747305007904 5.00121102489669 1.5069453676604 3.49426628054488
632.690319457952 396.78143236132 150.136993952698 246.644535678428 10.0132366366178 1.1027543674963 0.487684700167839 2.33063084744049 4.07005489862283 0.139862909125756 1.88225163737604 847.847493028138 0.380361271152556 0.38036128441956 0
658.708118785445 739.095678695454 543.902521693851 195.193175087814 134.847831425837 67.663610895644 3.42855422343747 25.1587146916854 18.4909419234473 0.736171086050512 19.3698400950956 1173.45013165905 6.47945267257884 5.71259021582001 0.766862604174183
626.612343142753 392.969854272836 148.692827181996 244.277123427429 9.9169655065828 1.09208120278037 0.483005259347677 2.30821792088403 4.03095215088021 0.138520646784718 1.86419102333028 839.708241451187 0.376707371076661 0.376707384216819 0
643.113403704936 482.38459347241 251.175204510498 231.209470312076 86.225027849718 47.4569461665613 0.407867430009945 4.75292886474409 7.12534360478406 0.315411318503389 26.1665413485826 777.156029521738 8.26912328119097 8.26912321277012 0
598.739361034906 375.489761777156 142.078670028911 233.411183799588 9.47583885921616 1.04350322604798 0.461520210259318 2.2055437276386 3.85164726100914 0.132358968752598 1.78126804294613 802.356323561424 0.359950666666321 0.359950679221978 0
637.111836569504 399.554442730119 151.18431873764 248.370221943281 10.0831338166858 1.11038007533778 0.491098477748343 2.34689433566111 4.09849463719551 0.140841693658916 1.89542733970652 853.778361929961 0.383019465962298 0.383019479322632 0
589.449651219581 961.680359730535 901.667853584127 60.0124470766827 370.213352063918 186.990888626059 1.69736572322863 22.3524215518402 25.9030323870517 0.349253923530161 132.920383244319 346.360632925006 28.4054883039431 26.7799453333538 1.62554222431513
583.087231409623 597.419711929693 436.695103639565 160.724706336521 9.65832562358973 2.09610245576235 0 3.22311828743673 4.18199926250332 0.15710551984093 0 638.754894556494 0 0 0
583.446474214299 655.525955027673 596.628944364245 58.8970573098817 209.907464859978 117.074527083156 1.42435535319634 7.98368439005356 9.70163311038575 0.402436596458423 73.320836742474 74.7638853637321 11.9405163174616 11.9405158052556 0
595.7658929554 610.410019246183 446.190611549006 164.219507875493 9.86833646773798 2.14168015352403 0 3.29320184215568 4.27293274617057 0.16052162570938 0 652.643994990424 0 0 0
587.913548999691 542.194824141123 455.633723771927 86.5610538039025 170.143029512555 62.2203654420845 1.72069694955114 31.4407891853629 26.65454287005 0.912021570362682 47.1946098739389 1855.66607588398 10.6618980272112 10.5021966624447 0.159701323799096
648.468022186651 659.888549745675 35.9569260145197 623.931642883249 2.99940078144518 0 0 1.19776428136898 1.8016365000762 0 0 1284.03871801844 0 0 0
543.801521502653 1085.94996549918 1025.24681966881 60.7029309567545 590.979636879893 292.554112110929 1.17527491545854 25.5758543792313 27.0401612805542 0.701584018372102 243.932665952547 -105.561891057584 55.5363540754655 53.4620495524997 2.07430228126589
630.028183871625 641.123957280165 34.9344547756492 606.189521112001 2.91410981325632 0 0 1.16370465324193 1.75040516001439 0 0 1247.52578979316 0 0 0
556.310237879912 85.9557340802642 26.3080247812582 59.6477053030391 13.4430792503841 4.25361189547411 0 1.56865313166925 5.83196130783145 0.248095629707058 1.54075798919684 193.20399326576 0.0914357347569338 0.0555474910778205 0.0358882149011736
509.977456411129 55.3561112215646 11.0114675702506 44.3446397211073 7.97403134930538 0.989501075800662 0 0.723670673775024 6.05703539602077 0.203824543789825 0 148.49041113171 0 0 0
398.422036198803 20.3437329353834 8.58756098394084 11.7561719514426 7.20450618731573 0 0 0.288445849792481 6.62528427465081 0.290775987348591 0 44.0920737862261 0 0 0
595.420483846565 896.662032216404 660.780249276018 235.881801290868 258.897766442028 110.242833404002 0.946507642350751 24.4914533874719 25.4905402957203 1.95048705408258 95.775939859591 1027.11937876658 46.8555237372104 44.6198012989396 2.23572308256085
0 0 0 0 0 0 0 0 0 0 0 0 0 0 0
504.76583683514 1027.06817902421 988.155519754406 38.9125540501392 458.910377047361 70.0749983041142 0.997594012704922 21.1632989464433 21.4702016119962 1.83373503303092 343.370498907309 441.486669209848 90.8353412395428 71.9820063882466 18.8533387136399
443.62009481871 144.329281416529 16.2816706441277 128.047651537419 3.82376198714789 0 0 1.52695975323039 2.2968022339175 0 0 368.049006877863 0 0 0
502.847151572206 68.1485651982259 22.9085996461182 45.2399655521077 7.3860895927569 0 0 1.20353301579933 6.18255657695757 0 0 163.786524190176 0 0 0
578.120531481229 152.313519417735 74.4931746992444 77.8203477257317 22.3870125806591 2.31801720576536 0.344411703637046 8.11112999740026 6.33356866552574 0.637466409751904 4.6424179156721 306.849690157026 0.668922664130878 0.390655143661725 0.278267541657429
624.853508548553 378.305814230715 56.9182381465982 321.387605458829 14.5270513064112 0 1.00263201317843 6.27049030660543 5.49632253518072 1.75760642919712 0 860.772212286368 0 0 0
642.293860709708 962.954867997681 589.904183383777 373.050709820433 67.1962529221135 0.991224795696037 1.82499990895922 17.6713340654561 19.7043708404363 3.93182342041582 23.0725008437695 1198.33214463148 0.247991057975402 0.000843165604338996 0.247147892560342
595.655520693458 939.688174529925 691.441940640187 248.246199064005 16.9558942147042 0 1.10989685299057 5.76962620681016 9.32381207797279 0.752559308952075 0 793.442631524719 0 0 0
608.707455531209 797.05405738853 387.845039060757 409.209018327773 14.6518698519756 0 0.144062874432742 7.49839923744573 7.0078130605598 0.00159001146794653 0 1240.97426167367 0 0 0
571.434713555208 1481.10848062356 1163.6777729723 317.43065945291 38.9714163600525 0 0.0847173373299319 10.4764788450943 25.2603647545259 3.1498532683029 0 1199.51551422337 0 0 0
541.482117970612 2306.76953783341 2051.11462351445 255.654743281499 65.0006740884708 0 0 14.554037230258 43.9517528912059 6.49488408122011 0 1185.69259721801 0 0 0
707.75221865309 3013.14777619387 2313.4506925934 699.696695085291 52.9124638158955 0 0.156991118765765 3.81537513950106 11.4602224917269 37.4798707846424 0 2070.48415014869 0 0 0
734.115825303201 2629.75219332483 1740.05204555736 889.699910672126 78.6488596816157 0.103758926919313 0.0615457506096503 6.36266338986042 25.7557501573323 46.3651175264589 0 2111.87260282826 0 0 0
506.795272738723 422.869433163919 6.30641254811062 416.563020615808 29.4952926981242 0 0 0.533597012268858 1.06827974861443 27.8934024619221 0 943.095176129012 0 0 0
377.399807422498 31.158953899556 7.96388211599261 23.1950717835634 0.0345754741382229 0 0 0.00671034715205946 0.0278651269861634 0 0 118.329348340209 0 0 0
442.249127722427 68.432039441838 63.0266591870407 5.405379666624 80.650553679534 0 2.63999662667261 7.62002063551583 69.4557658325765 0 0.934766400640153 -473.998647342888 1.41364371888736 1.41364368573978 0
388.62121586783 1495.25543720485 1427.45265454521 67.802787685651 619.443269286347 0 599.994202487503 13.6660725318804 5.41916073943079 0.36086717880878 0.00302175812483131 386.316275528347 46.2895036404898 46.2895025008759 0
171.120641269522 77.9241718251532 72.200891775568 5.72327874573632 252.062298029093 0.000207258148645035 238.405583843328 6.20680464291815 7.4414768282566 0.00820851033565062 0 -83.9352971641357 0 0 0
108.399722270815 84.909379856186 84.0994736314248 0.80990817878718 267.956850881654 0.00115696476763028 241.792082274931 12.3814585546121 13.7752299867325 0.00688779646909657 0 -189.796252290737 0 0 0
194.494110724398 955.126905164991 954.798557875356 0.328222785298505 587.946995741023 0 549.461909884306 26.7033992601542 11.7816751890031 2.07896328985977e-06 0 -777.61544675315 0 0 0
246.316498611577 164.362517415408 157.636617264682 6.72590438795065 168.079764611575 0.0110147503802906 155.880379610122 4.83128885743597 7.30259775016847 0.0246105494256879 0.0298712517741516 -221.99027557954 5.48225038265629 5.48224938763864 0
128.141003829829 537.842912167875 535.766654669657 2.07628852427475 723.676459618503 0 709.931603297823 6.50122438908371 7.24194552145812 0.00173979405401211 0 -657.254354703516 0 0 0
