610.300097753569 1724.96695612465 1624.54240426476 100.424724164041 121.328073717904 1.15515757361911 2.60927455542596 17.7875596767448 97.0970186797907 0.867776302070468 1.81130108885305 1435.82172538539 0 0 0
546.47847238483 766.892019082406 0 766.892019082406 111.638818962633 0 0 0.271761320046007 4.28166362088657 107.085408191803 0 2380.50549313656 0 0 0
514.751822714805 575.388147813846 0 575.388147813846 82.6748945511898 0 0 0.201254713070873 3.17081541752021 79.3028349143659 0 1815.00912317506 0 0 0
503.317125531184 1175.11224455045 1108.10868070895 67.0029742810946 25.7698156978878 0 0.0036856958653438 0.268983153740575 21.4192107745737 4.07793993192849 0 359.214855979036 0 0 0
536.003179226351 1449.46796898097 1396.72464427677 52.7424908636352 26.1301200702108 0 0 0.260859653033622 25.8692637137562 0 0 317.999256697968 0 0 0
551.5731316689 1491.57247175017 1437.29704595192 54.2745677360779 26.8891542375053 0 0 0.268437168521078 26.6207204613231 0 0 327.236577474124 0 0 0
544.644198915467 1472.83514616225 1419.24153525658 53.5927636225832 26.5513692171497 0 0 0.265065026220425 26.2863075406531 0 0 323.125789421556 0 0 0
590.412146077309 1688.03357418912 1489.20442326782 198.8288795284 34.5196583947068 0 0.111010324522018 4.52195205937002 28.6473857572919 1.23931353560843 0 897.958111221556 0 0 0
596.776278740187 2285.70746397821 2176.36085363408 109.346849249261 92.8698447517162 0 0.0571088337665528 9.42463674884167 66.3661778930174 17.0219355645872 0 958.911780554626 0 0 0
687.271362037333 2928.13099085175 2819.22894268792 108.901998611469 134.89355871714 2.15131217506426 2.40493973137478 23.0469991786237 97.6235360108488 3.09560581204055 6.57116805942038 1549.88381652384 0 0 0
542.162306392299 1509.83624787802 1202.50269871946 307.333799160927 30.9174743772635 0 0.19843369015834 7.72828847444084 22.990752964985 0 0 1283.63868852173 0 0 0
685.936410153752 820.133369883183 554.495028162559 265.638292016078 99.5743299536693 0 0 4.00294445578436 95.479916516703 0.0914370384660255 0 1492.61510934912 0 0 0
752.57225510739 1503.02248022368 1173.61813035999 329.404294593551 126.764158903792 1.61162616683936 1.20515672826166 7.44739009621678 114.594896191994 1.90504289663369 0 1860.6716767716 0 0 0
633.501437644168 1604.39045047856 1343.45394110279 260.936439866549 112.731453552955 2.02682500670582 1.51563795878971 7.70626949022309 99.1470331208782 2.33565011407747 0 1536.0999583149 0 0 0
956.219825313534 3249.52303242121 2715.09110126518 534.431548584544 150.632686145933 2.66862775095033 2.97284534050177 21.9940873388772 115.249101155496 4.70318869757335 3.04485427807247 2821.07236182711 0 0 0
178.755243635513 413.868879090875 50.1020502656799 363.766646517176 2.18799344002794 0 0.0273080308910237 0.263827175011876 1.81730514018366 0.0601913458928254 0.0193624179626187 1676.62465753199 0 0 0
722.497353462938 755.657781966618 400.929434646889 354.728294144299 78.0189082511206 0 1.62307018054382 23.2144342595575 50.4735278350095 0.492686364180145 2.21516925409836 2045.87485169809 0 0 0
701.129086743931 812.982135160352 714.850012630715 98.1322324569562 120.35195049034 1.70855132772722 3.65476751528659 23.1922971701668 73.6798039872049 2.27310119612397 15.8434328771001 1168.00014239717 0.0142900095376592 0 0.0142900095376592
564.471627146979 618.944126789598 594.158069170024 24.7861148735122 394.784303015956 0.0149527262715839 2.9257816033411 36.7437611075392 61.2190163769651 8.82927733207933 285.051531894928 436.559168972782 2.29497438984343 0 2.29497438984343
497.429804912308 1361.45972695266 1349.02972252523 12.4300240272659 283.229811995371 13.6437155461753 1.0764276293992 33.4053433699519 34.4585537037723 7.11523776379994 193.530555348604 521.938358529354 98.0870412212008 84.5290235352755 13.5580278692672
319.604856763666 292.91601447047 288.174580673459 4.74144056686062 251.573611513018 0 1.47736013904526 17.6755992039032 32.1984622695202 1.88652818949375 198.335679199835 177.850733223291 0.633752751702072 0 0.633752751702072
462.39494819529 211.679770860727 207.823973138699 3.85577425363872 40.3637886307957 0 1.0972156263739 15.1702774125224 20.5266959686494 1.61620389235528 1.95338999821412 554.516433570893 1.44895958276549 0 1.44895958276549
468.375040193064 996.788832673222 965.693628509896 31.0952141738385 169.922970149388 18.4939253438198 0.625369689724972 21.4109548529667 18.1093131453932 2.76735321369956 108.516062543815 417.095268276719 65.7584910437011 60.5098973246367 5.24859918404799
416.385537864135 3.84540554110809 0 3.84540554110809 0 0 0 0 0 0 0 46.3848493177017 0 0 0
560.650368311075 1158.66055183716 1118.54824732027 40.1123141295633 388.730300241089 20.9210976571472 0.549410940604891 26.5306196422837 33.0492829834687 6.60019915436109 301.079675839287 765.787936027805 83.2891343375953 82.6923466779026 0.596789771138091
422.038149286478 3.89760856284777 0 3.89760856284777 0 0 0 0 0 0 0 47.0145434478625 0 0 0
385.598517678772 12.7634510419007 7.04055459042033 5.72289554298247 2.64313026855329 0 0 0.367890693856794 2.27523948384671 0 0 62.5275061268929 0 0 0
418.008492225589 45.3336421846331 17.2633218193667 28.0703119655116 3.36617020235311 0 0.0599062727933308 0.779120483199147 2.32516279912327 0.0764978488903611 0.125482752062681 174.130066120052 0 0 0
426.678373356111 175.54938449895 114.968177372965 60.5811949946674 33.5649481660717 2.30330334656187 0.294902643262308 4.47345940996805 5.68422029374653 0.35608150405697 20.452982644329 354.419062771562 4.21491833394911 4.21491833394911 0
366.432993751909 114.364151127313 37.9511617373314 76.41296445918 4.13753325170518 0 0.19444529242977 1.58401918718146 1.70347512208379 0.248298648941995 0.407295084170831 404.603637954489 0 0 0
429.465711860563 267.686004127558 214.72136454952 52.9646329856764 34.7165647142001 0 0.121429369125919 6.53736084999407 9.7574328496661 0.172746265667264 18.1275972763562 472.254047119102 2.04597385846389 2.04597385846389 0
445.687534100261 404.518490410034 380.82671280704 23.6917940881538 66.4657693264393 0.214667904135206 0.160526399015014 10.7601441348829 17.6145455528476 0.0449639137179239 37.6709248279039 485.374326770491 5.27876110508067 5.27876110508067 0
458.767095563354 1044.49064536399 1017.7056760262 26.7849708032355 384.254229432824 10.9573029676189 1.2171614051909 39.4685464742694 48.8317709565455 0.222802903163996 283.556635160737 1244.64291715819 34.8772258645752 34.87720498078 2.08838594161502e-05
495.491120520168 494.312416988717 332.08703814579 162.225329406687 102.802981852895 21.852051834735 1.32949401708747 4.54068506303886 12.432418652398 1.01054775177133 61.6377912658758 757.861172417533 41.7082302447535 41.7082302447535 0
491.105769598874 564.106141850487 523.343615325391 40.7625749509958 158.365809092199 8.48068312556643 0.892654064157325 22.3863380977122 30.0782926534183 0.22299787490329 96.3048498575772 732.374332840451 28.1359363251075 27.8560770024574 0.279859329409905
483.490957231083 669.583889027866 454.617355133389 214.966503072263 126.192134730069 46.6096466820556 1.29305597917918 6.78627590923478 15.3579704278177 1.67020757090398 54.4749924681367 941.462665478285 54.4169665763075 54.4169665763075 0
513.072534937529 978.976927906487 864.787590480784 114.189681428147 240.293907681591 90.4557771064242 0.476659940698101 17.863121125447 22.9672769062778 0.74528641785083 107.785801974749 438.245255893329 32.8109664683218 32.8109664683218 0
517.427755432514 1172.91128222308 1116.51068728857 56.4011857158807 312.268203199645 120.550438958236 0 24.4162126697387 27.0528698895613 0.212690903131823 140.036010404935 143.557968515988 19.0211271767614 19.0211271767614 0
633.62264304916 557.732867504319 487.543104410725 70.1897745309305 177.301803272259 83.8815994925754 2.40615781402021 36.9644719582505 49.6474666114439 0.25185087418115 4.15025753765596 1044.80402360669 14.6997305058061 14.6570323107957 0.0426981320018691
513.354347716727 1075.50772111831 827.909035426648 247.598855290777 77.153937645671 2.12326478649465 0 17.2295998742511 23.5242541923404 0.360403808089458 33.9164232100527 736.348152993534 25.2464823595698 25.2464823595698 0
561.121542578914 540.712621716145 426.696443638378 114.016190671806 82.0184306462235 6.51513021832604 0 30.6461590913992 40.7697577923683 0.234511497490628 3.85287466313008 1577.50935238011 4.46923267213137 4.46923267213137 0
320.310987735803 307.797225156129 112.14515739246 195.652021629574 20.942992300329 2.13876419359218 0 9.16136858340173 8.9986351762728 0.00871397858255877 0.635507771130177 245.180525067021 3.07366102037225 3.07366102037225 0
575.123205362601 810.332662767866 620.67821479933 189.654497450935 121.085031251165 11.8088350690883 1.21595228443278 49.250347405681 57.3795897908266 0.143162725978887 1.2871449345307 2003.09035431594 8.59520238015392 8.59518608824943 1.62920434311517e-05
771.094163969574 1091.80832929197 825.569977454217 266.23843723685 121.197996658011 12.6277992078971 5.71064429090633 42.3506791106768 60.3982543720121 0.110610347449927 0 900.458588957878 0.020031432126971 0.020031432126971 0
633.220756875327 764.344015466358 313.059879867041 451.284090004325 49.051686783792 1.87548015809929 0 13.1186273902037 32.9008970328418 0.103610294448386 1.05307293299366 596.04882398031 1.34412454293151 1.34412454293151 0
525.504233076559 586.163591516517 172.383855628155 413.779659938936 31.7795178841554 2.66755567532581 0 13.0435718643851 15.0541258045829 0.0328541970806996 0.981407839621008 468.509128707454 3.83359788960687 3.83359788960687 0
379.040949256375 111.143169663616 27.5821667743489 83.5610018149397 3.96908272964802 0 0 0.838569390573026 3.12782379898152 0.00190371273689799 0.000785341169042008 188.747244698422 0 0 0
385.252109392656 140.484147533997 7.71994834598598 132.764191388127 0.689047070245584 0 0 0.145272349387714 0.543458145504168 0.000316489911219294 0 252.598937832403 0 0 0
445.56535255459 2161.75629944196 2039.13872067273 122.617586375316 1823.26278384924 1388.83084959448 331.049493387368 38.8795274604588 63.1608295357193 1.14445381032193 0.19762182054163 -1606.73052301818 13.2543811934732 11.5667254846331 1.68765563871087
376.597834224387 70.052305047015 55.7400671512583 14.312246445113 8.60444828941468 0 0 1.8140827704889 6.78641229660142 0.00395215536470865 0 101.066129271805 0 0 0
731.074457731416 989.022782777227 604.283532779473 384.739400098345 25.9772030899171 0.551445770878489 0 11.9805023160126 13.4420345003588 0.0032205611292736 0 594.917700946652 0 0 0
616.728894904031 1101.58049312829 308.755942507824 792.824794623618 24.4652804407238 0 0 12.008900500698 12.4561822214038 0.00019882481711596 0 1023.93215596556 0 0 0
572.117316398643 431.478004092284 359.687620565138 71.7903893518896 29.1561490910101 0 0 11.5658985967176 17.5868703957331 0.0033764947907086 0 262.498038589551 0 0 0
538.290665461288 393.376824639288 325.089438635059 68.2873920459978 27.0036642343868 0 0 10.5458837767525 16.4542744194842 0.00350230010808968 0 241.928422945935 0 0 0
520.678813018615 1212.02844988112 1135.43513810372 76.5933074769099 460.700724440395 209.371524087812 65.9907026731008 51.821207005472 109.613825921812 0.403028582941756 23.5004544644596 129.786761327028 50.1434522772537 50.1359402514779 0.00751188895850212
446.217681092881 256.604004439323 195.903682598147 60.700329948118 20.0191200940458 0 0 6.88659336409666 13.1278222715869 0.00469944259732104 0 172.678753414374 0 0 0
557.534854890609 3834.94750173459 3704.49600050233 130.45169859449 59.3622469917339 22.6712561496291 0 24.692867095349 11.9762362752377 0.0218877280889732 0 262.146779249971 0 0 0
518.061277310969 1517.96347917419 1498.66480570741 19.2988834742021 146.722016700075 41.5029165437607 5.60856786821594 11.8818398263919 87.7287220694337 0 0 -286.92528366089 0 0 0
553.780881994328 2775.01052614287 2705.74807012708 69.2626836805948 570.787948002726 455.555626775131 4.18911513107904 26.4847871340494 84.5352602473288 0.0232233022159318 0 -924.885501542559 1.29574558934039 1.29574558934039 0
601.992530238171 937.6799454616 868.422636152096 69.2573243846019 159.317658003381 53.0323637334259 7.16499208612982 25.8643750824983 73.2254525819849 0.0304921375230292 0 33.5181710113577 3.79692262281799 3.79692262281799 0
469.183911452233 198.685226247904 196.199936447555 2.48524880514289 87.5867387474361 18.3675455431597 1.81818016122282 3.90234167461098 63.4986776068435 0 0 -18.5115545720399 0 0 0
623.217486619538 905.275629012842 777.510366085261 127.76523720078 218.497578431015 6.25394651522241 11.6847312108273 79.443113138948 120.043787852765 0.209072748355789 0.862936348482722 944.880273304568 1.15450507055099 1.15450507055099 0
732.428814523136 1441.64353979343 864.681063969911 576.961993556653 299.052966353723 2.0601218179517 7.38024603137415 46.5937496696173 242.845038309307 0.173808120611063 0 15.0713149392124 0 0 0
726.425224282469 2630.01745978778 1216.86146209219 1413.15601786365 304.508079356215 14.2385996400411 17.1982114620869 95.8930937718964 174.421572369704 0.260520009576592 2.49608468466207 985.877153138769 9.23069814981539 9.23069814981539 0
692.341319188868 2308.31153889397 734.928367920214 1573.3832393821 200.302413138648 0.415926474039845 3.06662645455585 28.4811230871861 168.202350230338 0.136397930645612 0 1245.30684828131 0 0 0
709.334409276103 2630.08724038517 728.812406329344 1901.27502813507 179.58705888669 0 2.31207577835339 23.9250998164984 153.212562520333 0.137338141597333 0 1609.45067895628 0 0 0
710.062991202836 2436.03283844626 1743.31184810437 692.720862084089 242.096184817037 21.1768783276025 12.434901766003 56.9918604124223 142.206788336511 4.15850321004769 5.12722758253098 680.918748934302 86.9312282051774 86.9312282051774 0
455.085255027489 1780.46075923919 1670.97486481038 109.485840108768 301.770888983128 12.2476545289056 34.0436112020146 66.6696966669979 165.781882422114 1.09737681154844 21.9306774092135 -60.8059088456171 131.840113280243 131.840113280243 0
0 0 0 0 0 0 0 0 0 0 0 0 0 0 0
549.139652144515 2707.84077670589 2580.38789190985 127.452981597816 329.958540834229 107.23968444474 11.972402902168 28.3333596487806 179.531921728165 1.61818672143631 1.26297621420572 50.9417009066263 76.5110388396228 76.5110388396228 0
394.377263793196 1099.30126329034 1007.46318675281 91.8381016341064 248.490472444599 15.9745457886326 22.1086982527951 31.0286133397304 101.994763656954 0.0470997418793782 77.3367358939075 -302.904183712057 76.8926731671563 76.8926731671563 0
494.9768846972 3068.09823419568 3027.95743739842 40.1409928163862 355.667394768919 136.915929773131 10.095514284648 19.0048972307868 189.651053480353 0 0 -116.282662451738 95.1216332332031 95.1216332332031 0
459.68790516171 2849.36063422545 2812.0816433034 37.2791729661557 330.310373454439 127.154618501388 9.37576270027017 17.6499583433646 176.130033909416 0 0 -107.992383405471 88.3400127730833 88.3400127730833 0
537.05258819838 1631.44161867235 1045.99372075831 585.448103911741 290.314844050767 13.709545077949 10.0796529404267 70.044426323732 190.642165339413 0.12197984085065 5.71707391788094 571.910698063831 7.2156812481123 7.2156812481123 0
410.741410405425 1466.37496577123 1430.21437062867 36.1600303538798 161.875848116649 111.518760049981 6.67071466964634 12.5576791499621 31.1286721850022 0 0 -55.4114790238421 74.2428043403898 74.2428043403898 0
475.205184237521 1616.30091756391 1557.8386305477 58.4621813891277 134.300494906657 6.58827288653757 3.70721952097518 28.718055422592 93.1071730071853 0.0863349149656264 2.09342799750445 -511.420497710861 154.53523839063 154.53523839063 0
316.716631606894 136.857061104347 37.420239680009 99.4368022444765 15.354449380434 0.120315489688876 0.00719690840979184 2.61686706788146 12.6100708191776 0 0 -1934.91131539226 0.0800991631908923 0.0800991631908923 0
453.201851138823 583.684836746811 530.197971139563 53.4868555051722 151.775645774276 0.301501313348988 8.02526904627957 22.425147846017 98.7129736443016 0.29365565669424 22.0171078011519 -426.066941466968 24.1337918111101 24.1337918111101 0
377.251573756747 3590.47313995503 2874.09488650897 716.377958764189 55.550479091459 0 8.74061048042866 16.4542693821093 30.355599228921 0 0 -863.369989842038 311.420609345241 311.420609345241 0
352.549350000406 749.469107388445 671.04894979811 78.4200675204029 14.6005946681978 0 0.538344540478558 12.1876554043923 1.87459472332691 0 0 -709.065612915028 80.4298095303039 80.4298095303039 0
462.023358740113 1032.6814601287 881.098897739496 151.582467617455 116.567476784027 0 2.80198835284439 23.2428546034587 88.611372528846 0 1.91127397512332 -646.072844317702 79.6969679197233 79.6969679197233 0
377.184702674505 319.728485006375 273.643407211112 46.0850483069638 44.2562189832578 0 0.492975713477912 12.2395895242176 31.5236547863406 0 0 -285.233209646281 26.4316036063291 26.4316036063291 0
260.257744982361 29.7092015687796 29.592009465932 0.117188937790636 29.2867324674952 0 0 8.77206069352681 20.5146717739684 0 0 -119.321062318108 0.0953892245773161 0.0953892245773161 0
408.140876591242 2197.40376666036 1722.10794586674 475.295905604993 93.6600946785991 0.43911353316899 13.5511753488654 22.2582155682128 56.6110441588039 0.0492597846736891 0.751283058279312 -2.70491924164268 54.2389347160631 54.2389347160631 0
297.329013762611 33.0661396849869 32.9931342879118 0.0730019022614991 33.5044869155113 0 0 10.0214252750953 23.483061640416 0 0 -135.417101016491 0 0 0
25.661560693783 232.414216486628 163.277145417885 69.1370796661691 5.49803716838602 0.140523951404139 0.507841564889495 2.02342095579723 2.52610901034633 0 0.300142178871524 15.0187993649741 8.04579554366011 8.04579554366011 0
74.0425305916053 677.627152667157 471.052901994088 206.5742717473 15.8021982684398 0.420553564709488 1.51984468332871 5.87124288210893 7.09230702019942 0 0.898251593289414 49.9038848816983 23.6335912217905 23.6335912217905 0
153.511183554952 1404.91343804369 976.626378438578 428.287103297974 32.7624426066446 0.871926917556314 3.15106945012955 12.1727530997342 14.7043656680387 0 1.86233052968631 103.464919026527 48.9991432102986 48.9991432102986 0
216.022783741302 144.654438833287 117.012975478155 27.6414679106147 118.624397233221 0.108911428165886 93.4468757861743 3.87997664722475 20.3224848503828 0.0137311915702605 0.852408888236761 -420.474214129493 3.48140690808316 3.48140690808316 0
220.305227601889 2882.71942052283 2739.71320773662 143.006180031235 1731.3319903378 1418.79773850239 271.81354822116 18.5081932780589 22.1055833464791 0.106906861130403 0 -2169.58249596714 0 0 0
115.867152716198 412.618877072065 395.332755953457 17.2861012066909 194.288806951172 0 135.588479629344 30.7018834330794 27.9984798731719 3.93676142959844e-06 0 -812.684042388693 0 0 0
252.800880780938 2.81260761105794 0.168589981065117 2.64401772793423 2.36813604024756 0 1.37873404157997 0.266587308881487 0.722166436843733 0.000648379985214708 0 7.15635362786507 0 0 0
290.237768678985 23.3274300883312 6.53025481436246 16.7971722697696 17.9181172111184 0.709746402322146 10.9921521141666 4.04855560639752 2.16198033797984 0.00568132491946609 0 16.9824579388539 0 0 0
299.928916457443 62.3571064563888 22.8358198883795 39.5212789711872 61.1593974522469 2.61085516080368 37.6359470791039 13.3978714060615 7.47288762622276 0.0418326254109017 0 18.0178313323327 0 0 0
345.625416606495 68.1096053242547 50.3518778695281 17.7577270625758 198.898820215845 7.42875510124284 146.665040364421 26.2592403939496 17.6703003154793 0.875509910921239 0 -117.481581072437 0 0 0
372.16848157408 35.9175941373356 29.9849737536855 5.93262117117398 118.049209919817 1.40653070597271 93.016560204862 14.5682478936734 8.6792931495813 0.378576574117418 0 -81.0603049508595 0 0 0
376.23749427104 11.8466047642423 7.76816367364147 4.0784396488957 29.0455765835513 0 21.5472590190839 3.87006210890679 3.62621531887973 0.00203980960819269 0 4.31826683837463 0 0 0
368.876761034766 18.1418779941207 13.6152522748985 4.52662372242607 51.6447908290819 0 40.7034230132865 5.8262036073568 5.11335580685908 0.00180594201884958 0 -11.5882578999172 0 0 0
334.026838136682 23.0199038082676 16.3133753587795 6.70652780029322 65.3890202439321 0 57.2986987951862 4.24393376104073 3.84080149135933 0.00557958480320509 0 -4.87466914844595 0 0 0
386.831222212724 24.2799907241244 14.6563888211381 9.62360190298635 54.6319360568026 0 49.2842844651737 2.78098526758026 2.56206065455113 0.00460147555609361 0 28.2248741959435 0 0 0
429.854753675638 25.7544584294258 20.9104592908201 4.84399985206304 77.6198567039248 0 64.3607483427891 5.06975284418409 8.07522781084353 0.114131017384389 0 -26.7362115313271 0 0 0
429.398436110949 27.7916821316957 23.3666323419426 4.42504845714706 100.046508906467 0 76.1610423721236 12.4600406296173 10.9742287320022 0.451207301994632 0 -55.4955917247967 0 0 0
413.909239296632 27.7168811373302 18.8902251982974 8.82665792807113 125.837603831685 0 68.0509385017498 34.4078867325326 22.1593787596542 1.21942569524651 0 -74.0027378925012 0 0 0
476.345077873869 16.2670473764592 13.3641824406801 2.90286849767764 61.7192438399698 0 51.0586511006311 5.89896933243764 4.43690867690372 0.324714840847342 0 -24.1936658835498 0 0 0
463.547771653807 28.6257708089213 26.3049963909187 2.32077647887479 75.5281581257714 0.0371211180441393 68.3407075803615 1.14243118023713 5.91361378960825 0.0942863672867612 0 -40.24124053046 0 0 0
467.761751129313 109.899938327881 99.7163138971201 10.1836250985441 256.416766394391 1.23137085627445 230.041944734253 5.82228792033749 16.9688403157791 2.35232604812036 0 -138.684395978852 0 0 0
461.06984644617 99.8888156622055 89.1346931249402 10.7541234195221 232.586236116173 1.08394025795399 207.732448683978 5.84004472434987 15.8582563386759 2.07154876282465 0 -115.206539984434 0 0 0
414.553026243402 49.4034239989205 35.4486650798223 13.9547589190407 91.2831346683133 0.182985340503824 83.7810119877632 2.54873840526434 4.41470293627808 0.355693650262746 0 20.3350700661877 0 0 0
463.211227299133 134.455635486239 121.976907204889 12.4787282813498 310.339490910208 1.5930098788536 278.733985444116 7.08492970898577 19.8843934423979 3.04317632161434 0 -168.526363967183 0 0 0
446.705813731228 190.145095064034 179.569164287408 10.5758766113615 398.808701766339 1.93166684090597 378.267453457904 5.1782882824413 12.8739704041564 0.557332583475127 0 -230.527196691751 0 0 0
420.462001438414 128.816692305732 119.825533072264 8.99114300372543 211.604000302899 22.8192459218882 174.550278707117 5.68039659403609 8.28613406126433 0.267951147611624 0 -124.717509791512 0 0 0
433.917016247733 313.000326039261 297.424158975326 15.5761502692284 429.646173391778 105.150580472957 299.73445741341 6.04265959318589 12.5131557305952 6.20534470825064 0 -324.873896145715 0 0 0
456.594074239716 780.237161574954 758.652375617304 21.5848156982934 905.978635654958 240.456208643315 590.2852805397 8.25158770061982 20.1602200181534 46.8256029955982 0 -773.674888732321 0 0 0
491.344557755318 1883.94570864075 1636.41385551071 247.531918373823 2142.73330053329 949.264155725391 1128.40956410686 9.69374712622445 24.9896050813878 30.3763644428542 0 -1304.12616449612 0 0 0
491.332099714478 1866.4416444534 1751.21814451688 115.223442008459 1884.55189607211 912.636660684822 890.692059143306 10.9874171572928 23.8747058306718 46.361060126237 0 -1682.07361565511 0.00755101085646867 0 0.00755101085646867
459.486031900044 1636.49147918359 1538.39620975562 98.0948044551269 2088.60253508072 713.403521522526 1273.55320337375 6.13575742758703 25.1628843932275 70.3469400005852 0 -1575.29648301065 0 0 0
567.363473898687 2188.56399329319 1958.70491950557 229.85878186197 3077.00545192884 1392.5454389627 1602.93861483965 9.23198041023308 31.0778062672431 41.2114364628961 0 -2127.45550608263 0 0 0
675.157446651826 2656.48706956665 1669.1851118564 987.301756600961 2409.87852995892 1314.35084945459 1053.83753778615 7.86296619850702 21.6912630122652 12.1354305390712 0 -143.825573211152 0.00010165683859908 0 0.00010165683859908
849.068485330271 3422.27661149981 1640.14150591047 1782.13529944547 2046.85019463936 1644.64484417706 383.312877683545 2.99091925748613 12.4835957566798 3.41766037874541 0 1728.73118920357 0 0 0
874.038975335182 3812.98976838836 3176.00848218303 636.981305512946 3170.50261431725 2882.64176015379 268.095844700372 3.45593985731425 9.11784664789166 7.19123837996504 0 -2326.44609523552 0 0 0
795.099278093224 3663.7331026832 3502.66331027929 161.069872457788 3529.9994413815 2763.23927758995 696.154261426479 7.2020747248264 37.3646840936515 26.0391161366661 0 -2810.763249409 0 0 0
865.845547350441 2721.1183030628 2642.68172633109 78.4365924056252 1926.40295777081 1344.26751997536 548.403150757318 9.18327908291324 20.5860133368626 3.96309183929827 0 -655.308649758518 0 0 0
796.814260936107 2717.83986965873 2569.350578559 148.489553999911 2624.27820005972 1937.54547088672 645.468531114949 10.2008731701138 25.6905483468665 5.37299867308166 0 -1458.07339519866 0 0 0
823.067983197215 3143.32814758821 2849.2389525309 294.089102751765 2133.03297441822 1292.17163464514 800.051776176406 15.2978292700955 23.6837006710286 1.82797692468116 0 1358.07677568787 0 0 0
730.571244325043 2931.34390977706 2697.79675647876 233.547137231504 2918.64060920109 2070.46742860896 808.349363197715 7.7177077331106 25.2038614312265 6.90229872273272 0 -2204.4866257279 0 0 0
735.387643386989 1119.78810830751 858.75526820847 261.033021065357 686.020176176496 257.380380194667 402.836419958542 8.09711321751033 14.8319648400234 2.8743911689998 0 210.668126639133 0 0 0
617.14224222095 711.478133622702 674.432878359752 37.0452193689898 917.867510234014 74.0041424832338 800.790390043895 12.1959110928813 27.7391694526546 3.13781015052145 0 -535.13838377008 0 0 0
717.48535625069 1045.8968172392 1006.8239418375 39.0728786877324 688.692706366479 115.813413883416 526.231109350497 6.49453650254805 18.1267053605343 22.026925783138 0 -373.307611210653 0 0 0
596.719928093105 246.709912566299 225.810803640644 20.8991211583561 391.475879107093 3.41257566736561 366.510099949688 6.51275738317284 13.3501227454659 1.69028628416971 0 -184.217887533608 0 0 0
556.548936686884 477.996001383171 444.042079141532 33.9539562339888 280.315102988353 2.81231768601073 258.333219333813 2.58041696491384 13.9655253095298 2.62361390761977 0 -30.5256266228348 0 0 0
537.440191860028 387.418130882636 350.447914556798 36.9702273747485 437.172027367155 4.84027241062895 410.575018136839 4.15125196427576 15.3011627184781 2.30430451090492 0 -170.283834894976 0 0 0
413.366854140903 26.2327974596127 17.9754118785869 8.25738769980677 118.911073764605 0 65.5308522384328 31.7909959118336 20.4514756757366 1.13777338085226 0 -68.7962416413306 0 0 0
448.822544781942 19.6085298609442 14.0614323933322 5.54710057938475 87.6637598721315 0 56.2509027541919 18.753466922314 11.9147454944297 0.744655557151032 0 -43.3773393227976 0 0 0
462.529555630768 96.5960274184112 82.7114921623854 13.8845350938512 342.937463222605 0 320.643546700841 7.87765114100754 13.1117500042121 1.30456796996298 0 -133.773612615471 0 0 0
480.947246952343 161.356317079185 144.163224240469 17.1930895348378 425.906763176704 9.57951299385064 394.522942310788 5.49155090509135 15.6037145346139 0.709079699753765 0 -227.712739122233 0 0 0
438.899753926261 415.299659635828 405.514303664886 9.78539960367021 509.802520660642 32.28070768238 454.237662303896 5.23793091121002 17.904116136617 0.142082554295351 0 -422.788224677729 0 0 0
508.360798133156 186.795040164271 174.731917309152 12.0631226248726 529.442455868942 35.0207412858965 473.549961937173 3.11246836095052 17.7416809821448 0.0176119999180614 0 -339.547508634068 0 0 0
512.82751679636 194.617398151806 180.195577769443 14.4218155183641 679.229089268839 23.1245899878023 629.493243511539 4.20114056976765 22.3725353067333 0.0375641204540772 0 -429.176720076189 0 0 0
545.962110344693 107.451039154151 96.303364291629 11.1476702813685 294.551371846708 10.4920858039604 269.881692177441 2.89469215362152 11.1486201078098 0.134310474162003 0 -128.373951391817 0 0 0
528.742804534425 691.240777235051 672.02079093926 19.2200671807252 917.45995836924 284.117145948276 606.235083231742 6.14332013303405 19.1710784642997 1.79349025360207 0 -712.074764299516 0 0 0
588.911496333767 3501.11615267531 3373.29104950007 127.825265395944 2434.87047458707 2054.69513802046 356.448813366273 5.36157134364379 11.7345608198087 6.63069729231114 0 -2739.2752289833 0 0 0
673.661035226941 2576.28479872954 2389.84091844959 186.444019786449 2728.94875127413 2001.31900907723 695.115752450717 7.60239073764663 21.9721668732744 2.93948533084495 0 -2412.07573927838 0 0 0
600.570013530172 5071.84560170842 5035.67756104446 36.1684710351334 2896.55324008139 2150.9843830172 719.317720896933 3.40672526515596 13.2711324301188 9.57320042014886 0 -3451.18042204625 0 0 0
618.610284663722 4902.63447955161 4871.39889454013 31.236180089412 3497.63842642291 2501.04956619401 966.656400283915 7.98105864380846 15.7623536719193 6.1892098738467 0 -3815.02446751257 0 0 0
753.641086575047 2852.10468505606 2710.68372223966 141.42101717207 3704.78158567521 2848.48867720206 811.352615666786 16.1572129020685 25.0363974151831 3.74681488300092 0 -3235.40810858428 0 0 0
821.513999876885 2261.22196540783 1390.31672700719 870.905004246298 2312.17888302135 1956.22943406228 311.676236740116 15.1571496488492 18.7846092340079 10.3311810335709 0 -464.298582779135 0 0 0
985.757068803557 2627.71643126766 819.104227465529 1808.61204786336 1011.93991821825 763.394828946292 222.440219469742 5.12777015528567 10.569907422482 10.406756673525 0 2477.64455640551 0 0 0
1024.4774839817 3193.7278467462 914.119034725417 2279.60866460968 952.773170595199 767.896742490733 157.596411865903 8.68210868071036 7.51987737530404 11.077568921883 0 4927.7082772666 0 0 0
1023.57451790224 2625.65709351337 534.469442444699 2091.18739458197 322.819342813176 226.19399086186 78.6767005123723 8.89116311522846 7.67931410007121 1.37817380781701 0 5935.40169607105 0 0 0
908.607608930896 2243.29606277385 1454.27516070238 789.021232888525 1466.62161178525 974.194680594701 471.440623952674 5.19337583149081 15.3257990267897 0.467013664500239 0 545.873636948764 0 0 0
927.224454037572 4055.09708775788 3456.94007005171 598.156854155002 3064.09343492269 2712.80828332264 332.42412949687 5.46574474457008 11.4707766248819 1.92464474916504 0 -1698.07819919131 0 0 0
827.631710806957 3663.59407390203 3500.79296084578 162.801019709179 3610.23459831085 3089.38928552599 501.040250224063 4.63394800321183 14.4997924756311 0.671702279190478 0 -3575.86023531741 0 0 0
871.7960961486 5128.17641984821 4499.80405292434 628.372353177013 3678.7182045954 3440.44267630875 225.141226483907 2.80152957656814 8.3543312888407 1.97876616863072 0 -3013.91794695173 0 0 0
747.789006546578 5981.7650380153 5823.79350766408 157.97148963431 5671.49267298135 5267.2558441032 377.636382271548 12.0788120077018 12.7994798464367 1.7221065122168 0 -4789.604297459 0 0 0
768.998072658954 5861.74391990633 5628.82311898323 232.920909021388 5006.55935395816 4674.04542272271 316.800398552818 7.6044913372585 5.98924679243333 2.11981608603511 0 -4713.95898106583 0 0 0
844.352023877742 6517.15406101762 6430.74548741278 86.4088505398257 4663.83121033961 4357.15418706912 284.850778849804 7.13144456492702 13.3221009939699 1.3726626799183 0 -4498.18896138401 0 0 0
939.601278579041 5196.75837882397 5044.65144495656 152.107138287371 3727.17656538256 3325.6764367321 373.781039705057 11.7719717364577 15.692164315268 0.255168383488655 0 -3536.57708507421 0 0 0
1079.43583586704 3166.78387048416 2311.74296773402 855.040579791231 2386.42929179702 1796.36347243474 552.64512076304 19.1967523540505 17.6043067718178 0.619643927652 0 90.3537796131608 0 0 0
1163.58499459031 2241.55069951562 921.081392704819 1320.46933359535 485.444687766608 198.632226603174 251.025159621133 16.0177821458208 19.0669958381105 0.702469316753337 0 2688.14500952655 0 0 0
1207.86599388174 1792.42937567825 1483.98152135158 308.447961142411 980.834745339916 567.291456496225 338.763949946162 46.5517639768864 27.9680082312608 0.259777377513686 0 -93.0160707130579 0 0 0
1183.01714574608 1914.32849744341 1598.24311124881 316.085605962956 943.82484574343 567.458838287493 297.80671655105 51.6434387118023 26.7238227283523 0.192409614856307 0 -104.646214857109 0 0 0
1106.85388561013 914.289183884865 797.177831753326 117.111239560414 489.187280394108 168.792486972826 211.72394863279 70.8798139078261 35.8323809965005 1.95867579929137 0 137.294130979345 0 0 0
956.571021328784 645.700247707344 487.066326045255 158.633814147359 424.833880683933 20.1349173003024 312.2688504963 57.146974694682 26.8193745434971 8.46377233711674 0 437.454776428642 0 0 0
951.429207058227 1166.46518893008 716.194861587946 450.270147382012 548.647165055623 42.0746581848802 410.603982861018 62.8804812601885 21.4075705342136 11.6805050125555 0 1491.89079621628 0 0 0
870.769843543742 1445.30383028066 1207.09780856539 238.205986028145 1054.57195261023 143.775890462376 756.510962119147 53.9115146758692 24.3901741794682 75.9836147376325 0 256.453433051228 0 0 0
860.367781404495 1724.59611494606 1499.88955067748 224.706648650218 1306.19195151793 496.696461805351 651.590000634522 33.4668422815584 25.6612055735131 98.7775652563731 0 -465.33029964445 0 0 0
812.498639661518 1050.97850754653 959.643520910326 91.3348495200707 786.012278008728 102.786797075039 569.44268727867 49.6504477755476 32.3633812264855 31.769029085337 0 -227.716097819741 0 0 0
888.021536291987 1245.66447751558 1025.20236214862 220.461992743026 961.716061252146 392.191518813486 521.53849851744 18.8739723912011 21.3304257842132 7.78161430868807 0 73.5735048491795 0 0 0
855.040458863512 996.87901252926 918.199517353069 78.679590377814 1110.70257191121 286.931766913762 738.255373703459 40.5528909618134 28.1827075055511 16.7798077667121 0 -366.663268227337 0 0 0
1025.89069418794 300.883077738198 271.356889171685 29.5261690905299 402.749312330973 16.3447970030711 290.585947100622 70.7677935250841 24.9715603361696 0.0791875265250857 0 -59.0861145345559 0 0 0
912.098979958407 344.574728969939 320.399848898425 24.1748896863921 621.115446498683 26.9167644477565 431.109592524154 126.549774398986 36.4655401688351 0.0737635557053052 0 -257.137124519611 0 0 0
880.696323735745 231.471359615562 219.212881699775 12.2584497775856 469.269460452332 8.59049987868766 388.922778953835 47.450764881666 21.8653236253348 2.44008253702357 0 -174.13590262873 0 0 0
913.462200752033 345.08972947516 320.87871768996 24.2110214144482 622.043764050302 26.9569941747911 431.753927814264 126.738915366886 36.5200414715459 0.0738738025262739 0 -257.521441005717 0 0 0
812.609458594388 283.285438963164 265.360901069211 17.9245534693858 475.405666752433 17.0569513983337 326.836343112012 100.137872932513 31.3151142923759 0.0593711145209804 0 -173.516230559145 0 0 0
803.032871936501 245.099853406943 233.27834486114 11.8215191237489 402.667672381625 7.99314165198378 291.183968169635 76.2317744476121 27.1838602868959 0.0749120263084259 0 -134.666362887934 0 0 0
555.770533843685 160.969380463293 153.704098709829 7.26530219052567 217.362926947483 2.1221442752826 144.443706358291 50.9897695507722 19.7754826059779 0.0318093466999659 0 -41.6243773558126 0 0 0
710.401294897828 205.822761349758 196.529516235062 9.29327110084187 278.029662751032 2.69274030996684 184.697224865243 65.2924080060368 25.306567281714 0.04070352807451 0 -53.6188619978542 0 0 0
690.842807478193 122.793502356073 117.157067311343 5.63645517230604 164.773641714613 2.29729057185695 112.254932765535 35.7421814645925 14.4552368556973 0.0239830681653247 0 -17.0035801989155 0 0 0
637.908519105702 177.28945501454 169.679270777228 7.61022292258887 228.341122313653 4.64021933856271 158.539392294678 45.6531245686573 19.4767209914355 0.0316291085149739 0 -1.84718709780942 0 0 0
576.391772030202 187.295921619061 178.189576352613 9.10638133997529 229.198242010518 13.7921880714924 166.722864044814 32.2610428625712 15.8315209707977 0.590586399410039 0 37.2509631988362 0 0 0
570.349812529415 276.613393706503 249.591533809437 27.0218530827018 235.519273509738 9.59865729146659 163.319227817429 40.9573360102232 21.2375396204159 0.406513265408643 0 144.565842810853 0 0 0
772.079869065298 737.838800241539 467.565263642254 270.273591665972 71.1454586928109 0 52.8783718633859 11.9592169620878 5.3664273418313 0.941445866621541 0 1808.05801888778 0 0 0
849.013951342927 891.075309777528 617.781973606522 273.293336171006 138.320758841925 0 104.975117222864 19.0611380941194 11.5934833819777 2.69103500593351 0 1854.18678285111 0 0 0
802.885526453011 843.411109345653 585.252149863456 258.158959482196 130.930390735804 0 99.3522257745022 18.0507980869513 10.9789618121343 2.54841917048623 0 1752.11830292711 0 0 0
840.774514378991 695.889592817656 316.198701804791 379.690888693442 72.8261665366313 0.0808025429451453 50.8868282210191 14.489831018894 6.45577069676616 0.912928863337567 0 2301.61722601732 0 0 0
799.98723447618 662.853216724629 566.726278775488 96.1268444909945 50.443670410742 0.0467185127796469 33.6365684520284 10.1943399192091 6.45422711541496 0.111815289812173 0 788.950780576707 0 0 0
852.153744573123 807.012858543357 675.637237295856 131.375534981911 63.5639784607852 0.0383593383511106 41.898905843756 12.7477150726028 8.76157446497287 0.117423526118473 0 961.173134006806 0 0 0
760.872429060048 2001.96215062278 968.908839722021 1033.05331090076 17.8353511672418 1.99615324494546 7.48305762109045 2.25026797578028 1.79754744619544 4.30832971273464 0 3479.93181478404 0 0 0
596.641376036174 1569.84720000368 759.774019015921 810.07318098776 13.9856670528296 1.56529212172221 5.86787170290938 1.76455727693837 1.40955453348897 3.37839520798389 0 2728.80344613059 0 0 0
784.778948003442 2064.86355728427 999.351837321305 1065.51171996297 18.3957357261467 2.05887213649888 7.71817437909166 2.32097112119082 1.85402616776931 4.44369690696865 0 3589.2708480759 0 0 0
668.770246987398 366.623965370533 279.037774209209 87.5861930616971 72.7118842085517 0.549033301752327 39.3042086799842 21.3642961959182 10.5267037763158 0.967638072660205 0 495.854386893144 2.36636886653515 0 2.36636886653515
917.197939000368 823.539575491538 452.223919135635 371.315689857981 102.809363165331 0.81621903490766 66.5985638455251 23.0672512188232 11.110059495089 1.21727485589312 0 2512.03712250792 0.39477761063849 0 0.39477761063849
615.096279137719 1618.40464024152 783.274829491325 835.129810750196 14.4182621436782 1.61370866739309 6.04937269837993 1.81913735614671 1.45315391056319 3.48289341864483 0 2813.2089285597 0 0 0
881.3359154166 1745.0570229681 666.649143883947 1078.40778086345 12.5646656990103 1.41013694074468 5.28623532126742 1.71067808434166 1.24255676998856 2.91506195645905 0 6873.11608775597 0 0 0
956.23476586736 1617.50761959355 481.79017721058 1135.71734309138 9.16504024711993 1.02968926339415 3.86003625528053 1.28311812028555 0.899664028708796 2.09253503157826 0 15628.1645014637 0 0 0
802.68657957795 531.341402597591 287.161994031161 244.179400940136 315.409708992138 30.6022214649982 232.051630697797 32.3515757262197 18.9042464781368 1.50002694785418 0 1774.57075299991 0.0197770415101642 0 0.0197770415101642
881.979375066187 1795.86000079569 940.203197445817 855.656997436781 362.447604983527 220.968726372415 109.283353370877 10.8836371211099 18.8544954922931 2.45741882856548 0 2981.8358438737 0 0 0
817.390122614961 866.084521732148 321.255384188725 544.829177603859 85.1983003383101 46.7305518955561 27.2221480543408 3.3571461412761 5.81257576499491 2.07588311748536 0 2097.09457555945 0 0 0
606.865433852327 474.050848129882 122.075530467268 351.975317811046 10.1879716221357 1.23910831043071 4.53504324149581 1.06806846392233 1.84719332994613 1.49855755902609 0 1415.92161947206 0 0 0
563.955864507336 439.744637923058 112.901236927512 326.843400995546 9.22026996901155 0.995559874891772 4.14132018509667 0.985909516405551 1.70507936508472 1.39240034155341 0 1315.14876912479 0 0 0
971.23430000159 1163.98654057653 821.785872717195 342.200753300444 183.578767314351 132.283208971605 28.5102493572364 7.20810199140983 6.64272610632514 8.93449437636961 0 1376.11315521267 0 0 0
720.963827533585 581.349007232856 414.383344326721 166.965662906135 35.7731243937643 14.480476950938 8.18941811773456 5.06573973073298 3.07369305740328 4.96379596423467 0 858.277091061149 0 0 0
922.322977623929 1638.54142039984 1313.54566020264 324.995742412139 569.152943762146 310.236843432227 200.539727063553 32.6408146610983 20.3311011679866 5.40449048656718 0 1253.86317770249 0.319615298469315 0 0.319615298469315
784.793869500203 3664.52857648122 3588.04423823554 76.4846059611866 1489.94390162401 1435.27540285979 12.5402506154117 9.20423673329089 6.70528893756243 26.2191746197023 0 6249.84734510083 0 0 0
763.630197878537 3565.70660238724 3491.28483048127 74.4220324019589 1449.76432747831 1396.57008354821 12.2020755144173 8.9560244939732 6.52446625441209 25.512117616064 0 6081.3066339183 0 0 0
776.752979291839 3430.92669436408 3364.44744848585 66.4795107576259 1558.21784986917 1511.40772461479 13.0963907308298 7.81558680221612 6.04588125778122 19.8527848815563 0 5467.84175809433 0.0694330199170686 0 0.0694330199170686
701.25938882504 2878.74273925722 2829.0125258097 49.7304524790627 1499.97313155903 1465.85477308181 12.5873335625168 5.61195484975621 4.7992577967599 11.1203594093704 0 4135.41726512725 0.140147139132302 0 0.140147139132302
596.21374994155 2223.19615778298 2190.63361644557 32.5628487486122 1391.00652632527 1366.54971496058 10.3393316405136 2.67987464085739 3.575565128541 7.86245323728679 0 2169.85808877138 2.45621739564358 2.2870821935372 0.169135202106375
536.321514033816 2003.92759634589 1974.40264053776 29.5252376571885 1250.57014221841 1228.22524047586 9.22810786898133 2.40635946312508 3.23734203757662 7.4734558887418 0 1940.01469620596 2.32313273557422 2.17392808217521 0.149204653399018
152.266580931136 627.442721803642 615.696733481419 11.7461449695782 344.908425262128 333.595638080472 1.5740598413515 0.621087965821842 1.22105901371796 7.89656469602973 0 379.74565781277 2.29700475937411 2.29700475937411 0
462.448557542541 2634.52154482908 2603.41707141475 31.1047185104689 1188.98253699163 1098.84576011182 4.54378325648262 1.46480178132639 3.13579687610626 79.8443828316707 1.14812040173644 157.577574484499 14.8051039114829 14.8051039114829 0
1118.91673099905 1702.8542490468 972.974513731374 729.879966738137 375.045495063783 275.096276100041 61.2462595467469 18.8275712818732 19.1768813490862 0.698508200052477 0 1998.98894781701 3.10389568528325 0 3.10389568528325
857.761769397923 1121.5536012955 884.609052266046 236.944560108112 573.723830003386 201.10800092587 228.789694179372 72.4814325697196 69.8455724612506 1.45057716780973 0.0485365873070637 1971.8839080357 0.406344893413356 0 0.406344893413356
893.37678173433 1222.90868107531 1167.19618666523 55.7124730906906 654.867639429547 395.280415632037 94.6515420391943 84.5379264947863 80.0700230655025 0.327669071569156 0.00019822549324948 -101.134541600127 0 0 0
933.360737688383 1013.69489720211 938.243536591434 75.4513801293372 463.821677931759 348.105466030908 44.6734201746306 38.2093188507615 32.5924652942818 0.2410050213014 0 -87.5339010137416 0.563233478815302 0.439144663171402 0.1240888156439
803.531661735134 675.616673289403 514.45501977111 161.161669419573 290.320625479594 106.169814891777 53.2138893464885 46.8476970784913 62.9067668354616 0.274701799225551 20.9077663972349 728.246168161815 6.41184038447875 4.75059332480225 1.66124699262541
857.198783464604 5297.15563922406 5237.31150094772 59.8438087727944 2361.75308864163 2201.0575121268 116.600678828858 15.9618604255565 9.61500501159106 18.5184244401852 0 -2226.55297482597 0 0 0
843.400072930605 4313.4442767023 4271.29646038719 42.1473914280619 2018.44186604842 1895.7092774691 92.4720742857769 9.20040274666024 8.70404719975224 12.3560928497886 0 -157.74623059582 0 0 0
766.985244580942 2808.66581179639 2756.43602690766 52.22971043207 1346.36753082199 1289.82910555171 27.7029541561916 9.00058949920739 5.66141941176048 14.173507310686 0 3790.13368949896 0.584849855436334 0.546983300122178 0.037866555314156
485.224436809356 2901.03415683781 920.904906654361 1980.13003017441 801.1138950397 792.413095882508 0 2.15430227150153 4.97732667247162 1.569554748762 0 3781.60928786699 2.52309369718577 2.42423764293364 0.0988558202548417
706.173442698706 1462.48391677854 58.0378841884919 1404.44603259004 0.759666429668298 0.138725817470441 0 0.279375198917243 0.337363709557144 0.00420190416533821 0 3781.50906217854 0 0 0
919.89014019401 1094.01892805047 1039.4112366686 54.6073809552953 672.421836490754 626.858154036071 26.2959466836584 12.1845182839918 6.94317494498448 0.140076054864726 0 -465.68825739326 0 0 0
650.617731002725 1860.2799541599 1830.69693191085 29.5832785148253 1183.14108936941 1151.84269339897 20.0869978207634 5.99409453302149 5.02781185793907 0.189621779903151 0 -1621.94727233245 0 0 0
1113.99219970677 1216.91549495782 428.854090381852 788.061869059317 341.160675852901 266.594672033124 57.8225823328901 0.00573382434183175 15.8977208388315 0.839944336009839 0 2334.23981829671 1.46624633346681 0 1.46624633346681
1076.17338385024 2113.87452225031 1454.55753109445 659.31719608493 741.328919218997 415.985093751979 240.479970871803 40.0560075324733 30.5975047834667 14.210298106353 0 2598.20174319576 0.0976954097923438 0 0.0976954097923438
847.09674762664 772.328436949698 696.427719429468 75.9007389223708 676.190300048532 146.743905645692 443.658519765267 49.1997933341549 31.5280959075106 5.0599736752419 0 654.379170869012 1.80519205499492 0 1.80519205499492
937.546394980885 4209.23129485655 4049.54662510779 159.684360718838 1376.95663228818 1020.6295759578 302.207017454596 29.2264072563061 23.695474344466 1.19814731391172 0 -528.295713244817 0.801105962115496 0 0.801105962115496
814.766178180349 4732.83294139864 4693.80131734369 39.0313624849887 2030.40673583456 1966.80990238489 35.3771688501487 7.58879339405285 9.05182465804295 11.5792743478366 0 -1804.58973150356 0 0 0
618.704142267905 1932.38217511779 1919.47019794456 12.9114441574253 860.487415634034 826.26598290295 5.50838466104062 9.48460069278748 2.71413306104608 16.5139599423707 0 802.053442695074 0.163244480126062 0.163244480126062 0
481.655823196318 3059.21767750418 3028.79762765971 30.4202053554375 1299.55126309542 1181.54508146589 4.63008606611373 1.3433300231372 3.0183406618391 107.322208383462 1.69239666513204 -266.562896842409 18.8061983971457 18.8061983971457 0
509.415499356424 1459.32388393174 1357.87093034621 101.453106757861 657.513746605182 512.249929199879 118.392725474661 12.5285783903362 13.8341826572295 0.508334907303885 0 -78.928165719157 0 0 0
78.290072962349 640.779348823737 636.734445484231 4.04488320058014 239.087462526526 208.923522622389 0.705966895388246 0.135356010606289 0.377851856937951 28.4436728229292 0.501152289120979 -239.38997796886 4.5983267871355 4.5983267871355 0
492.029257620352 3138.26083087615 1124.18859107811 2014.07319196686 977.954503717066 967.333060531024 0 2.62985028948776 6.07603870804598 1.91602360773712 0 2870.5300020952 3.08004999007125 2.95937211383646 0.120677590584141
366.867382682233 171.898261896549 165.337569574331 6.56068235125979 11.7687002181876 0.157992291976354 8.58245474051818 1.99526760625493 1.02408065419837 0.00890699821884983 0 12.306154114884 0 0 0
330.542651137249 135.068013912467 130.509759992506 4.55824349195833 9.66210964791594 0.0131101375363824 7.67686640703697 1.27412643095655 0.693557877737779 0.00445063866679855 0 15.8746619669226 0 0 0
377.189935338127 149.715270798779 143.859375443755 5.85588410635139 10.6528872977579 0.0141418879353998 8.37768592344479 1.43184967527014 0.821324749558539 0.00788700364361072 0 21.1112619159791 0 0 0
236.126076673898 96.4870345764961 93.2308054305727 3.25622169658685 6.90221378604508 0.00936534311221395 5.48403765627996 0.910183524858838 0.495449225850424 0.0031793532346539 0 11.3402056765659 0 0 0
374.524524928803 132.174288449236 123.916199759792 8.258079951135 9.18558080076852 0.0109858464343385 6.88988384503036 1.33925751365147 0.927136800906892 0.0183181175749287 0 32.1511127344898 0 0 0
137.853162335716 56.3302580897703 54.4292334703032 1.90102027045744 4.02959305014646 0.00546759672867773 3.20164525636194 0.531375775920516 0.289249046620921 0.00185614356429011 0 6.62054456700697 0 0 0
371.921438244474 81.0325176572882 65.3863527021938 15.6461636842986 4.88028360074715 0.0015976508859731 2.48910527504312 1.07865414539358 1.26078218980195 0.0501438081976498 0 66.0201918281524 0 0 0
383.566530272255 77.5793996122415 59.76853748937 17.8108624493605 4.7617456701112 0.0323947396926469 1.95969404824567 1.28666078108662 1.4263225753096 0.056672701728145 0 74.1942125220729 0 0 0
290.997134955239 56.6591253923315 43.4178370746378 13.2412883176937 3.24903468687557 0 1.36318005021956 0.810221834295051 1.03210945006298 0.0435226888208775 0 56.2318312301584 0 0 0
336.056548291244 80.1695072598292 58.8940417556699 21.2754584300003 7.13098685325012 0 2.45048765720314 2.89774579472949 1.71211200836413 0.0706408829837231 0 76.9971623959997 0 0 0
332.570456641752 150.031893771407 136.577613845347 13.4542843884977 14.6961201935999 0.613011936600682 5.59710191537582 5.96799298475003 2.49215805223442 0.0258562282214301 0 15.0424416721811 0 0 0
313.982105593317 180.705014300774 117.867267285957 62.8376896177397 30.9204372821267 0 8.58022461730533 16.793681906242 5.33422470679483 0.212307414965062 0 158.508488046071 0 0 0
362.25703853413 208.488516264856 135.989428781097 72.4990212618465 35.6744726545394 0 9.89943918602992 19.3757203517809 6.15436488492742 0.244949804571656 0 182.879261076318 0 0 0
370.96020763382 213.497420494126 139.256553691192 74.2407989900503 36.5315463205504 0 10.1372716752943 19.8412190245802 6.30222254564107 0.250834685590806 0 187.272906926276 0 0 0
421.965166423449 241.665479740017 174.894356363277 66.7710891778251 47.4104989804593 0 14.3316857562264 24.3417343135973 8.50238875628275 0.2346886888837 0 179.252199345477 0 0 0
359.221979574694 194.005457359349 135.134461079163 58.8709420917048 37.5616468014165 0 9.37038829629026 19.9537669561459 7.99995735185241 0.237529266056143 0 161.083356280255 0 0 0
403.988812336403 204.469289275521 152.281335073041 52.1879056202054 44.5964199079373 0 10.0578037645185 23.2376211130036 11.0396321077882 0.261350388400045 0 159.339465138302 0 0 0
408.016778838877 209.383192308477 153.889749690033 55.4933913528279 44.6005314860458 0 10.2854305649485 23.3181333868301 10.7322580594518 0.264698255661241 0 165.203950680856 0 0 0
0 0 0 0 0 0 0 0 0 0 0 0 0 0 0
139.926555261133 70.8204842098239 52.7445364739295 18.0759309088185 15.4465253099643 0 3.48364556464405 8.04863940662392 3.82371403618644 0.0905219611243233 0 55.189207703574 0 0 0
400.300556391956 223.357941047894 163.087028348305 60.2708980787043 52.7342023571299 0 16.0730020694324 26.1455402026517 10.3220937071794 0.193557473378819 0 186.075542745201 0 0 0
0 0 0 0 0 0 0 0 0 0 0 0 0 0 0
384.26423313537 217.693175391284 105.057172374128 112.636003017156 37.0052000979351 0 11.3412774895641 18.937355623987 6.62715995235594 0.0994073947512983 0 350.622275723259 0 0 0
384.840539230375 123.840584906318 91.9983098708937 31.8422683922863 28.4304719064402 0.456867783930594 9.87859733010701 13.554130697986 4.49861470702569 0.0422615267527504 0 85.6245750177133 0 0 0
0 0 0 0 0 0 0 0 0 0 0 0 0 0 0
391.482182680918 221.782284449297 107.030547214162 114.751737235135 37.7002990538031 0 11.5543099855469 19.2930714716597 6.75164332093823 0.101274645194866 0 357.208300852546 0 0 0
460.639093112398 477.823345637928 215.804885182528 262.018448698931 37.3995091661225 0.0408176877533742 9.50656026931413 20.3776710360802 7.27091077269027 0.203548149861129 0 563.029600678325 0 0 0
0 0 0 0 0 0 0 0 0 0 0 0 0 0 0
467.979411830616 548.414055635967 230.420791072722 317.993264563246 38.933187600403 0 9.08411117837587 21.8710384993833 7.75683455460444 0.221202492625898 0 681.509197137029 0 0 0
481.125047520988 191.933706148749 112.484076064873 79.4495941876081 32.02313729571 0.442777795823965 16.1081027917285 10.7938498940655 4.46125053874706 0.217155259512148 0 197.646674658996 0 0 0
0 0 0 0 0 0 0 0 0 0 0 0 0 0 0
524.93975270798 429.338728763352 241.605708351776 187.732920565059 71.8513814383264 1.84892586671694 40.6145381131269 21.1550408780242 7.50218678276248 0.730687700919014 0 395.259914061895 0 0 0
524.66628141003 429.115061535238 241.479842047472 187.635119693264 71.8139499227285 1.84796265493125 40.5933796651409 21.1440200009478 7.49827846233835 0.730307043685616 0 395.054000447678 0 0 0
521.590514104292 426.59944708957 240.064207329784 186.535140550312 71.3929527916099 1.83712928652612 40.3554078449052 21.0200667610788 7.45432107349719 0.726025742203687 0 392.738063209797 0 0 0
604.66168078313 387.624639382942 158.065838984701 229.558835272552 60.4014447889085 0.45316027068211 38.3235243517262 16.0161517839873 5.2460103689253 0.362596578135714 0 690.227625667585 0 0 0
0 0 0 0 0 0 0 0 0 0 0 0 0 0 0
616.753113544527 369.898057486525 89.40143286952 280.496688801813 41.5908020220787 0 28.0826598715258 9.92849122006123 3.34402850009174 0.235622613785104 0 892.270152382374 0 0 0
685.319910052688 450.195786580315 111.910818152267 338.285029374496 50.0747874840351 0.0420160804982567 33.2100163196725 11.8261039749489 4.70484148511237 0.291809797935813 0 1242.47086233861 0 0 0
763.689314114336 703.35048663252 189.420536358052 513.929964784602 75.6733727153612 0.263120851294343 47.3310752490054 17.2651043848822 10.334492384699 0.479579886937787 0 2676.72721359758 0 0 0
648.512331813634 380.418621254773 144.886134357598 235.532549467334 49.9470293364613 0.0915795326981802 28.9580313262256 14.0884637899237 6.54658946061825 0.26236050400882 0 1075.52226902802 0 0 0
760.640313332146 755.117268559311 206.176120957553 548.941147601758 80.7489155621687 0.32060352862178 49.9357186439032 18.3020619069628 11.6710838680495 0.519447614631383 0 3015.71708149764 0 0 0
829.897770707044 883.302155308308 257.933306691056 625.368908507981 83.3878987241502 0.334910525927369 51.4245606235381 19.3618238210865 11.7388669373942 0.527737729537558 0 3414.40074707835 0 0 0
767.142916514476 761.572656036812 207.938690567341 553.633965469471 81.4392262728962 0.323344321462945 50.3626118249171 18.4585235668479 11.7708582630841 0.523888296584144 0 3041.49800731427 0 0 0
770.661073464427 934.296943599173 232.292508156849 702.004558041011 31.4180918541951 0.0909914540829399 18.2692987119755 8.00112491265847 4.849353111353 0.207324123152864 0 5874.84095361549 0 0 0
792.854033415607 886.084144406933 470.500588155378 415.583630269914 63.6985094048262 0.142708181881932 40.5010294764653 15.6617028110424 7.04428424543236 0.348787754042281 0 2460.96731265529 0 0 0
779.455651565645 917.810921886818 681.252140696072 236.558880722236 52.1843004182817 0 34.631434475967 13.8597101982102 3.47257405626158 0.220586963011817 0 1651.97191243481 0 0 0
630.032052344075 579.290534881355 382.100105962007 197.190526930137 27.4828713478164 0 16.977626503197 7.50461331255631 2.8124534495291 0.188180398368475 0 1419.73878679838 0 0 0
478.733082260657 221.671643044691 86.4509245344515 135.220795194094 3.91006223561292 0 0.680163711187757 1.35034364452406 1.75369152111828 0.12586305204741 0 1037.73167149473 0 0 0
505.701534552762 276.801685948788 111.602591524023 165.199193418698 5.04763923421915 0 0.87804766967993 1.74320692333166 2.26390312821363 0.162481117018201 0 1237.31922078972 0 0 0
350.075824416823 191.618122128475 77.2577628608125 114.360427796983 3.49426755811754 0 0.6078353353472 1.20674856435654 1.56720456604927 0.112478818247245 0 856.543863699806 0 0 0
452.990160895398 142.607674555978 93.8326558854814 48.7750732666954 20.5237051384739 0 9.43437845902067 6.49897616219712 4.27115954404699 0.319190598521273 0 453.172944576188 0 0 0
299.179033439212 491.149228438804 486.642533995536 4.5066906039006 19.2336175235691 1.57078014583329 9.77186774491033 5.359645983616 2.49358694628417 0.0377404555887129 0 -148.222932429219 0 0 0
646.817547814874 1953.89842183571 1535.85982455534 418.038197284583 21.9313290225414 0 1.3463938199828 10.3624108646474 9.38353817398732 0.838985763928125 0 1748.01859013113 0 0 0
650.653444304814 1965.48585035143 1544.9681107018 420.5173372817 22.0613909052184 0 1.35437849409313 10.4238642615091 9.4391864495581 0.843961297690055 0 1758.38506580404 0 0 0
647.983079559191 1957.41924566542 1538.62736446885 418.791480480004 21.9708481423569 0 1.34881995196212 10.381083392706 9.40044682412018 0.840497572851975 0 1751.16842915967 0 0 0
646.81040703262 1953.87685104929 1535.84286886108 418.033582196834 21.9310869034993 0 1.34637895596878 10.3622964649687 9.38343458093686 0.838976501633566 0 1747.99929223148 0 0 0
644.332251401116 1946.39086927001 1529.95852066076 416.431950150387 21.847061281889 0 1.34122050991474 10.3225949031807 9.34748337947694 0.835762090857831 0 1741.30209898473 0 0 0
646.363663000476 1952.5273322208 1534.78208098798 417.744851517718 21.9159393701788 0 1.34544902850156 10.3551393536194 9.37695355751103 0.838397030831707 0 1746.79197051324 0 0 0
646.518642082797 1952.88054186134 1535.11946181029 417.760680320016 22.1391495381581 0 1.56579643860336 10.3569089853869 9.37755048452352 0.838893218642379 0 1746.9441104934 0.00482350173548697 0.00482350173548697 0
550.995283952639 1432.7721158243 1246.62996423002 186.141971918444 457.947464575315 0 444.582804259969 7.38984812778613 4.66522222386582 1.30956706869709 0 951.576167143637 9.72123864015192 9.72123864015192 0
881.565740922493 3922.84426482105 3000.81466446896 922.029460445805 127.947212570716 0 106.88462629051 4.26509070802193 5.71503358276884 11.0824539281245 0 5124.63363042202 2.27697469616085 2.27697469616085 0
1139.3055434983 5960.66630325262 4472.71764194679 1487.94866130584 29.3684387912321 0 4.64319367562784 0 4.46178287720034 20.2634572526457 0 8577.04459519937 0 0 0
636.397971653036 1922.42309546649 1511.11867696291 411.30402495132 21.578037504937 0 1.32470477799788 10.1954829116424 9.23237886947916 0.825470552265302 0 1719.85977951489 0 0 0
1134.86710147284 5937.44507697923 4455.29308181599 1482.15199516324 29.2540268903183 0 4.62510498461789 0 4.44440091610688 20.1845160232586 0 8543.63063052339 0 0 0
986.764199646156 5162.59413258587 3873.8665579094 1288.72757467647 25.4363056197404 0 4.02151759664446 0 3.86439584617196 17.5503878587078 0 7428.6661673949 0 0 0
553.180068536667 1061.51287274655 837.97810373357 223.534755395231 209.288706811917 0 202.887480298438 2.28289039156274 1.51583269721357 2.60249256361971 0 1436.91977431579 3.798718086892 3.798718086892 0
1137.87379966906 5953.17564611809 4467.09686188447 1486.07878423361 29.3315320270601 0 4.63735866154319 0 4.45617583865104 20.2379925473733 0 8566.26598471832 0 0 0
1135.53841633636 5940.95729010649 4457.92854852682 1483.02874157967 29.271331703405 0 4.62784090120008 0 4.44702993970845 20.1964558932238 0 8548.68449649874 0 0 0
992.969761833197 1977.79979550889 521.119421458258 1456.68018029683 133.374616629314 0 129.263043274048 1.03112961906771 2.78984766551635 0.290583342668002 0 5443.5062422833 0 0 0
1016.4762770825 2286.1280850572 814.20124376477 1471.92665826479 128.323318841773 0 122.63139381391 1.07893994744658 3.00893956769953 1.60403310785233 0 5699.90498332351 0.000371718642186722 0.000371718642186722 0
0 0 0 0 0 0 0 0 0 0 0 0 0 0 0
976.81277767431 1918.33448566226 484.000721990475 1434.33357142751 132.118435873737 0 128.22164442798 1.0230961539003 2.73513426973105 0.138548430125648 0 5337.70169381791 0 0 0
896.661631522063 2442.0995800783 1190.14391824378 1251.95548297936 120.254201889519 0 111.846383368254 3.51005317678144 4.58468686202328 0.313066184487232 0 4662.67379371727 0 0 0
985.023709262943 2171.49418108334 747.262201303251 1424.23178534962 132.778788765139 0 127.228967316905 1.89671950397428 3.44796863652552 0.205120348142529 0 5301.27410923245 0 0 0
713.680529868563 3918.14297047103 3105.44249714402 812.700326815232 91.7487230503034 0 71.6993885545274 9.93134423186577 9.32233042206745 0.795647862929877 0 3036.73632244306 0 0 0
456.119165980437 5525.87818275231 5288.95610365854 236.921978187609 52.8979656778815 0 19.4287073659386 17.3746861684128 14.7522313279192 1.34232982300043 0 904.433701231012 0 0 0
725.035445392336 3839.7345236911 3001.25236714738 838.482007839066 93.8306490724281 0 74.3897608013399 9.5917530396684 9.07973403560114 0.769389264380619 0 3132.04192826739 0.0379057559539139 0.0379057559539139 0
447.658992594625 5524.35836729321 5305.61794351873 218.740321276915 52.891125096848 0 18.5995795890621 17.7878124845806 15.1673824116564 1.33633976736273 0 838.23812650082 0 0 0
313.651865778147 2786.22891000696 2726.60235479422 59.6263415784943 91.4200076044433 0 41.0392407196237 24.9618434209378 25.1835116872048 0.235407889378174 0 295.927590017137 0 0 0
316.869567402943 2786.94945199074 2729.1170348079 57.8321977130295 93.7546513451997 0 42.1798826707228 25.5390692626285 25.8158816265369 0.219813953476021 0 291.476624510771 0 0 0
314.843445970879 2761.95918839832 2705.11565969319 56.8433097009641 93.5146028987682 0 42.0953596081145 25.458408926221 25.7470564268924 0.213774154740976 0 287.686271444503 0 0 0
326.748780362114 2753.79226642759 2683.90646744354 69.8856916015219 126.062348004241 0 69.6154247249681 26.0896283817345 29.6982030284737 0.6590919306557 0 267.879123530513 1.82911220165233 1.82911220165233 0
281.472233958177 1268.01938565346 1243.77511027581 24.2444243369349 182.383004685726 0 102.496685686921 32.2905836843346 46.3614758072746 1.23425950615331 0 -25.093560950143 0 0 0
281.551582097039 1268.00629002421 1243.76337797054 24.2430611613043 182.464891895426 0 102.545589528412 32.3026266176273 46.3817465012919 1.23492924809433 0 -25.1877176216016 0 0 0
289.223792734207 4587.36956014724 4552.4687901184 34.9009143469566 147.519280279477 0 64.1754247857198 35.4873189737844 46.6051149785681 1.25142103184153 0 -51.5991375142598 0 0 0
297.241815160944 7786.79914128033 7741.58049261641 45.218788703085 114.274165031024 0 27.4537094144409 38.6264546803218 46.923935670698 1.27006426528355 0 -77.0900338007192 0 0 0
299.458478384877 7385.91008520219 7342.85465363115 43.0555850811022 115.302930237937 0 28.0012816316168 38.7943370605634 47.1810300771767 1.32627991522679 0 -78.4814013400482 0 0 0
327.691798946597 4390.65871062102 4284.69148931423 105.967399098108 131.01081271169 0 51.4698481417069 34.41082914183 42.9531953539947 2.17690491527642 3.34177846703137e-05 212.589383040684 0.46560936270294 0.46560936270294 0
486.678784981905 4896.20428804038 4395.96816007354 500.236327424678 20.1914726611579 0 0 2.49280184276752 12.4389414784433 5.25973272354343 0 1864.85285823807 0 0 0
371.376564092784 3193.30203624391 1995.13772816943 1198.16523087862 43.9448139624088 0 0.0226346572931194 5.83663220334315 33.0361951477998 5.04934924604753 0 5516.71862504798 0 0 0
323.014998431855 2374.25351409576 2297.59608857293 76.6574010656648 775.655750676725 0 719.888609831121 17.7959598209531 37.0559397533297 0.912232226357586 0.00302847893142704 6.80454232591172 27.9041092564584 27.9041092564584 0
566.909243204364 2238.10018246523 1071.59247213811 1166.50780187219 92.1587642353771 0 39.6991298872033 14.4745529309627 32.0691627168708 5.91591507328436 0 4103.71721769485 0.00121710188820021 0.00121710188820021 0
58.8738370457134 203.807702533653 4.66166667263475 199.146011838564 0 0 0 0 0 0 0 5339.4321916185 0 0 0
336.531778603094 371.55997434047 116.996728579285 254.563245761185 131.707900319479 0 15.5008613498423 10.8754908287988 105.172111851424 0.159358474195626 0 1991.01972470434 0 0 0
305.226742305266 336.996526775933 106.113397292996 230.883129482937 119.456098669939 0 14.0589320639405 9.86382519482672 95.3887362882175 0.144534546304572 0 1805.81003957362 0 0 0
331.707444337499 366.233495149187 115.31952790305 250.913967246137 129.819808385938 0 15.2786495371371 10.719585780906 103.664422369332 0.157073998860886 0 1962.4775622933 0 0 0
333.220802260135 398.294211313337 147.287690131367 251.006522749031 130.723384966451 0 15.3412322129136 11.1368413347437 104.082432358945 0.162803629244859 0 1970.41059475768 0 0 0
336.863202195046 371.925894438216 117.111949424678 254.813945013538 131.837609037014 0 15.5161269249634 10.8862012414964 105.27568756492 0.159515413781376 0 1992.98052291349 0 0 0
288.929792166887 1732.6173221695 1563.00575722469 169.611637838235 127.55824096836 0 12.9769265879877 26.4713057759816 87.7400145865724 0.370002520154733 0 1661.92610494696 0 0 0
241.802434328 1473.6119260625 1385.86777361145 87.7441930758648 99.8582271139939 0 11.6318496204879 27.8478891579431 60.0958369029808 0.282675289126034 0 903.696769367521 0 0 0
254.13822849884 1790.60216961888 1681.89641571402 108.705819043236 110.846046997542 0 11.8098334463657 29.7282418648267 68.957868631194 0.350133797878515 0 1167.67275001496 0 0 0
192.76048089012 230.256727915366 224.636370692883 5.62030127964476 57.3801799886869 0 10.9204117243886 20.7913158163504 25.660480593442 0.00796867974976706 0 -133.95492732191 0 0 0
165.773832851519 105.201263006175 96.2117009774323 8.98957791793563 45.6152391487016 0 12.3473009804558 9.06518340820636 23.5221125785518 0.680631701960131 0 179.684871341474 0 0 0
162.798425290298 100.201051718188 91.2334975369684 8.96757193098072 44.671396475819 0 12.2247833145245 8.60692044549005 23.1486767543747 0.691005410182686 0 186.346560425192 0 0 0
188.781959567464 243.618340042253 237.04256760637 6.57574327121135 68.1613599535977 0 33.0480437929403 13.4721045169903 21.3003523235921 0.340851181819452 0 -27.2052604877727 0.0872496247518528 0.0872496247518528 0
160.999895353315 99.094071777129 90.2255874402751 8.8685018905233 44.1778852901591 0 12.0897289445262 8.51183473407216 22.8929397098054 0.683371467074119 0 184.287880392011 0 0 0
81.9182800881036 50.4200074732678 45.9076381809209 4.51237822382102 22.4781287773976 0 6.15136922725058 4.33090257778862 11.6481457523462 0.347705910746998 0 93.7674286661254 0 0 0
163.783451930451 100.807327271147 91.7855140898805 9.02183103842451 44.9416848124725 0 12.2987504749158 8.6589973984051 23.2887399229631 0.695186401100173 0 187.4740671931 0 0 0
168.334625937196 85.2226922523742 77.5657002153027 7.65700691368786 38.9207610518808 0 10.596049277814 7.82344743318576 19.8902662305988 0.610989171700281 0 153.71057347021 0 0 0
140.392850323782 227.540254562339 223.150846087079 4.38940600957722 412.721225688139 0 380.702067811614 13.174830649855 18.6078041217092 0.236547470451461 0 -299.170801185631 0 0 0
142.89677928149 119.114656576825 112.542979067102 6.57166357908499 12.7350981333917 0 0.210623664661764 2.00395711984682 10.5202632311572 0.000259864734294733 0 195.840800856231 0 0 0
155.643285237892 141.949940275131 133.024493310779 8.92552494013106 12.7858611221477 0 0.0157307621592764 2.2899651394389 10.4798891491631 0.000272074716397173 0 117.135905029471 0 0 0
149.354842709237 198.881243501869 146.480749109782 52.4004971991567 101.327014115173 0 75.6764578827547 9.10722358228908 16.5123262678175 0.0309835935285056 0 145.101585760611 0 0 0
157.452615915084 148.772021451253 135.882807537592 12.8892899295124 18.1013784144 0 0.558271766130471 3.89021185563226 13.652610720516 0.000280686258040351 0 126.660691176165 0 0 0
170.617416072085 180.95723222207 147.20064518485 33.7566296886341 49.7238643198967 0 4.59691741166748 13.0408833574748 32.0787528514415 0.00731233461032403 0 187.947709699297 0 0 0
166.456514913018 183.946228073331 148.732091544286 35.2141852807498 48.3317480357023 0 3.72113573770015 12.9202158532231 31.6899050275929 0.000493216319044905 0 195.641177075816 0 0 0
169.576121034697 173.096855115759 141.482210579139 31.6146797854077 49.9095764176176 0 5.33001333878754 12.8694312746894 31.6965414459799 0.0135918481838401 0 175.786113284438 0 0 0
168.806813674526 170.869672229536 139.828040104023 31.0416657604006 49.7509319523116 0 5.46106317125728 12.7815040746296 31.4935158348012 0.0148503203107713 0 172.616353681691 0 0 0
170.731069124025 128.121523608348 110.805458339581 17.3160462453616 53.2575758967065 0 12.081973853979 11.8419084361368 29.2105006414225 0.123192960129851 0 89.683925092155 0 0 0
177.948340062098 292.00966235404 241.437894002518 50.5717597930686 42.0643994032202 0 7.23756326313403 11.9814462240598 21.4748106151357 1.37057826726104 0 155.491980209532 0 0 0
187.793854595592 423.02247957615 346.598672901335 76.4238059839319 35.8689116516983 0 4.64015319017162 12.4343247777907 16.4051021381168 2.38932961582151 0 207.556235288097 0 0 0
197.977836026855 342.86720364421 274.03664704808 68.8305449407684 37.0543382453236 0 10.8124132169461 10.2942957327375 14.2335008266596 1.71412816813484 0 191.662141498012 0 0 0
217.660713449569 1099.82807997949 1011.03468249843 88.7934140363978 75.599383493863 0 20.7743249938049 15.0558069318394 19.6568768359312 20.1123690700716 0 165.219980794992 0 0 0
220.713004301952 123.496346003448 79.4374222935836 44.0588837379759 42.0449201425323 0 26.5592311042965 5.0726394530739 10.3987366513343 0.0143167511429475 0 139.728729897139 0 0 0
220.650663792672 235.141782589137 186.842874884909 48.2988739200127 46.2381407344285 0 26.4629910279316 6.27788339784914 11.4701861979475 2.02708348442122 0 142.182856951526 0 0 0
219.568453913595 122.855931582802 79.0254840264035 43.8304077917923 41.8268879978936 0 26.4215030244715 5.04633429051959 10.3448119715885 0.0142425088338797 0 139.004139279679 0 0 0
229.047626292446 799.730441069251 740.465295920473 59.2651417315678 71.4460345033393 0 33.2957318646933 15.8403314509104 18.7793029440164 3.53068411023909 0 178.22072292132 0 0 0
227.172320422114 177.88585196004 137.409825000039 40.476003027563 45.0039205906727 0 24.9791419041166 5.36141475211212 14.4131230238231 0.250243092481317 0 260.148691833374 0 0 0
263.676552410142 716.880130161801 680.157839842625 36.7223516358774 83.6582505354273 0 33.5816617153713 12.0929051034423 32.9271242914903 5.05655434498132 0 791.026548504652 0 0 0
257.629190375445 174.450291674519 157.13995875105 17.3103724064654 48.1258348132496 0 14.8171593416269 2.51302958099126 30.7954346565979 0.000200626432848275 0 835.082165074644 0 0 0
248.640459935601 168.363688503779 151.657316320342 16.7064102888642 46.4467154723926 0 14.3001858922596 2.42534951081767 29.7209762052765 0.000193626539236249 0 805.945992787497 0 0 0
264.69088119453 502.103515179923 411.699699146466 90.4039081257724 59.6948291184621 0 22.014650876268 5.57109621597555 30.9744468479722 1.13462580228104 0 853.227739785643 0 0 0
259.843231352113 175.949501036611 158.490404743757 17.4591361151641 48.5394237010523 0 14.9444966122692 2.53462632031953 31.0600877191047 0.00020235059750012 0 842.258782482265 0 0 0
286.784834946511 483.397922434926 349.858466775597 133.539510091944 56.1630996119076 0 19.0563410337069 13.3786831893727 23.3344920919524 0.393584988608947 0 430.297264022576 0 0 0
263.854493636884 67.3308554130856 27.6359234671075 39.6949347101421 31.9065794775153 0 10.0598651005689 6.03124305720652 15.815318093712 0.000154719261340892 0 224.733721685141 0 0 0
154.397610129097 808.456953154731 750.068262514096 58.3886564187382 422.626262885467 0 387.32991469829 13.4731868871788 20.4382982539595 1.38485679809162 0 -471.990347275625 0 0 0
232.936319609521 56.6955755392959 52.1358067651455 4.55977119500954 18.9908083279287 0 0.317964992338609 7.34882518913108 11.3240121750066 0 0 109.266200873489 0 0 0
284.283854564332 84.2396398696903 77.655830136484 6.58381548053661 22.3662991458812 0 0.857391291196273 8.67898541957784 12.809805814598 0.0201106254566157 0 136.006231079374 0 0 0
274.219762503231 120.609151918891 111.550287215215 9.05887979810885 18.4040333669456 0 1.64119151928459 7.1999907135641 9.49008682071509 0.0727617050307194 0 132.230163762172 0 0 0
304.015528697372 230.138343580781 200.479293420529 29.6590326880474 36.3011737255243 0 9.66288607860789 13.4301439415004 13.1466247984739 0.0615176846551287 0 415.118125939426 0 0 0
252.799629180448 74.7522417931279 68.0578250180501 6.69442549551503 11.4470325709002 0 2.25344202333103 4.27936572457174 4.86089086055164 0.0533339661222439 0 87.8291431974248 0 0 0
226.606806789515 45.294132334568 36.7811572576016 8.51297507696643 42.5747316538434 0 33.0806109577638 4.20696911959665 5.27669773717888 0.0104531364718267 0 65.5563863169704 0 0 0
221.668269352486 57.4201347827877 46.3065757738668 11.1135590089209 60.6105262507705 0 48.8017979953502 5.10161998473767 6.69922080995707 0.00788607540101581 0 73.0322930833901 0 0 0
225.838093981333 46.9022762526162 38.0438555866676 8.85842066594863 44.9781397737345 0 35.1774509359986 4.32521557020175 5.46536908358694 0.0101033897460484 0 66.5303664567563 0 0 0
294.624129763938 103.919367640417 45.3398843727334 58.5794939669847 9.73052944900863 0 2.19566766304468 3.3973538354049 4.09700267610808 0.0405052724441516 0 261.887777886429 0 0 0
417.816222119312 532.556378746364 352.015515945775 180.540858350528 40.3696195248302 0 15.1518644129628 11.8883161538293 13.1812638986366 0.148174056951064 0 887.732250027066 0 0 0
382.957217380989 442.250131864011 282.50097368785 159.749146584722 41.1935352448083 0 9.44855638151615 13.7876176726234 17.5694722862087 0.387890156058226 0 1032.61134176735 0 0 0
454.033924727603 491.046101208012 82.3981676163696 408.64802242937 17.3269302663916 0 5.01912337297465 1.69223731226412 10.4417299402734 0.173835692536026 0 1461.85837984654 0 0 0
482.810933886639 538.712486482966 115.328180477473 423.384326986479 26.7921275472079 0 8.40326944515393 5.35439688651303 12.4953341149298 0.539127625729347 0 1612.81846120856 0 0 0
206.250648796088 343.961163514785 148.373212451982 195.587951062803 330.611528622792 0 280.449083668865 24.9642881246135 25.0117445420507 0.186422877258878 0 743.106888253194 0 0 0
162.618542084501 140.789591254778 110.624477260308 30.1651609385106 154.688219541727 0 62.3650643837073 37.6239681461594 54.6094393945599 0.0897913973132183 0 204.024247051227 0 0 0
338.06655815603 615.895184716287 591.051723696078 24.8434337908994 39.51231353471 0 7.18187969454841 17.5640609755627 14.6040284173966 0.16234305196225 0 379.765309016518 0 0 0
338.627067421648 486.886907460384 456.949729050453 29.9371316258741 46.3008423877757 0 6.90642672364218 21.9046345937024 17.2328357683053 0.256940818258258 0 702.019237538003 0 0 0
321.879824441102 441.629169018183 412.349659121729 29.279462248602 45.1059631930522 0 6.51805751096002 21.5235259252825 16.804778057619 0.259596934405414 0 719.68345193993 0 0 0
329.344078388538 451.870358486553 421.911869416107 29.9584403176606 46.1519509756081 0 6.66920844622065 22.0226471846826 17.1944735943622 0.265616875064144 0 736.372599998136 0 0 0
337.435485147952 462.972021194219 432.277504556031 30.6944666876318 47.2858235198219 0 6.83305920851681 22.5637050265671 17.6169116735489 0.272142616133558 0 754.463984128149 0 0 0
499.383921350903 1103.2932914011 649.497988497633 453.795498894329 713.732146459597 701.622067573677 4.18898819163607 4.48478948800088 2.27622541402399 0.948563115939664 0.211419141817402 141.996026035358 1.11491462562401 1.08921911050646 0.0256954542949701
766.645561477441 1211.3446515072 1134.40047240821 76.9442379182333 688.440666560753 465.684906404598 25.7317202781302 40.693014106716 43.5451086458772 1.13076574188686 111.655122150927 102.998118453658 80.3995972237887 48.6655015254685 31.7340964716122
376.261223837346 200.022646398157 173.674428472557 26.3482483879981 122.538115934405 115.355131739335 0 0.101738806463654 0.0345623315673502 7.04668855009768 0 -24.6233370905556 14.9960486891772 14.9960486891772 0
291.482120752089 511.381656724336 477.636621260536 33.7449818004017 559.863973117031 556.492242179561 0 0.797477451017795 1.75347300287919 0.820766769594345 0 -270.862067304838 5.52867041124399 0.697026724630683 4.8316436866133
675.022033909054 1662.94699454509 1612.40847150025 50.5385654888999 831.412648595921 683.159356991304 1.11235183742833 23.8657526056101 17.9241174696628 3.79118528189934 101.559820840251 674.572831584641 189.089468362053 107.453071621048 81.6363923861739
655.62689989429 1795.99594455849 1609.58077487121 186.415064490068 714.509884359159 664.59697600164 3.25686778987959 20.0693727781585 19.6911782322493 1.11943619269407 5.77610272717245 3700.30191737522 186.427542552894 86.5969643435201 99.83059823503
518.512706822891 1067.79890893589 1050.68952526067 17.109531977564 892.668075476673 856.645551752819 0 1.20805730155763 0.798460100951084 34.0161611454395 0 -1001.36581360954 84.6206570537273 80.4167671565792 4.20388989714805
484.494502075403 879.47780281052 819.578697595573 59.8989287330424 608.469893609449 596.029089902254 0.32445583784566 6.22830157660782 4.70615515407242 1.09211565849933 0.0897536966132034 1415.12904153601 69.0859937770006 45.3405705427364 23.7454285202659
275.006980938056 475.708846082953 441.455102712434 34.2536924319948 502.756299115558 499.009245193481 0 1.13573183025266 1.86798439101579 0.735883547650052 0.00743899306022114 -115.870859277692 7.39051245718092 1.92070546993863 5.4698069872423
486.92832963647 691.486816985774 576.086462164842 115.40025415885 305.721788916177 285.989707306433 0.013500180473645 10.8857843311784 8.2224158995826 0.427375698060332 0.182928524841628 3032.43500555565 64.0421146982429 33.2578805784608 30.7842342804616
433.262493208335 610.966875444284 507.565842685151 103.400946199563 271.062418787301 253.579982430667 0 9.63275578163626 7.31392184755943 0.371757339708946 0.163932053513491 2675.53034140041 56.1333617995684 28.8702999478358 27.2630618517326
445.835425261675 574.527710075183 290.634554092959 283.893139450315 161.701130536616 152.900308574618 0.239445750362747 4.07295949144998 4.38608476264201 0.0710014897259087 0.0313091868539782 2166.33143515898 21.1758919942966 10.5788852491171 10.5970067451796
505.961657007871 773.367983348995 109.909790866639 663.45819240579 81.4119978274148 78.5952352727905 0 0.508894390806614 2.30489369066531 0.00296354524045867 0 1675.52070694364 0.0504557688408927 0 0.0504557688408927
638.744679646022 1118.61352316641 978.569480775221 140.044065131182 398.148931165447 320.930101919304 5.5071070812962 34.7197334139339 30.7135683542205 0.673658553285736 5.60478727372675 6852.77537849161 72.9031439631633 28.9313548308149 43.9717832104412
443.067945169867 385.128993041993 350.330307489332 34.7986611170974 172.720742179987 161.947509624635 0 6.23796433185269 3.58949626600509 0.945789876906341 0 682.009112492106 16.1025230017602 0 16.1025230017602
533.947735300727 777.40867703672 713.739422049327 63.6693319792715 249.762802123729 229.964621048219 0.631228096716066 9.59617424747137 7.72787891102243 1.34671655125653 0.496211181481815 648.211946922135 32.8912401816784 0.516072380911574 32.3751673089726
653.405091329613 1236.63426368023 1144.0781969242 92.5560594395257 481.028751246939 394.340289622762 10.8400435039082 35.7845583431207 33.4606894314264 0.951997233437227 5.65117787940454 1708.55180984479 55.2577938924709 21.422970832358 33.8348209580565
519.918640334914 341.992020139493 308.351292918019 33.6407015105848 41.6423158623855 30.8143120419259 0 5.92786573902483 4.72642588733739 0.17371245120631 0 150.896093999636 8.27643718837971 2.11749654761219 6.15894064076752
499.259357219175 328.40275939894 296.09876691627 32.3039677934179 39.9876331365616 29.5898866278249 0 5.69231839166349 4.5386184825689 0.166809881396756 0 144.90014600864 7.94756792730798 2.03335653554119 5.91421139176679
666.22367433881 831.914907003253 752.685697873717 79.2291229932333 107.386021820137 92.2360325914715 0.106453211609116 6.62178815932192 7.05350981332206 0.30670429534607 1.06152812047754 296.338230764195 21.5207095253576 10.3824954963799 11.1382132491727
226.996478370224 149.313715992903 134.626174488007 14.6875302795213 18.1810351055175 13.4535286375048 0 2.58810618165824 2.0635575424115 0.0758428561966749 0 65.8812346402411 3.61349247644658 0.924498992687483 2.6889934837591
642.474614576529 502.323104222012 218.151875305834 284.171228916178 10.0693122211946 0.000140554536372753 0.443969266039961 3.38083336306374 5.11670090783782 1.11890191426204 0.0087687405530834 768.34248781344 2.39615323160653e-05 4.62047276328949e-06 1.93410497588916e-05
736.837917375285 729.614662072867 552.603128229939 177.011489134591 146.174620681161 60.2682240417243 8.13595784294471 32.2216874658587 42.3429371086027 1.4364132496733 1.7694094177897 1132.14264338521 3.68826796075403 2.54845403170736 1.13981381290944
636.301925399107 497.497076044164 216.053393045855 281.44368299831 9.97244574799574 0 0.439709284322901 3.3483409479331 5.06754829541821 1.1081655596241 0.00868416159527398 760.966760012054 0 0 0
667.198926177091 554.835390981514 293.922251493199 260.913139488315 26.1635007676966 12.3373556260011 0.537807162935216 4.83581510962505 7.42334018968933 0.957345326281427 0.071839236701315 755.561778076864 2.0698269827673 1.58204027914788 0.48778723049674
607.997931109934 475.367401691219 206.44290192705 268.924499764169 9.52885122748048 0 0.420150127615077 3.1993999825116 4.84213351622568 1.05887211822616 0.00829787255482401 727.117422190041 0 0 0
646.963777110565 505.833118793587 219.673575771166 286.159543022421 10.1395436829878 0 0.447077036954895 3.40444562598177 5.15245994869116 1.12673394107453 0.00882967308827956 773.71749111743 0 0 0
654.730356293028 1021.27847365311 954.83945185166 66.4388745857875 161.561931879493 106.924294041517 1.09854618657197 21.63225313558 20.6168539352268 0.316173081988575 10.9738160444247 444.037213330444 16.5074369270526 15.9490797095074 0.558357462351615
452.382202926512 315.265136450319 152.13486186767 163.130274582649 13.6571173575277 2.95397309562582 0 5.82539014809199 4.67575991592975 0.201992825230681 0 489.826345824543 0 0 0
586.19732268923 602.765643277952 541.383387560111 61.382284262091 142.425169014994 107.859826590556 0.988683800825756 13.7133252726128 7.88502929637784 0.359399727556134 11.6188952375467 81.4673703547364 11.4556406973685 11.4556406973685 0
462.218811466837 322.120268490466 155.442885640152 166.677382850314 13.9540780168247 3.01820435139219 0 5.95205755921196 4.77742974207236 0.20638496165182 0 500.477140629123 0 0 0
657.046142260186 660.737773324618 618.796855300539 41.9409126987759 145.543264141857 37.9803699192953 1.08084426500707 32.8826174553611 49.0831554165444 0.533912873512663 23.9823628393068 1734.25149547721 13.1152144533275 13.0027522926541 0.112462058343578
501.750018206695 147.324320963429 55.873963949668 91.4503282856201 5.52107748238484 0 0 3.18034976305642 2.34072771932842 0 0 1200.78552415572 0 0 0
573.228062232961 1118.49572506799 1109.70966161343 8.78600953179236 303.764828909108 110.481665383115 0.305111597863698 25.2988292183724 23.0055852704599 1.79025732468843 142.8833568936 169.902577168275 81.5815470929295 74.301200405126 7.28033580566406
487.482253423022 143.135006200804 54.2851317698215 88.8498465197551 5.36408010916571 0 0 3.08991332916992 2.27416677999579 0 0 1166.63998396117 0 0 0
500.595617793175 50.0654397058552 41.2023371528593 8.86310234972951 18.7137375362482 6.15647540294612 0 1.80126752886495 10.3744964667274 0.0597811858297559 0.321716285663271 202.579580413763 0.456100825773784 0.278496746677957 0.177604050708996
457.647024898306 22.3593601561416 15.6839320104996 6.67542942885999 12.827747527218 0.592136737615613 0 1.17976467919391 11.0558462243433 0 0 148.182170764562 0.096886984855549 0 0.096886984855549
350.572786476077 10.746093232463 9.21971832312677 1.52637113314343 8.4334092396769 0 0 0.300548472332558 8.13286205124991 0 0 39.5933290990874 0 0 0
645.282976523879 844.234237473194 811.837001246572 32.3972576144483 171.160469575271 36.2279161104631 0.779331113840202 30.0013287365329 39.0076951514244 1.63367263057913 63.510528017359 1237.98837116815 49.1581432678662 46.4531232934449 2.70502143613019
0 0 0 0 0 0 0 0 0 0 0 0 0 0 0
495.236361927143 1207.89811441466 1202.321024157 5.57713899119442 177.160855394141 31.3841887627721 0.116653721209364 24.0203798604671 15.9596156506224 1.8627832610977 103.817235432097 798.303114707747 116.821126729646 98.7006695180163 18.12043682055
429.679599946329 37.0797873598631 19.1254138687203 17.9543653381391 4.30524740307804 0 0 0.784756036548708 3.52049144805937 0 0 334.984989633616 0 0 0
459.08956712955 43.2020442583091 36.6915206416791 6.51051916575688 4.31641317207317 0 0 2.91824970420666 1.39816346786651 0 0 147.37170397586 0 0 0
577.594752328787 158.257410990046 114.274360692831 43.9830694002401 13.4735026859485 0.749310958994036 0.274232995832354 5.16714623464764 6.52784669481561 0.261519813391548 0.493444663491106 529.946402949595 2.00466041335093 0.766520408992129 1.2381400043588
633.028910887128 290.969327184041 88.9599783528667 202.009333925391 14.9115875313958 0 0.150193204875632 5.79452020321394 8.65227179871025 0 0.314602257712012 1311.8738380916 0 0 0
652.196065355135 925.623777636633 704.976185571343 220.647679230447 80.1468152745808 0.980252404073694 1.07335615989663 16.530428052761 41.6469542138079 3.27527763956404 16.6405449360424 1153.83539387928 0.544052973557038 0 0.544052973557038
617.402648499639 872.132202014871 733.088556676245 139.043520216786 13.9382132836153 0 1.02590071955967 3.68728820146433 8.11459360732638 1.09766977709835 0.0127611915637114 597.120512069406 0 0 0
581.720395518373 693.345350810123 440.822565652466 252.522785157656 24.3674570834925 0 2.53698993885261 9.08300393994578 9.50782690784401 3.23963105634627 0 1261.55723074588 0 0 0
542.806616320281 2081.48020671263 1894.1665179526 187.313546725426 79.9768386824278 0 1.22694804584721 8.30577050846661 66.9109663227472 3.53317174848328 0 1224.77972339391 0 0 0
506.939870623734 3697.44129823446 3561.13502163108 136.306001574571 134.451422968225 0 0 9.25317841357056 121.136682125991 4.06160199297976 0 1251.78605358545 0 0 0
670.952123687569 3325.68959465518 2877.29727804677 448.392295868993 55.9694245786978 0 2.55504682974174 11.5004228756687 32.259191012242 9.65476259262826 0 1732.79834571428 0 0 0
657.273372465086 2214.88823736996 1628.93604751926 585.952271083379 93.0755255567613 0 0.917602064833235 2.85878062264247 32.7024498820121 56.5967087344748 0 1995.35711341659 0 0 0
381.923382595277 273.981187599017 0 273.981187599017 37.9483327059817 0 0 0.0923772670255009 1.45542560491335 36.4005346507526 0 902.064954621577 0 0 0
260.877996401651 17.6860352925469 0 17.6860352925469 0 0 0 0 0 0 0 123.523646181935 0 0 0
450.006746556217 104.769589043341 84.073136867161 20.6964484987622 91.1741022631632 0 2.44767237307106 8.2285993446081 79.1989378024377 0 1.2989116091231 -401.54250417655 1.17406073393683 1.17406073393683 0
361.192015962329 1628.74914764342 1562.46631494897 66.2827958956046 734.212723219357 0 713.841784857167 14.3584200936847 5.38330544076947 0.626562735713571 0.00272136288952875 234.277749061221 67.7483158685598 67.7483158685598 0
134.114361029066 67.7928686951656 59.9983453757101 7.79452130815888 248.386474056317 0 231.027080737899 5.63440267439609 11.7063236548573 0.0186693477510768 0 -138.88999363855 0.000219257511431571 0.000219257511431571 0
90.4675593879553 85.4542631015131 84.4223684808016 1.03187945519188 276.796706541782 0 250.518984606703 6.44998408751806 19.7575351053057 0.0701707790419416 0 -227.483919063758 0 0 0
101.557972320213 992.503902400283 991.154480462444 1.34938374821753 676.258916522854 0 625.393488141883 10.0827977166822 40.7693287650645 0.0132817727783224 0 -993.48345183323 0 0 0
181.852296485178 158.469694530978 151.896318313863 6.57337347837 157.201320631225 0 139.169360864207 6.85721562599978 11.1398954931176 0.011882208481926 0.0229687773600386 -223.920964966898 6.67156579110727 6.67156579110727 0
93.6741813882744 411.341515246304 406.234507294699 5.10694450437464 738.839090894151 0 721.453127489994 3.07642750118837 14.3096187542396 0 0 -626.633282522021 0 0 0
