527.639788313399 1134.56606680736 1134.56606680736 0 48.8539235176563 0.464230361118428 1.9428392906508 24.5942177574412 18.1873060952514 3.66533001319454 0 1801.92954120595 0 0 0
496.571524574494 0.233951881343 0.233951881343 0 67.4626219402498 0.366175099531988 0 0.164173514175018 0.4609372812575 66.4713360452853 0 2656.03362327523 0 0 0
487.822936656454 1.01325087195578 1.01325087195578 0 49.9807549120819 0.271173486269248 0 0.124867989102264 0.358908745421865 49.2258046912885 0 2014.92952036918 0 0 0
513.994856920362 580.774971813683 580.774971813683 0 11.1161674543492 0.0100249265022424 0.000469889548030338 0.486825901634434 6.23543638425242 4.3834103524121 0 434.715499464938 0 0 0
543.987302497984 655.15945699458 655.15945699458 0 10.3127270682367 0 0 0.610902020633575 6.98924865853097 2.71257638907216 0 406.926412553379 0 0 0
559.789179720932 674.19069035856 674.19069035856 0 10.6122937055787 0 0 0.628647653079358 7.19227407599128 2.79137197650803 0 418.746911267992 0 0 0
552.757035913183 665.721420032881 665.721420032881 0 10.4789807045934 0 0 0.620750500256465 7.10192380228229 2.75630640205461 0 413.486558610666 0 0 0
588.620634255015 763.366625294478 763.366625294478 0 17.4062755786048 0 0 6.53320589388794 6.53125434838849 4.34181533632837 0 1177.76254508449 0 0 0
547.139233072788 2135.73397761971 2135.73397761971 0 48.9942086602678 0 0 5.96039560584918 30.5029277034372 12.5308853509814 0 1178.63407496651 0 0 0
536.203826603828 1804.50596406449 1804.50596406449 0 36.9769253416272 0.597356671279317 1.21193440104924 22.1047573749207 9.38888723182859 3.66731244390856 0.00667721864082438 1489.88061373416 0 0 0
533.528578788824 563.870727207716 563.870727207716 0 18.345130817794 0 0 11.0787352688546 3.07459415557606 4.19180139336329 0 1689.99512513144 0 0 0
554.965280587259 290.662507496684 290.662507496684 0 15.6099017071644 0 0 3.87944158678268 2.9623273099479 8.76813281043382 0 1442.5100768257 0 0 0
580.706606353629 967.320698264869 967.320698264869 0 22.260153935031 0 0.214492034350811 12.0559725138378 2.80963885618114 7.18005053066123 0 1758.04812055828 0 0 0
481.451779881841 1156.66164192542 1156.66164192542 0 22.753798373774 0 0.269751030298801 13.7387191246749 2.37661263362055 6.36871558517968 0 1435.29473121476 0 0 0
682.36897393027 2059.08216798807 2059.08216798807 0 125.543204336617 0.406624821771652 1.71459092180609 28.9722430141894 34.6015629852112 3.4895605251918 56.3586220684468 2960.01001534187 0 0 0
191.909644560564 23.3069483475195 23.3069483475195 0 3.26435081872387 0 0.830795393501603 0.304442600263996 0.831606004912818 0.0238197962031682 1.27368702384228 1683.98925817021 0 0 0
640.146416989439 292.747511538714 292.747511538714 0 38.7964693252048 0.165904431630585 1.95797978967399 30.3229923564496 5.14137005431646 0.933287862943477 0.274934830190678 2262.91873969871 0 0 0
604.917976324626 516.595322146987 516.595322146987 0 108.581494893982 0.839313423620933 15.714503641625 34.7805313722941 16.9093119944978 1.97996252142049 38.357871940524 1113.39985417669 1.36704918962592 1.36704918962592 0
480.653108942813 803.010335514793 803.010335514793 0 614.706521830259 1.44266245293191 1.37079240797952 49.1203625877813 21.4546884791857 1.51764552931015 539.800370373071 32.2988660893701 1.00971333812559 0.452935489388496 0.556777848737096
459.292867121082 1306.99462964201 1305.82554830028 1.16908134172526 746.0394538894 43.3427337721629 1.42173204658218 34.2284050339298 9.6696561867593 4.90261048500197 652.474316364964 170.05581744443 165.700070722645 160.623467908833 5.0766028138124
271.639211854843 411.489926465351 411.489926465351 0 374.613182801442 0 0.867648889653912 24.9140490422033 11.2768376313283 0.0210738244771501 337.533573413779 -84.0768711383931 0 0 0
431.72418942391 369.951552400006 369.951552400006 0 105.365659555144 0.598119576753886 1.13737259056476 18.9509992617575 2.95415939911373 4.31935148767528 77.4056572392789 485.338231720584 0.235816217743524 0 0.235816217743524
471.286617293441 800.755438493723 800.195207211919 0.56023128180384 389.851822922093 47.5442407123174 1.00170498520726 14.6463735352705 5.02392958404384 2.92425320264899 318.711320902605 306.312897612515 118.290017878966 116.998234941769 1.29178293719682
405.099274902059 0.904694026972324 0.904694026972324 0 3.77085182194503 0 0 3.77085182194503 0 0 0 51.6840414510518 0 0 0
517.506771551005 921.047803418741 908.939746254734 12.1080571640053 747.303037136747 72.6211089548281 0.637728505849059 23.0216596625027 6.28767189607384 5.55319960720075 639.181668510293 371.65680261087 133.449190218617 133.111417208508 0.33777301010874
410.598670486834 0.916975634582475 0.916975634582475 0 3.82204274512172 0 0 3.82204274512172 0 0 0 52.3856743765315 0 0 0
422.749502978163 2.43607221251355 2.43607221251355 0 0.432418719858647 0.0757820307303548 0 0.177972024766478 0.178664664361815 0 0 95.1816642321589 0 0 0
463.206642767032 10.7374136622879 10.7374136622879 0 1.76342924664867 0.0599645040400063 0 0.974867411633781 0.564412688392182 0.164184642582697 0 216.901460106348 0 0 0
477.20744568574 116.920052396064 116.920052396064 0 69.7230468508711 7.36881312770341 0.249712334885765 6.39361979671066 2.08494645087208 0.833802805712154 52.792152334987 374.554159587255 10.7586086211029 10.7586086211029 0
417.721792817597 28.5950975970761 28.5950975970761 0 4.61318326943154 0 0 2.70715592514932 1.37311268692059 0.532914657361624 0 459.565007110616 0 0 0
476.930232643097 99.5201058030241 99.5201058030241 0 91.4863544889114 6.90720231685144 1.85688289578415 10.1821033246151 8.19618347540264 0.356381767245219 63.9876007090129 471.329318109221 2.92058832719849 2.92058832719849 0
481.740192116018 183.518629095407 183.518629095407 0 186.882863110633 19.2783496255901 3.84184327531367 18.2146605817467 13.7142540668421 0.050796392142367 131.782959168998 407.677279052215 8.17959230875424 8.17959230875424 0
446.609337986173 697.834452321722 696.564895314567 1.26955700715432 580.147719695761 60.7825759374914 1.65489112599509 39.6789976540713 13.8809941452113 0.414444752572366 463.73581608042 1099.32963960542 83.3144990701723 83.3144990701723 0
529.484898326797 456.955999408889 456.955999408889 0 555.869875461922 70.8150371528772 1.43408190046431 12.3858799318472 1.75119793332398 2.52857313337264 466.955105410037 306.197461759133 69.4294623296199 69.4294623296199 0
472.095544147297 467.345513971234 466.588890922079 0.756623049155005 402.33977435898 46.6749779908938 1.23387609868331 28.6552908220799 5.4097553243166 0.308072509526907 320.057801613479 584.321886416102 56.6226655126451 56.6226655126451 0
516.422066564996 580.346398627202 579.923156461493 0.423242165709205 772.230776897409 111.553644300786 0.604380266295033 10.4137676844724 2.03046569932305 4.26571138181333 643.362807564719 268.021965602324 85.6278154709336 85.6278154709336 0
547.954973886509 890.338794325646 887.272478541539 3.06631578410721 928.9086914858 222.446598600649 0.753913025673104 15.3731142964238 2.28015088969178 1.75872708373579 686.296187589626 -205.778353837731 54.1580474330412 54.1580474330412 0
556.690120358052 1072.74405870517 1068.01322256463 4.73083614054404 1015.07452471919 294.021296576389 0.830314962530135 18.1818516212518 2.35661532706748 0.306274916153174 699.378171315801 -479.378263972001 31.1131847231496 31.1131847231496 0
556.047639389094 361.026481067956 353.026130920471 8.00035014748554 295.914761863567 213.009589581636 1.57381689838591 37.4132161459103 6.01624061367595 0.173735092831506 37.7281635311277 919.741295925604 20.2586989959835 20.2012884366064 0.0574105593770109
534.26295542865 558.892123040996 543.22074081648 15.6713822245161 233.967536173662 48.5776032158305 0.117150180275848 14.9600686096957 2.4058534399681 0.104327415925029 167.802533311966 575.539576473718 22.5813035902285 22.5813035902285 0
514.74550216098 291.800004978874 274.374247056099 17.4257579227752 138.50867123747 40.727693882805 1.10966830414089 35.329704602661 8.74191178508245 0.125086255066574 52.4746064077139 1479.36115748758 5.67212784298187 5.67212784298187 0
298.889442844628 227.074097989884 194.979987276174 32.0941107137095 15.0496565298879 6.98741545453746 0.300850108693755 3.51264887913746 1.14007888704231 0.00871397875446351 3.09994922172245 259.891555788485 1.24284029779812 1.24284029779812 0
521.297097286823 325.865637392075 300.331763183244 25.5338742088313 169.872489360144 91.0679416569273 3.21658757062136 56.3637419734522 8.73550912338367 0.122889297728162 10.3658197380312 1952.09241241789 5.68176212151377 5.68176212151377 0
679.993153867822 571.716446354243 534.946839668612 36.7696066856307 113.310047739152 64.1257022259623 2.35000297443863 35.3500764959399 11.3821328123808 0.102133230429868 0 881.816152120778 0 0 0
627.481744792029 268.594259116728 197.32472159396 71.2695375227684 38.7060087160887 12.843097385205 2.75515630936922 15.3463482591216 3.91506481487431 0.102734882032796 3.74360706548583 535.418398228709 0.254688609323863 0.254688609323863 0
497.022035593323 328.139517062693 261.61840516729 66.5211118954033 22.9663344113491 10.9819021634421 0.375232770995904 5.9464935537686 1.7590689359383 0.0372513592782385 3.866385627926 474.634287884005 1.55012212185331 1.55012212185331 0
456.515318270709 32.2882518621428 27.0431311099356 5.24512075220719 3.23262245667282 0.00943072371288344 0 3.12989961629502 0.093182359158228 0.000109757506684253 0 120.504281319634 0 0 0
501.173962324652 22.888112985948 14.9981351344522 7.88997785149585 1.97866799572789 0 0 1.96263960990271 0.0160283858251801 0 0 139.760869625018 0 0 0
402.686136194061 2823.35325980535 2790.88430991581 32.4689498895516 1644.64718893477 1384.73554774091 213.564637459541 31.3974603677062 12.53539644586 0.99779581977665 1.41635110097481 -1558.01024513358 10.2412082726728 9.01950764120379 1.22170063146902
401.560929433055 45.7001799534724 44.3377147282221 1.36246522525036 5.01843267099193 0 0 4.81827883107154 0.200153839920391 0 0 94.3063135392567 0 0 0
646.593828486461 427.268399420943 385.426645607862 41.841753813081 49.0866852166473 34.1845775770769 0 11.1642000024159 3.66984922485149 0.0680584123030576 0 548.368127320455 0 0 0
562.381847793806 324.076006374758 237.966683128019 86.109323246739 18.6322446137214 4.25695860305871 0 10.3615650903147 3.95338527448845 0.0603356458595623 0 968.230457080517 0 0 0
520.196302678577 442.125068070066 433.280268014971 8.84480005509459 23.2282366431887 3.33097754233304 0 16.5126867816318 3.33160965358295 0.0529626656409602 0 274.790926942111 0 0 0
492.809165065229 418.375816612324 409.967537046581 8.40827956574288 20.9571363831434 2.7247890776474 0 15.4052930100328 2.78246910137569 0.0445851940874723 0 258.341578303661 0 0 0
496.222745759965 1143.89826864515 1133.70959074754 10.1886778976113 539.575927930171 434.778262755274 33.7812356439763 42.0863735376094 20.0863530865053 0.150878633916819 8.69282427288907 -213.41394556994 33.3401104334745 33.3401104334745 0
427.113726997858 360.013555218994 352.566447126235 7.44710809275951 12.4177144004374 0 0 12.0468266808105 0.362882948699674 0.0080047709271987 0 213.036863144356 0 0 0
571.002891614472 3361.73614342013 3346.60192278637 15.1342206337696 275.764200692431 258.77228183859 0 11.8774871339407 5.09254399499358 0.0218877249068492 0 105.127674187411 0 0 0
486.73964585697 1120.51390085893 1118.17255997131 2.34134088761943 155.800622292716 112.356588345815 0.0461893259242713 20.3122421217689 23.0747241819231 0.010878317284198 0 -200.498696947206 0 0 0
520.683639806754 2602.21896510254 2593.58941918044 8.62954592209709 856.560278824345 793.002537766541 0.295699073219609 30.5254721428459 32.1475478547614 0.0241512734502209 0.564870713527671 -1082.90654200922 1.03315133610009 1.03315133610009 0
568.722099038741 821.085150437021 812.633390104083 8.45176033293778 231.051596754244 167.136041206202 1.50407433966297 25.570158268533 30.8736818471759 0.0231218725206895 5.94451922014988 -89.9313156693124 3.08348967674857 3.08348967674857 0
432.582403578056 184.221227286784 184.049536276136 0.171691010648077 63.4545237829272 26.5878916092534 0 8.91903648322852 27.9475956904452 0 0 -34.4677508102735 0 0 0
568.389737119052 448.723057931338 436.200007828906 12.5230501024316 113.705283555747 8.81332438424507 10.8941510550079 74.6493133296039 18.4543710510274 0.160579682184069 0.733544053678427 958.268961679293 0.696991353742642 0.696991353742642 0
546.135957439529 619.297595071917 569.301912310044 49.9956827618727 171.460437859823 3.7182088468937 7.07713835178739 49.0322692178392 111.523583520442 0.109237922860351 0 544.855508946817 2.05084501117024 2.05084501117024 0
648.053010304047 1070.61212445895 935.073643972457 135.538480486498 135.838402391504 11.5721134998475 9.54666311978548 82.8690284339061 31.17576497563 0.208504321373053 0.466328040961939 1233.81583199435 11.1075177330748 11.1075177330748 0
559.815459808781 471.722146193499 309.518023639931 162.204122553569 94.1471325562898 2.67836496857084 4.78353389580428 48.4239160884424 38.0725562152677 0.188761388204668 0 1429.1958264355 0.354850642366639 0.354850642366639 0
582.834234406888 437.456304662655 239.370349078014 198.085955584642 77.2596686167958 2.25102319152712 4.31553881282708 49.3089060565664 21.1783456906628 0.20585486521224 0 1721.92114194365 0 0 0
596.974712478609 2031.41284578661 1933.14087986565 98.2719659209624 201.119306694499 50.9517369188842 16.5933356099811 67.0970573518579 64.0671409446109 2.41003586916458 0 704.118768083542 104.255258743183 104.255258743183 0
416.989807581473 1220.61693059968 1207.45498758837 13.1619430113125 133.65557788285 6.21411493884758 28.8580214895582 52.8531096474839 36.1640379381477 0.352933518785197 9.21336035002748 121.707139322652 106.619915320247 106.619915320247 0
0 0 0 0 0 0 0 0 0 0 0 0 0 0 0
469.322086441469 1870.31838205359 1856.38056488996 13.9378171636257 176.126331436558 73.2352930245032 12.8101984729086 42.3811819254445 46.7379217210217 0.961736292680192 0 -88.9522609441504 69.7264870650045 69.7264870650045 0
371.066984953906 753.708344984238 743.189081035139 10.5192639490993 132.225292649947 6.59987444248124 23.2181796599511 21.8199736088484 23.9124844907316 0.0992276134919788 56.5755528344424 -334.173405341381 77.4686636599302 77.4686636599302 0
421.028873601831 2042.00502561289 2038.67610014114 3.32892547175551 163.026281720764 82.0062150817747 9.74438754651141 32.905748815642 38.3582148637957 0.0117154130406095 0 -293.536252735801 89.0782977272128 89.0782977272128 0
391.011958138244 1896.42191701116 1893.33032460783 3.09159240332381 151.403453873136 76.1596478272774 9.04966926097958 30.5597598766524 35.6234967361513 0.0108801720751798 0 -272.6088213022 82.727532019285 82.727532019285 0
472.217159328005 770.816129896738 703.637423993804 67.1787059029343 99.9971912066451 1.73550941024659 8.03654768057159 50.3749690267112 37.0787334310856 0.238055390620669 2.53337626740952 787.551322715543 13.7113981494405 13.7113981494405 0
322.096571213646 1125.72697084138 1122.40212074312 3.32485009826172 29.951589002608 2.71915602153436 5.21301752608916 11.9887133612441 10.0307020937404 0 0 -410.047834528494 80.3104654492834 80.3104654492834 0
394.641819934475 1107.07988397201 1102.03426994273 5.04561402927551 56.9659768389329 0.596914073339017 2.48907882429233 25.9402895273663 27.8305134759688 0.10918093796648 0 -582.063726158114 94.7171820832824 94.7171820832824 0
327.410404175528 53.8142454651458 44.6384570764374 9.17578838870846 27.7618041959916 0.00293364621454485 0.00562422641829057 24.1522048984085 3.60104142495024 0 0 49.4326500534088 0.0866454484728978 0.0866454484728978 0
359.797395189401 580.859599512433 575.392142591059 5.46745692137421 109.143578193708 1.13949163986818 6.88393344187519 14.6958001378446 33.6365427185042 4.37771871236685 48.4100915432492 -502.973416557149 27.0859877154173 27.0859877154173 0
293.211907901748 2441.27604746352 2371.50755436481 69.768493098712 44.870130853339 0 4.44227044337955 6.77043975905005 33.2187334509701 0.438687199939313 0 -166.683559087487 137.296844013835 137.296844013835 0
285.036458669491 569.258697781541 561.921413271184 7.33728451035712 6.45965433572503 0 0.273604692244032 2.09925083626277 4.05977954356452 0.0270192636537182 0 -268.876261156924 59.8315129070613 59.8315129070613 0
358.901316203168 845.240237005597 830.669673261624 14.5705637439734 32.6148690851526 0 4.9926506332287 6.30685530047483 21.1153168059344 0.200046345514629 0 -400.718860935172 48.2499063699775 48.2499063699775 0
313.093493912352 202.182223884015 197.750023793242 4.43220009077304 23.0713095691939 0 0.250546737689594 1.89908818351192 20.8969324247955 0.024742223196875 0 -549.182750365007 15.1814435258792 15.1814435258792 0
221.191460868533 2.18920900752473 2.17889779034952 0.0103112171752068 15.2452405927404 0 0 1.02712274051085 14.2181178522296 0 0 -446.36605886864 0.0800117624701433 0.0800117624701433 0
351.06198552301 2173.78829693536 2118.02997207366 55.7583248617025 63.2931902215461 7.87643090563014 17.4963735281177 16.9128739512244 19.3286366469554 0.456331385942602 1.22254380367582 -496.101279528392 117.843633010144 117.843633010144 0
252.721110703569 1.75919014308299 1.75280677441084 0.00638336867215708 17.4445825595799 0 0 1.17274464820772 16.2718379113722 0 0 -510.492574044207 0 0 0
25.2969703637072 222.569834632194 215.132384246687 7.43745038550646 6.52125817425934 2.0628540573939 0.604467015154527 2.30881387493653 1.52119060645249 0.0239326203218953 0 -20.4044859362745 17.9589632788893 17.9589632788893 0
73.2164594716217 646.07402432553 623.848086563753 22.2259377617778 19.2940962264028 6.17361395437449 1.80902084970159 6.83220881512638 4.41184911639799 0.0674034908023084 0 -44.2422943353076 51.9490954928006 51.9490954928006 0
151.798503635505 1339.4948463521 1293.41416833951 46.0806780125912 40.0021382801579 12.7996541632903 3.75061372827742 14.1651082577064 9.14701556136318 0.139746569520556 0 -91.7268347304382 107.705221174777 107.705221174777 0
243.97786542187 83.0971280678755 79.8445782995137 3.25254976836178 114.165323447029 0.220007344565396 104.500236793631 2.71951189690226 5.90657584921415 0.0241423743649338 0.794849188351443 -446.863942177616 3.0900191653351 3.0900191653351 0
207.139639037868 3738.51509708183 3712.22243002862 26.2926670532115 2320.41717784452 2123.79672885474 177.994128044708 13.3902447810528 5.13058033776384 0.105495826253141 0 -3316.76535719172 0 0 0
135.04978694373 742.583201110295 739.777802454671 2.80539865562451 205.347784618175 0 187.536525515198 5.73962873061158 12.0716224988419 7.87352267306109e-06 0 -785.595648286376 0 0 0
279.503289751986 0.703344764449207 0.180245728599238 0.52309903584997 0.783686439073908 0 0.501172507259381 0.269280603015612 0.00561386504864755 0.00761946375026693 0 7.72127988815213 0 0 0
282.371899713003 7.35281979361555 4.03059591401131 3.32222387960424 15.8406612379021 0.228591738329473 12.1165686539235 3.24559486289562 0.245554327411575 0.00435165534188519 0 17.8558175450471 0 0 0
289.468307698669 23.8690015396233 15.8147714207253 8.05423011889799 60.4932286551001 2.06302290545915 46.7743751984689 10.6435307792312 0.987368853714084 0.0249309182267388 0 21.2506408107716 0 0 0
322.939709296953 54.9298728008211 47.9571121431331 6.97276065768799 140.970017405112 17.0445277237326 97.2007929035033 23.5660791200552 2.7241712802694 0.434446377551711 0 -62.9676847840099 0 0 0
318.080655562186 47.2457129046836 44.4249474539213 2.82076545076239 61.4960686711999 8.79119268722518 39.2089121732961 12.1748048653734 1.01787370839494 0.30328523691028 0 -9.87197349419574 0 0 0
316.613790035394 11.3291559018095 9.18422652472486 2.14492937708464 14.6973056863727 0.433979712945501 8.45130020160116 5.28816667385879 0.427876727471948 0.0959823704952825 0 19.5345012290961 0 0 0
311.114181578001 13.4022950733088 10.8641741412802 2.53812093202863 19.3381056150853 0.498196393301577 9.57810345609264 8.51285537278475 0.626018148073171 0.122932244833193 0 17.2139647971908 0 0 0
298.313830988489 18.8528227892138 14.7517885510052 4.10103423820855 17.3116185449477 0.239787360437804 9.78076788465378 6.5891535864468 0.657553398798308 0.0443563146110504 0 29.2963819234578 0 0 0
326.874544096408 17.7549474104223 11.6510568589629 6.10389055145936 16.1329026608336 0.287762238245811 12.1009117099682 3.29440007656894 0.436024209234121 0.0138044268164921 0 67.698291289557 0 0 0
369.744764228985 14.2434578892465 11.2953258365621 2.94813205268444 28.7592928412553 0.214442157552814 22.1165600364191 5.23424674091488 1.18246137764295 0.0115825287255267 0 19.5725695982842 0 0 0
397.052401606673 7.80323695669969 5.19345989313195 2.60977706356775 31.911702317475 0.803827117317942 16.2475395002716 12.9667541293676 1.87456519200927 0.0190163785086444 0 -4.72942362930651 0 0 0
406.725220126423 20.1260888665239 14.7719052157043 5.35418365081961 67.1096892108434 2.31445470441784 28.4319184241815 31.7275185446698 4.61824323954614 0.01755429802805 0 -34.5910235216468 0 0 0
429.258261371138 2.77467138770478 1.13327179158304 1.64139959612174 50.449791075144 0 41.3545021797715 6.55671566043506 2.38740717798549 0.151166056952023 0 3.06856488794782 0 0 0
386.430152181034 11.5117976841734 10.1905979996738 1.32119968449954 25.9959992874273 0.0539284752529594 22.2095078825681 2.06041413248112 1.65792668422121 0.0142221129039483 0 29.7885303596169 0 0 0
384.683105201643 83.8733118651624 77.9994746226456 5.87383724251689 133.526420002759 1.78889958731447 122.916370653355 5.51750354325322 3.26658692921696 0.0370592896189553 0 -35.3683656675585 0 0 0
379.408309195932 77.6642761155246 71.3532379834643 6.31103813206036 122.814124324352 1.57471672343627 112.956879982989 5.33993023880239 2.90535719247746 0.0372401866470846 0 -24.2230217286811 0 0 0
341.581894552678 30.0053154245695 21.22660225236 8.77871317220949 37.7529154556382 0.265851584116784 33.7011783660069 3.05118449504567 0.687905293771759 0.0467957166970668 0 69.5367788778222 0 0 0
380.625901096926 104.349507673035 97.1508162300071 7.19869144302753 164.616800944599 2.31427818869372 151.959046716935 6.56640229439114 3.73096501117686 0.0461087334028036 0 -54.642273373943 0 0 0
371.726371520064 132.833239016754 126.711485420374 6.12175359637931 157.490609275085 17.7088448184095 130.643590385979 6.22422703659539 2.40233314751313 0.511613886588611 0 -41.3677910963695 0 0 0
338.152657058225 156.535463178336 151.787652918979 4.74781025935661 92.2714528768392 22.1689896538457 62.7280163547432 5.42430116874686 1.43142996815539 0.518715731348075 0 -46.7004876849114 0 0 0
354.201012438015 532.29886015861 524.751126786908 7.54773337170121 286.300521812592 117.845030243668 154.787117455415 6.48535631997472 2.20189403341248 4.98112376012104 0 -297.856206514562 0 0 0
369.845224713716 1262.84921675374 1251.72008472521 11.1291320285213 991.626165003308 457.675020510821 485.004320068185 7.88449268818728 6.35770233107643 34.7046294050388 0 -1071.21759570537 0 0 0
388.743334138887 2604.46241302428 2465.7923787563 138.670034267981 2313.9075506014 1264.1878583229 1018.2844843663 8.57302625389237 6.2924294019311 16.5697522563846 0 -1640.20373315079 0.00565797222673102 0 0.00565797222673102
401.573443967172 2945.96337108469 2883.22044626638 62.7429248183051 1578.11055319434 956.758154199189 564.761034816951 11.2250962481768 5.39687209706638 39.9693958329561 0 -1370.4742679702 0.000948962249247679 0 0.000948962249247679
384.480604587771 2370.84822449191 2318.23983403933 52.6083904525755 1669.46606919537 656.957025202465 931.856994373425 10.49396504039 5.27663392588216 64.8814506532094 0 -1042.39383502676 0.00206592378596608 0 0.00206592378596608
416.853096754241 3412.27142944998 3291.38034039831 120.891089051671 2942.55256702053 1544.4434455408 1347.26219656835 17.7969534355408 8.20061163831926 24.849359837527 0 -1790.51958159307 0.0016135623507145 0 0.0016135623507145
490.994209799391 3005.08550063068 2494.91126177982 510.174238850861 1954.18979877428 1228.08768741249 701.769268964152 11.0780315170475 4.7061704775079 8.54864040308903 0 455.488865181683 0.000390261406658148 0 0.000390261406658148
601.863756087314 3249.11434013708 2388.8960063616 860.218333775485 1769.29634372905 1520.32753430625 239.825457949454 3.09129545641556 3.15517094863623 2.89688506829381 0 1884.51576198251 0 0 0
742.587657140499 5177.85396353866 4806.67427652241 371.17968701625 3320.36805056496 3170.85341476372 141.588796315401 3.96107699504703 1.44536279106623 2.51939969972933 0 -2920.38784510499 0.206739124141767 0 0.206739124141767
681.874903551186 4121.65996251302 4023.59506372083 98.0648987921852 3210.36956722313 2666.16944018219 505.304686072637 5.46774601917061 12.9619788534353 20.4657160956941 0 -2620.39768390331 0.0581812876818688 0 0.0581812876818688
720.653738683228 2474.14663696813 2426.44626359863 47.7003733694958 1458.23783860119 1180.69212469681 261.736603796828 8.77961851452277 4.68766519513979 2.34182639788867 0 75.2160486146571 0 0 0
677.802047635867 2442.10916106161 2349.07785279826 93.0313082633487 2240.0352401377 1868.47700138553 347.266243989512 8.73213494397235 6.15161775631303 9.40824206236979 0 -704.787713486034 0 0 0
683.378844420169 3363.72196411128 3164.80900171158 198.912962399705 1764.05159715184 1311.46659945387 424.198370191154 20.2697395831566 5.88401336004376 2.23287456361503 0 1914.1259780112 0 0 0
601.379627765249 2688.39413956455 2539.87114842074 148.522991143809 2718.86298293598 2231.7933475225 470.46687959847 8.19256321452201 5.88282527505903 2.52736732543197 0 -2174.78536238201 0 0 0
684.748630798552 952.567876535139 795.486885888789 157.08099064635 670.267578341886 386.613724860972 275.494176482762 6.24418244174644 1.72348278773359 0.192011768671798 0 26.9640030430503 0 0 0
519.106633301704 678.471858899209 656.127358375159 22.3445005240498 611.067490758104 139.293411305316 451.845126337299 11.8463967678929 6.35174971614675 1.73080663144872 0 -381.19884459207 0 0 0
600.617630078291 800.791096603605 777.481613451165 23.3094831524404 525.321279196423 207.721688574613 292.605507246107 6.33779586220298 3.43497300935049 15.2213145041485 0 -354.326917245769 0 0 0
538.626822719867 198.590422522937 185.371792798397 13.2186297245405 202.458548608032 12.2477085773213 179.20964274403 5.97073048635077 2.5467477337744 2.4837190665554 0 -46.5478004769247 0 0 0
501.641323723428 287.404058244003 265.471295646907 21.9327625970964 120.784379485005 10.8173853037191 102.541269060971 4.3239961772873 2.16921820399788 0.932510739029843 0 95.4836483861721 0 0 0
474.158509447691 305.812588064976 282.072559441398 23.7400286235779 295.214200548912 20.2408672249582 264.414429896538 4.54150955941563 3.64087043624217 2.37652343175767 0 -50.6287955854543 0 0 0
403.691291035689 18.4043320305498 13.4055611700324 4.99877086051738 65.4578636742405 2.10037660425533 29.535031896083 29.3986182399678 4.39340966071879 0.0304272732156366 0 -31.7617467135362 0 0 0
422.987001398733 9.59076118725659 6.29879230044089 3.2919688868157 61.4862563441692 0.986891620209412 39.0584484213822 17.899648990324 3.42918194365456 0.11208536859897 0 -17.4213211720078 0 0 0
423.498933697569 64.5774214111897 56.6741137958582 7.90330761533155 166.022701174527 2.28668865299107 156.201714422527 5.87820261703568 1.61955358172095 0.0365419002517267 0 -46.0753947083904 0 0 0
437.707615308643 119.122391815766 108.949800840776 10.1725909749896 243.381773302214 49.6654578776956 186.302602671331 5.00523395207321 2.20703735938499 0.201441441729382 0 -101.381714363309 0 0 0
424.712232570564 320.673683479574 315.258254573643 5.41542890593065 466.202787434434 238.380461390868 215.168889898559 6.51247845001439 5.99452804263835 0.146429652355114 0 -407.785741082125 0 0 0
455.186544669509 175.795565615806 169.090394940161 6.70517067564496 366.66009124608 146.558431160059 212.509342853515 3.91114435863311 3.1843838572835 0.496789016589887 0 -234.886645002629 0 0 0
459.699382018163 197.273104931259 189.202074095831 8.07103083542871 357.232106204108 125.979263822748 221.715536757379 5.1412829297513 3.87721766388754 0.518805030341752 0 -208.050334777778 0 0 0
477.963811737677 103.357851757583 96.9977226119285 6.36012914565489 167.480940992218 26.9999227090668 136.180245280262 2.68685005827122 1.35353581972672 0.260387124891297 0 -43.5072111448851 0 0 0
479.154829110986 651.489783218653 640.725996665568 10.7637865530851 710.200733793461 365.281356134212 335.788082773921 6.42174835439478 2.30460828276024 0.404938248172056 0 -602.684538317261 0 0 0
497.476257903083 3655.50231223949 3580.82737989084 74.6749323486443 2845.67022737063 2588.36313699614 251.929925770372 3.2901112186436 1.9115994387772 0.175453946689433 0 -3890.60083140978 0 0 0
553.950893859674 2356.86514335595 2246.4944493811 110.370693974849 2688.81302155762 2302.93268537264 372.137328017183 6.08063279747146 5.17493963468104 2.48743573564658 0 -2774.963627261 0 0 0
494.975671472014 5094.30728313487 5073.97468832829 20.3325948065867 2626.89105614691 2258.48522929909 352.701219026931 4.15877963151471 6.03491491701365 5.51091327235775 0 -2995.78462666602 0 0 0
528.187436478723 4973.70282381263 4956.10869171793 17.5941320946971 3179.77778039765 2710.06340025793 454.390301180885 6.43509152597491 6.1313947217866 2.75759271108012 0 -3467.9696077617 0 0 0
638.509444925328 2715.85694631801 2630.91712212284 84.9398241951738 3596.28287129282 3143.74536042061 432.935615089055 13.3147904649644 5.22195773182144 1.065147586373 0 -3812.00008548498 0 0 0
700.468044214218 1939.94461919855 1384.77094054488 555.173678653671 2427.48502984885 2216.78788332104 189.270233033913 13.4561066055718 3.59549887869489 4.37530800962165 0 -905.467260074147 0 0 0
808.472923793636 1807.94217362512 661.107063364917 1146.8351102602 986.043974249228 865.55782338342 106.656744707166 6.21412407113454 2.25935790767004 5.35592417983739 0 2470.54756723488 0 0 0
872.552607852327 2057.90563795539 634.290574298224 1423.61506365717 911.621365156669 835.23258668453 66.0108159891338 2.67269956994865 1.77129479394229 5.93396811911517 0 4518.90442397249 0 0 0
884.113643531129 1490.52448858271 216.215826402226 1274.30866218048 218.883425635951 165.750866255042 49.550474927376 2.37850205497415 0.6391535962086 0.564428802349821 0 5394.98358409288 0 0 0
741.034939086866 1488.69308030881 994.158779585056 494.534300723757 1077.14142520501 809.634395799161 258.647402549407 6.30781032649799 2.16683906162388 0.384977468321164 0 752.716008879489 0 0 0
737.104789283351 3505.16153416159 3136.73027281686 368.431261344734 2613.10738246311 2429.80546681716 177.316684067092 3.22437624454176 1.7272660189751 1.03358931533982 0 -1615.99882605346 0 0 0
646.508872793802 3322.19837580826 3220.90505581725 101.293319991015 3205.57126533718 2940.54811311396 253.08902669047 6.62306383756265 4.98175475726682 0.329306937916445 0 -3192.4218801741 0 0 0
691.465075152672 4117.33308486027 3944.87034181337 172.462743046903 3724.50597416587 3613.35323217622 106.689434930785 1.98137772750284 1.40223793511274 1.07969139625098 0 -3311.92709544683 0 0 0
618.45921355395 5113.98035184464 5056.59960274881 57.3807490958235 6967.25057361226 6698.28572861989 256.846229134228 5.68759686944967 3.63877672200214 2.79224226668389 0 -5944.19805973587 0.0436063362701727 0 0.0436063362701727
655.480868085297 4290.86117895106 4243.4211436333 47.4400353177647 7128.54490731687 6908.32558915936 214.652595304973 1.51747183908975 2.82784765477964 1.22140335866812 0 -7017.2170410721 0 0 0
682.667224754275 5459.96812105749 5443.0919693339 16.8761517235847 6837.6394462855 6658.70302966305 171.180795967863 3.62162930543699 3.01485319347924 1.11913815566933 0 -7255.43198139807 0.0530889899788569 0 0.0530889899788569
725.096954582006 4367.15733616295 4336.30941247085 30.8479236920992 4987.9367230706 4726.37397136287 248.008758865761 8.90768482872119 4.22318712068511 0.423120892557497 0 -5170.82634652741 0 0 0
829.932209200654 2021.48860255106 1840.33580821028 181.152794340781 2812.48798621345 2526.69766833192 262.482865734452 20.209902011006 2.81437004309341 0.283180092980814 0 -542.897535686356 0.0338628706887212 0 0.0338628706887212
945.546002970851 723.991918818251 454.429773834392 269.562144983859 520.275876723869 355.113168730713 144.87846128105 16.3488059572145 3.25945232120545 0.675988433685819 0 2486.08139674517 0.000681850305801705 0 0.000681850305801705
925.319829592774 1254.65785185223 1192.71691954295 61.940932309284 1564.84420736477 1342.1199082332 178.565206492222 37.5311287851073 6.28146586317695 0.34649799106407 0 -809.589765949239 0 0 0
913.00670139709 1393.00073794347 1326.20356438347 66.797173560001 1699.83394038589 1533.70436138589 118.644007433976 41.0077616810039 6.26048148199383 0.217328403028161 0 -1021.01020630179 0 0 0
845.300725641006 935.977851314173 860.460904975189 75.5169463389839 617.907732034453 445.162493040279 93.402155815334 67.0297167172417 6.43607571408658 5.87729074751192 0 -178.348926340778 0 0 0
755.253562944034 639.476500447745 509.092134623757 130.384365823988 305.168078596055 106.099387671285 133.701474906336 54.1950617302269 5.91061828162589 5.26153600658132 0 436.516950279035 0 0 0
821.413339781295 1106.14739375818 735.345079872508 370.802313885676 354.515480306776 158.405202917734 130.355392937538 50.0373229481654 5.49615168069654 10.2214098226419 0 1573.76764009008 0 0 0
732.286070528023 1637.20713643389 1440.27025792347 196.936878510425 978.062825464091 507.481514083547 358.887458989188 48.1368000949987 6.76957110117273 56.7874811951846 0 151.16440334744 0 0 0
690.731736492983 2474.32673647614 2282.81165842157 191.515078054572 1489.88768030977 1033.56859151302 303.780854467003 31.9891460745727 5.05700760351729 115.492080651659 0 -1190.90385931011 0 0 0
643.850779156397 1251.09948324748 1172.63951119366 78.4599720538121 898.778699629414 540.040455252897 282.567408328975 38.9058005040968 7.99746497158192 29.2675705718637 0 -551.934604318629 0 0 0
691.019113175554 1641.02436687082 1451.48886039355 189.535506477268 1277.63434661543 1022.00472459631 223.153769151083 19.8567246997679 5.08937381728263 7.52975435097985 0 -418.181304798851 0 0 0
660.173672731745 1056.29556111037 987.80618791706 68.4893731933059 1194.47173982884 728.715085292913 406.399149500116 37.5681572976865 8.96115328102166 12.8281944570982 0 -570.798268774321 0 0 0
717.846498082076 339.407495737892 313.570857880658 25.8366378572344 291.53762325762 99.011800526261 139.366858088901 48.0733742726342 4.96973683698957 0.11585353283432 0 -28.4045730242846 0 0 0
620.703025237882 373.691623655773 350.686363199961 23.0052604558121 422.566218603689 136.64181921636 201.139482638851 76.9694921794984 7.72058570904144 0.0948388599381797 0 -154.417229728913 0 0 0
622.167370396034 271.761823216658 261.079286874902 10.6825363417565 273.95221882241 41.8081467009613 187.663796496985 36.1519114197243 4.23369902329873 4.09466518144027 0 -77.1796482084937 0 0 0
621.630726385744 374.250142197033 351.21049813801 23.0396440590232 423.197784989072 136.846043728532 201.440105193176 77.0845305848901 7.73212487661952 0.0949806058547439 0 -154.648021323998 0 0 0
561.522415051826 288.467140765096 271.723975029878 16.7431657352177 339.336865771988 93.1791663745301 169.935648821361 68.9311396324767 7.21705550406976 0.0738554395500151 0 -129.896396606305 0 0 0
559.268110191779 242.993681909182 232.327850686677 10.6658312225054 281.081834923305 51.5144468590157 162.271513598442 60.1948784011618 6.61948881042913 0.481507254256319 0 -106.991835839625 0 0 0
396.046671930287 136.13448401766 129.868582181176 6.2659018364839 180.927226756685 24.2607455064154 103.672818754839 47.5603104806421 5.39724390792871 0.036108106859027 0 -78.1772039575186 0 0 0
505.938474525158 173.717773560542 165.703197152971 8.01457640757127 231.118278864626 31.0611790873117 132.212758543874 60.8916702540692 6.90687951298682 0.045791466384443 0 -100.009608244916 0 0 0
508.309336987716 115.829128725181 110.969888694794 4.85924003038651 146.589047044675 17.0649826935411 92.0350568677114 33.5221493748657 3.92209903517324 0.0447590733836876 0 -54.7882382803564 0 0 0
487.83492153 188.814684749356 182.214535459645 6.60014928971132 224.098944860718 22.2447665922005 152.845818551318 43.6174079586972 5.30918993759604 0.0817618209062611 0 -80.6948324431558 0 0 0
463.923688438188 214.030215565892 206.114545319547 7.91567024634477 209.421039273625 14.7624798124618 158.776017627312 31.8437614252696 3.92728243003765 0.111497978543996 0 -46.6912247597256 0 0 0
491.56867507176 366.954131989126 340.45152588572 26.5026061034055 194.711206363587 19.972094018425 126.921497607116 43.0218853671089 4.63185621567448 0.163873155263089 0 108.446958684905 0 0 0
656.570126867989 912.19708819253 749.472228576784 162.724859615746 27.5199320492421 2.49401582287106 13.747071353642 8.5041288059403 1.61100568375453 1.16371038303417 0 1873.7656898887 0 0 0
627.971377329078 1680.37972133446 1658.45589515039 21.9238261840745 76.3805188117363 0.0258546473137332 38.853475410007 32.4591935775816 2.19212947756848 2.84986569926553 0 1694.24796488795 0 0 0
593.623738492672 1592.31949241126 1572.35914610844 19.9603463028146 72.3752833845317 0 36.8290392343009 30.771080206858 2.07445646720297 2.7007074761699 0 1599.83565701507 0 0 0
706.129768045005 652.289734657432 527.014159082234 125.275575575197 36.2936491306326 2.63561143419235 16.5835051789081 13.4254007847125 2.58596119274217 1.06317054007744 0 2360.71367844789 0.0130696283004139 0 0.0130696283004139
667.011229753039 863.079690708137 855.242897283996 7.83679342414095 43.1933302075371 0.0218556038420975 27.6148409671947 14.0968228699299 1.27345194530617 0.186358821264317 0 815.312585146406 0 0 0
719.952664422503 805.240097645667 783.382182072544 21.8579155731234 46.9990955527275 0.279161738840921 28.3423340761415 16.2728022354333 1.8861545541148 0.218642948196924 0 995.33567513355 0.265267631803033 0 0.265267631803033
833.219879016483 1622.30064367278 709.280992694812 913.019650977965 16.7690752765456 0 11.7193620319004 0.864271698010248 1.01925260462096 3.16618894201404 0 3751.50352397473 0 0 0
653.372938971159 1272.13400225455 556.185730110531 715.948272144014 13.1495422435168 0 9.18978796171795 0.677722355910545 0.799251298014255 2.48278062787407 0 2941.75756573799 0 0 0
859.399546015755 1673.27313208027 731.566514998459 941.70661708181 17.2959575769822 0 12.0875829579316 0.891427009375973 1.05127739717465 3.26567021249999 0 3869.37530725502 0 0 0
595.882403310577 325.939436775174 267.211136971064 58.7282998041101 50.0088923409483 2.34127498142877 25.5243802167263 19.1327905723901 2.34073694633607 0.669709624067096 0 528.057205533255 1.83434809070597 0 1.83434809070597
814.241842284884 562.988062078419 298.854765190778 264.133296887641 64.3456734175446 5.75256039323496 32.4251340573637 21.1739786872196 4.40157761998188 0.592422659744507 0 2648.77264964857 0.854312129773948 0 0.854312129773948
673.582623988299 1311.48278141525 573.389286833069 738.093494582183 13.556274893448 0 9.47404019960994 0.698685200444011 0.823973192691808 2.55957630070221 0 3032.74999939153 0 0 0
870.482031309113 1438.56394256607 497.404064140716 941.159878425355 11.4481544446196 0 7.92944567640327 0.584775473303967 0.689637212066216 2.24429608284613 0 7072.93759075087 0 0 0
939.411710767638 1346.72262011869 362.924824809481 983.797795309211 8.30893120317664 0 5.69203780458437 0.419772609218468 0.495046090574848 1.70207469879895 0 15782.7761848696 0 0 0
710.059656610627 432.368070923686 245.390956702726 186.97711422096 216.398405015631 57.9635257676379 122.856735805846 30.3727336618545 3.75200989689475 1.45339988339853 0 1878.37323635385 0.00300859182049975 0 0.00300859182049975
958.017801095816 1591.30197149897 1016.37486041917 574.927111079806 391.508927618333 307.269826129029 60.2006913618191 17.4186191014573 6.0768729131014 0.542918112925987 0 2946.41892746702 0 0 0
924.630946402902 685.598562825573 295.01862052763 390.579942297943 90.0062680388554 66.15729111688 17.1599384948203 4.02097004111317 1.84598235329348 0.822086032748496 0 2274.23722079741 0 0 0
694.268879886735 341.974807905631 82.1002390865448 259.874568819086 9.07439905786954 2.84484865577703 4.56303359960785 0.419473958460483 0.569183876546089 0.677858967478092 0 1591.88326643103 0 0 0
645.215561794054 317.016253979138 75.6569435161764 241.359310462962 8.16360646372571 2.42802164503101 4.20228201382874 0.377854898232665 0.525203593924225 0.63024431270907 0 1478.87586274529 0 0 0
895.980281789286 947.16300161386 708.399387617396 238.763613996464 215.355700034744 190.422913956126 14.9322334875899 4.94063282973544 2.0240083981603 3.03591136313298 0 1405.10545543365 0 0 0
721.544378281242 470.045195522151 360.235860346907 109.809335175245 25.2368458557583 9.04596677988794 9.99588759296981 2.6010881739834 2.25894013468245 1.33496317423472 0 836.164539098586 0 0 0
796.071821065083 1431.02398180941 1211.60418188298 219.419799926431 727.532172300077 545.607005977877 135.338653444789 37.6373816256476 4.65563406349461 4.29349718826941 0 979.528961611613 0.832630120729907 0 0.832630120729907
655.725057591226 3958.73750013569 3925.56671651872 33.170783616971 2645.05044465081 2551.02677911689 46.5097392539281 8.48610635363034 9.09553346912281 29.9322864572342 0 2637.20666474921 0 0 0
638.042006879073 3851.98154325926 3819.70528188461 32.2762613746528 2573.7209131536 2482.23280002314 45.2555030945576 8.25726006010725 8.85025264947652 29.1250973263227 0 2566.08865781732 0 0 0
666.653670376248 3276.23040604975 3239.45287207382 36.7775339759269 2551.77796504897 2473.57785370222 40.1183141548285 7.55824898179086 7.27082227901142 23.2527259311166 0 2530.03659928854 0 0 0
621.548596476257 2241.62703589267 2204.02094790528 37.6060879873904 2229.94359716333 2175.92251774175 29.6202618028187 5.88549885260755 4.63240580960295 13.8829129565456 0 2194.72090978775 0 0 0
603.681522464071 1147.3831539464 1112.45796864055 34.9251853058507 1957.88001203394 1935.80870012899 16.1306437611871 2.75917439132593 1.2259938135759 1.95549993886253 0 1458.154342448 0 0 0
545.479806651759 1044.19956096519 1012.94420640466 31.2553545605297 1769.59223958538 1749.77972903057 14.5162883363995 2.43403888485798 1.10142164338906 1.76076169016234 0 1297.22215573287 0 0 0
190.030759082955 470.441572618787 463.893907561027 6.54766505775997 623.27733548031 618.252352768531 4.20828645979661 0 0.292305386994296 0.524390864988091 0 160.043850002243 0 0 0
554.324007661122 2379.2039283464 2361.34228132459 17.8616470218082 2132.54794473575 2113.97284563741 15.522711866566 0 1.11811579363629 1.93427143813372 0 -738.115536128289 4.17014898479032 4.17014898479032 0
878.061034259842 1538.76442970913 514.379735332477 1024.38469437666 575.952600735327 514.858811870298 33.8345104791417 24.6812653430731 2.1062444623968 0.398343708445871 0.0734248719707672 1893.46310017221 0.67692993636001 0 0.67692993636001
681.218375314783 892.393197696514 660.160501365153 232.232696331362 687.521528062008 438.985115825802 152.869517482624 83.8899208572808 10.0447481826818 1.71884059100621 0.0133851226134485 1586.03057594926 0.247048881304123 0.0717831490451068 0.175265732259016
668.17724108957 1350.03625487697 1305.75698986681 44.2792650101586 917.304903919519 758.633347337506 56.7379084268166 85.531758459384 15.894737081256 0.50715261455596 0 -373.992116092745 0.612852725113125 0.611974711608615 0.000878013504510023
723.209538019479 1185.04172008367 1124.83648769694 60.2052323867343 780.594445107609 711.796021702679 22.6669882688611 41.776023004188 3.7854440033148 0.569968128566092 0 -428.440741822903 0.976555011111707 0.976555011111707 0
642.933631236755 588.770600827374 470.734712300638 118.035888526736 345.259385960595 237.09923023872 32.2294056194637 57.9589606503294 6.47036419636115 0.691401612298659 10.8100236434221 644.214724330847 9.87967561287207 8.80292389223989 1.07675172063218
646.087305746088 3209.46909466659 3155.34325320213 54.1258414644625 4400.67353492626 4275.22443241097 93.8632090215395 16.6608911642723 3.26108449051584 11.6639178389588 0 -3953.79234964339 0.323701920060336 0 0.323701920060336
633.361553843925 2967.28810524172 2920.89748455799 46.3906206837388 4183.39021912376 4095.88932539431 60.2465994851448 13.4892020857609 3.29959787745278 10.4654942810922 0 -1683.79050558288 0.0552940900247759 0 0.0552940900247759
652.779729944744 1943.52342706185 1890.86638273905 52.6570443228009 2206.74776747731 2156.52090383789 28.1369361527485 7.43784434201004 3.28778450623467 11.3642986384242 0 2255.6115747906 0.0517052880630762 0 0.0517052880630762
716.526510992432 2536.01058597103 1210.32460904982 1325.68597692121 1136.7070367772 1125.90575820327 6.99001965777583 3.41533521262531 0.056560529074443 0.339363174446658 0 3453.30370437529 3.78622780731027 3.78622780731027 0
858.259021784738 929.195002582875 8.15313640989358 921.041866172981 1.10858569285327 0 0.676203413908936 0.0772798151800248 0.270841352617242 0.0842611111470642 0 3689.66361168995 0 0 0
719.862430759798 1285.76552762399 1248.7162528683 37.0492747556862 979.093337629505 958.055211432574 7.15171962046974 11.0383041111996 2.34475982045761 0.503342644804666 0 -903.350706206282 0 0 0
611.503047188341 2628.07052296069 2609.25916844973 18.8113545109517 1609.52359316256 1595.25626517589 3.57320360048106 2.60381079614844 6.26955739440498 1.82075619563922 0 -2306.42282645049 7.91462453991792 7.91462453991792 0
878.795246366443 1352.02916604456 236.943344628591 1115.08582141597 311.032222915015 265.58703932859 25.9438111731382 18.3926415168629 0.859098458402124 0.249632438021356 0 2562.41373802232 0.083396394304102 0 0.083396394304102
855.987991309761 1690.45815807078 788.804052775523 901.654105295263 939.854389208544 784.560517791519 92.425226977239 43.9628751122198 3.24713042313368 15.6586389044318 0 2133.30082095972 0.114849070720073 0 0.114849070720073
702.922242198263 625.346632951805 568.790644990207 56.5559879615978 742.259648329083 369.722538814257 304.023206021885 56.2039893755371 6.86891360987324 5.44100050753036 0 341.734507092182 4.06644727139728 0 4.06644727139728
751.944030316301 2729.47644445515 2585.52141017933 143.955034275821 2725.61773030486 2515.83461822181 168.4655016586 36.5056068954471 3.16891387445636 1.64308965454797 0 -2391.55471189312 2.23629417921633 0 2.23629417921633
578.458845876116 3060.19336080421 3003.19973861301 56.9936221912011 4675.6092428881 4611.8111056849 41.8971699244694 11.0825735801415 2.8368223103179 7.98157138826983 0 -4258.72853852511 0.228340063444351 0 0.228340063444351
515.050024307638 959.033019769335 942.095528671376 16.937491097959 1682.74871171924 1664.43300510918 7.23026160622598 1.93728945591146 0.713070225508494 8.43508532240796 0 -84.6182657319244 0 0 0
567.477836627206 2889.10440683834 2871.37643709046 17.7279697478816 2324.75094778308 2303.97108204608 17.3532967903628 0 1.26418993531425 2.16237901132169 0 -1298.26228871758 6.14704365873902 6.14704365873902 0
393.539828530437 985.225507906357 841.012968288196 144.212539618161 1245.59798785268 1177.78136268518 47.4321912619755 16.5887094341372 2.75959182222911 1.03613264915629 0 -845.999965456384 0 0 0
87.7470321382651 656.743733104011 654.260739238695 2.48299386531569 425.049169389194 421.019063584918 3.36051247194298 0 0.250842836424388 0.41875049590864 0 -452.065215726587 1.82026180054149 1.82026180054149 0
719.984300672809 2835.90320885504 1477.49578394369 1358.40742491135 1387.62761812794 1374.44202854739 8.53302039537579 4.1692479353699 0.0690458928292967 0.41427535697578 0 2407.63561831865 4.62201262415299 4.62201262415299 0
318.635473802376 79.9451146220645 76.9513674953934 2.99374712667113 5.03335669944462 0.33343400587762 1.65590965376653 2.42343433795978 0.586443218472232 0.0341354833684639 0 19.0909483185465 0 0 0
284.136390663085 61.8527430433957 59.8244348590152 2.02830818438048 3.12118769792195 0 1.05825493161046 1.50956998136043 0.52220831180368 0.0311544731473786 0 20.7434105937359 0 0 0
325.238796042152 69.3923341012737 66.7479029765717 2.64443112470202 3.5483433156674 0 1.14528207458742 1.7892494374245 0.575796792352674 0.0380150113028148 0 26.1226832174957 0 0 0
202.975352610995 44.1850559862891 42.7361160318974 1.44893995439171 2.22964813508175 0 0.755973803266392 1.07837471484224 0.373044142559087 0.0222554744140365 0 14.8182394722212 0 0 0
326.690177723943 64.4609057730831 60.6032971984223 3.85760857466081 3.47354040502408 0 0.904479498967795 2.02547169022359 0.496641926185259 0.0469472896474351 0 35.0941068902145 0 0 0
118.499382312084 25.7957519198638 24.9498438458339 0.845908074029948 1.30169463130257 0 0.44134633874917 0.629567757690659 0.21778752887851 0.0129930059842293 0 8.65106133243705 0 0 0
335.844683179933 50.4811205193426 42.8968820522377 7.58423846710495 3.29787702557461 0 0.189136562823948 2.76967865657487 0.26440600609653 0.0746558000792659 0 62.7482180690852 0 0 0
349.147967111851 50.3525701227827 41.6932788317336 8.65929129104911 3.76161177263846 0 0.24940695931969 3.18658438062155 0.245437567979123 0.0801828647180958 0 70.5345320976573 0 0 0
264.303834732764 37.6807048681278 31.2428141071616 6.43789076096617 2.55997016365447 0 0.0527992308677655 2.26883238797323 0.176163272253433 0.0621752725600352 0 52.8402327683578 0 0 0
301.716638467496 46.750038640092 36.6804542386585 10.0695844014335 4.59733639115833 0 0.316563168865309 3.8175326166772 0.376810231616762 0.0864303739990558 0 75.5907057782621 0 0 0
315.139246961429 71.6454920263997 65.1851763642013 6.46031566219847 11.8969002582826 0.869272469058188 2.91827211100458 7.40831873724944 0.673694048981031 0.0273428919893419 0 22.3887260437668 0 0 0
256.674871512654 66.9018892910777 38.5775518621295 28.3243374289483 16.0763743134985 0 2.13071705310717 12.1631593681536 1.59672888113603 0.185769011101699 0 175.21674142822 0 0 0
296.138783592772 77.1880940193296 44.5088730934648 32.6792209258648 18.5481262958257 0 2.45831605006346 14.0332522568438 1.84222688337359 0.21433110554485 0 202.156418218307 0 0 0
303.253471884305 79.0425259924151 45.5781918582196 33.4643341341955 18.9937421499391 0 2.51737671144014 14.370398963238 1.88648609818656 0.219480377074337 0 207.013194775254 0 0 0
359.817042402199 81.488271723977 51.0749211235096 30.4133506004674 26.1752376015607 0 4.24221954189133 19.7328323758303 2.00391135655714 0.196274327281929 0 196.471177921886 0 0 0
320.607959697731 63.9519165312733 37.2124781216809 26.7394384095924 19.9062996045745 0 4.762764509182 13.608155319233 1.41678231373688 0.118597462422685 0 187.465600329952 0 0 0
389.58059194992 58.3663483053348 34.3952885153166 23.9710597900182 24.0167515650446 0 7.85973298769202 14.9729087274108 1.15187754526632 0.0322323046754705 0 196.83360431443 0 0 0
387.496626649257 61.7224529905856 36.3000464468194 25.4224065437662 23.9560238617558 0 7.42410564819161 15.2236256027844 1.25495052688248 0.0533420838972987 0 201.376068821717 0 0 0
0 0 0 0 0 0 0 0 0 0 0 0 0 0 0
134.936088731963 20.2159114612715 11.9132364367393 8.30267502453226 8.31850093972588 0 2.72231638267309 5.18605336704557 0.398967129954955 0.0111640600522627 0 68.1757696508103 0 0 0
376.121706428274 82.3220414089974 54.3390159169196 27.9830254920778 29.1425772427891 0.243300639034798 8.01571043532644 19.2963878223102 1.47969013778282 0.107488208334855 0 260.946483834163 0 0 0
0 0 0 0 0 0 0 0 0 0 0 0 0 0 0
369.323106599685 130.689685432365 79.6850143909928 51.004671041372 24.0445329664887 0 8.56120701887632 14.1081903074342 1.27572824450264 0.0994073956755304 0 304.860176881776 0 0 0
350.236165096649 59.6751530403995 44.5113609925741 15.1637920478254 18.866487350827 0.697001005883585 5.26491138756878 12.0628134851403 0.784390917853897 0.0573705543804021 0 169.610794441713 0.000115413583769827 0 0.000115413583769827
0 0 0 0 0 0 0 0 0 0 0 0 0 0 0
376.260404738756 133.144536741001 81.1818032248572 51.9627335161437 24.4961811055369 0 8.72201917619586 14.37319599112 1.29969129208455 0.101274646136459 0 310.586615060071 0 0 0
409.561495195289 204.938802902165 76.8030600432769 128.135742858888 34.0096329893191 0.111039453126882 7.94592190919289 24.3677817526485 1.55224122576815 0.032648648582617 0 587.965929055566 6.66396205418784e-05 0 6.66396205418784e-05
0 0 0 0 0 0 0 0 0 0 0 0 0 0 0
414.313189974716 229.591693190128 73.7493500711546 155.842343118973 36.1683715826375 0 7.10396089100115 27.2794849198044 1.75241530878494 0.0325104630469755 0 685.278442891122 0 0 0
434.609706644186 129.513811145905 89.2123126758645 40.3014984700402 23.1117761238392 0.358461593620489 11.361701782555 10.620684624017 0.66541857176287 0.105509551883808 0 222.342232151275 0 0 0
0 0 0 0 0 0 0 0 0 0 0 0 0 0 0
472.344697998637 351.65307738214 262.3449908798 89.3080865023397 50.0427668562606 1.46152993751537 24.4049102152004 23.2948841107093 0.850171260770133 0.0312713320653766 0 437.151102665828 0 0 0
472.098626488573 351.46988107627 262.208320290848 89.2615607854222 50.0166967018579 1.46076854254206 24.3921962943391 23.2827484662653 0.849728357680848 0.031255041030597 0 436.923365522985 0 0 0
469.331028165816 349.409448364146 260.671168376539 88.738279987607 49.7234822798387 1.45220503411089 24.2492011705136 23.1462572926229 0.844746968950683 0.0310718136406396 0 434.361976216287 0 0 0
529.825783855031 285.77782528534 129.919868786987 155.857956498353 34.0155721951677 0.358211929432577 13.500835521432 19.1310177692958 0.815504180496014 0.21000279451131 0 768.741504610421 0 0 0
0 0 0 0 0 0 0 0 0 0 0 0 0 0 0
547.785720887537 277.37513979978 76.0529880020937 201.322151797686 18.7670102809993 0 7.75176563802211 9.84619387714367 0.969677767009181 0.199372998824318 0 987.298629436319 0 0 0
596.839535542851 338.084644597465 101.677339635143 236.407304962322 20.563129313848 0 8.71455294816857 10.3867866146881 1.15577550131775 0.306014249673563 0 1357.63979343638 0 0 0
604.109237184458 530.531450306977 201.692417849329 328.839032457648 21.4202395460687 0 10.2310210405949 8.7223157683596 1.69100840374604 0.775894333368122 0 2854.3626091372 0 0 0
577.349477183659 278.975378068815 120.323653242552 158.651724826264 28.6959027680971 0.992712774705228 13.0570658675666 13.1228441682454 0.948741589077841 0.574538368502093 0 1137.22894196317 0.00612826872827224 0 0.00612826872827224
585.195067092263 570.029324755979 224.805887029736 345.223437726243 20.9303254769082 0 10.330870132742 7.91564290168498 1.79333089474546 0.890481547735679 0 3205.98341877585 0 0 0
649.347036291842 657.987998747038 263.363004329007 394.624994418031 23.5992147627994 0.514373537732453 11.5833176306435 8.84603852871895 1.70008175156151 0.95540331414299 0 3610.06538389497 0 0 0
590.197814434023 574.902422376775 226.727719794558 348.174702582217 21.1092557790074 0 10.4191872358773 7.98331257921917 1.80866181920312 0.898094144707757 0 3233.3909037803 0 0 0
746.068882027068 696.881221521066 251.521422734192 445.359798786874 20.096922066723 1.16613873719898 9.92340324645201 7.42218604674707 0.958494327372748 0.62669970895217 0 6092.85670835918 0.0016098728589588 0 0.0016098728589588
652.852996304848 896.047167181522 633.833161750924 262.214005430597 20.9067737938163 0.185564068213659 11.7762220808366 6.21536784022446 1.75469832218595 0.974921482355595 0 2591.52255346013 0 0 0
662.243585198879 1130.69454214728 981.663871365867 149.030670781417 19.5606521184795 0 12.4778419277366 4.20849476653499 1.83154052612323 1.04277489808476 0 1732.89297307875 0 0 0
599.414370855765 635.80406243127 516.871516526978 118.932545904292 9.68794592479763 0 5.95570473538269 2.14773652117381 0.92099826253732 0.663506405703815 0 1447.6982434807 0 0 0
496.509229203012 182.722627591615 105.357309603146 77.36531798847 0.685790677593943 0 0 0.315662260148125 0.0710587410443845 0.299069676401433 0 1026.34082657095 0 0 0
555.347165352916 188.407688040456 94.7145418415161 93.6931461989406 0.689173060821743 0 0 0.272478593203116 0.0917322711549192 0.324962196463707 0 1216.41584649114 0 0 0
384.443398852656 130.426688887868 65.5668789867416 64.8598099011265 0.477085416888062 0 0 0.188625427517988 0.0635023788855744 0.2249576104845 0 842.073340099077 0 0 0
536.603497721158 204.4685212511 174.390921019562 30.0776002315374 14.3116240336033 0 10.5816263297397 2.61931666432463 0.766016341656215 0.344664697882789 0 471.607634748312 0 0 0
273.228121120258 251.643707017149 249.61612991803 2.02757709911883 18.9155919540718 5.9939872397239 4.734409441528 7.56949411033588 0.595321980707136 0.022379181776923 0 -135.384797770743 0 0 0
650.020176959713 787.359225446509 659.899046821788 127.46017862472 11.9922481655265 0 3.90389462704568 4.57221062120449 3.25519853919757 0.26094437807875 0 1956.36424680143 0 0 0
653.875066369584 792.02859241006 663.812522029705 128.216070380356 12.0633671739703 0 3.9270463423131 4.5993257276706 3.27450321745305 0.262491886533527 0 1967.96629868252 0 0 0
651.191479675994 788.778006020009 661.088150750267 127.689855269742 12.0138575760471 0 3.91092924311271 4.58044950810347 3.26106423848836 0.261414586342548 0 1959.88951392011 0 0 0
650.013000820847 787.350533102271 659.891761621474 127.458771480797 11.9921157726544 0 3.90385152855281 4.5721601445893 3.25516260222579 0.260941497286492 0 1956.34264879262 0 0 0
647.52257493867 784.333919367612 657.363486770814 126.970432596797 11.9461698062436 0 3.88889451557829 4.55464260886745 3.24269094214355 0.259941739654328 0 1948.84721968458 0 0 0
649.564044796369 786.806719725052 659.435982457812 127.37073726724 11.9838329650558 0 3.90115518607935 4.56900220953384 3.25291430125476 0.26076126818785 0 1954.99142686781 0 0 0
649.710951654275 787.003397108829 659.62438583583 127.379011272999 12.1404818327901 0 4.05069857885449 4.57446603227472 3.25436177778802 0.260955443872834 0 1955.16791533876 0.00718316644951458 0.00718316644951458 0
535.908253769958 686.8883591453 623.184878676272 63.7034804690282 320.133309109538 0 302.828698056796 12.6987133546629 4.11827900323726 0.487618694842418 0 1077.51978265612 14.4768840309361 14.4768840309361 0
887.316528793135 1213.46540408056 957.069191196166 256.39621288439 84.2954802935972 0 74.8519421897846 6.04611964020819 2.93150318194681 0.465915281657527 0 5480.39251460529 3.39087433586359 3.39087433586359 0
1155.60242200854 1648.64487773915 1245.49742149642 403.147456242725 12.2281914321434 0 5.68693937614767 3.74496137396004 2.24441973138742 0.551870950648233 0 9104.80179887203 0 0 0
639.549009683186 774.67566507623 649.268740948498 125.406924127732 11.799065182884 0 3.84100683506832 4.49855693484959 3.20276058476103 0.256740828205095 0 1924.84919848725 0 0 0
1151.10049152655 1642.22218037567 1240.64528316556 401.576897210113 12.1805535363589 0 5.66478451973764 3.73037196549032 2.23567604808366 0.549721003047287 0 9069.33182756519 0 0 0
1000.87909303156 1427.90821353133 1078.73807276538 349.170140765956 10.590961836812 0 4.92551643759199 3.24354940074682 1.94391491602169 0.477981082451547 0 7885.76208662522 0 0 0
497.474894127597 379.131427953602 313.893229927816 65.2381980257858 145.855269333032 0 138.540805264603 5.29963880543365 1.79115313716947 0.223672125825335 0 1483.69095418266 5.61264240706645 5.61264240706645 0
1154.15019819886 1646.57305675682 1243.93222833315 402.640828423662 12.2128244941647 0 5.67979270648955 3.74025515149979 2.24159921136189 0.551177424813451 0 9093.35996584809 0 0 0
1151.78140902637 1643.1936140858 1241.37916964254 401.814444443258 12.1877587735397 0 5.66813544430122 3.73257861518844 2.23699853118246 0.550046182867597 0 9074.69666477839 0 0 0
875.829534042022 689.515301030155 294.839784514059 394.675516516096 163.943263716875 0 157.203914746143 3.98584949719195 2.63246496146884 0.121034512071684 0 5563.09745247909 0 0 0
906.566088019523 778.585035955879 379.734371754256 398.850664201623 155.770302102694 0 148.932679689984 4.01264593152082 2.66713927027523 0.157837210914691 0 5847.74699683069 0 0 0
0 0 0 0 0 0 0 0 0 0 0 0 0 0 0
860.464728662593 671.957889116489 283.337002530725 388.620886585764 162.575611348142 0 155.937115831223 3.92711628891346 2.59536666934987 0.116012558655486 0 5452.46042447698 0 0 0
799.982983556731 1101.27094485703 761.262610834061 340.008334022969 142.518165796925 0 135.557079231255 3.49659082219659 3.16707530471711 0.297420438756003 0 4788.973673973 0 0 0
871.169232901788 845.423812843244 459.258894933626 386.164917909617 161.591066170483 0 154.621232724836 3.91720596538279 2.87047072797982 0.182156752285139 0 5424.34201683889 0 0 0
665.531427962031 2272.64554753028 2049.46744525379 223.178102276481 93.8195972875485 0 86.0440388354796 2.41354864798963 4.58535704752555 0.776652756553819 0 3198.55755161425 0 0 0
469.602977492283 3591.83657880639 3522.15506545417 69.6815133522251 29.9882395307698 0 21.5062329506516 0.995353579240975 6.15950089308482 1.32715210779244 0 1101.48449644247 0 0 0
674.069341960249 2209.71480056945 1979.67204777619 230.042752793255 96.8752490370247 0 89.1223531390348 2.48114204496427 4.52052635676421 0.751222756568799 4.73969265394892e-06 3292.2353439839 0.0172552074115945 0.0172552074115945 0
463.002391035194 3606.14253403449 3541.39648291475 64.746051119736 28.5986103032244 0 19.8309582941962 1.0235288612186 6.39808564482331 1.34603750298635 0 1034.12167776455 0 0 0
336.813589452718 2182.24120460007 2164.75138388319 17.4898207168725 38.3361961874212 0 18.8501346476829 3.82534297817346 14.3097867347179 1.35093182684688 0 370.821086726648 0 0 0
340.587803015607 2195.77941037211 2178.8263739684 16.9530364037142 39.1996474710212 0 19.1708446072312 3.94444922948993 14.7090839414432 1.37526969285694 0 365.536357283255 0 0 0
338.492085820614 2179.46206274268 2162.80173035266 16.6603323900232 39.0699865121815 0 19.0810286675035 3.93977889298755 14.6800064358054 1.369172515885 0 360.860186313093 0 0 0
340.352695621164 1986.47805835999 1965.83201179543 20.6460465645666 62.9021296930291 0 39.6892946651291 6.63831282917455 15.2247516440863 1.3495418445278 0.000228710111360402 309.073502104311 0.832636353617696 0.832636353617696 0
276.560073250148 684.945522423975 677.640962180301 7.30456024367365 104.0710516612 0 66.2740001771424 15.5150219431467 20.9967307935515 1.28529874735924 0 -172.306004018646 0 0 0
276.629999172758 684.748831684148 677.444553660776 7.30427802337286 104.121719372466 0 66.3078655395213 15.5230953561183 21.005078503966 1.2856799728602 0 -172.507254787725 0 0 0
274.680426582262 3078.30121120635 3068.14370643836 10.1575047679938 69.2075003878556 0 38.9603181725341 9.75947544043533 18.3423135796267 2.14539319525941 0 92.6113231985668 0 0 0
273.421529333562 5384.85747531834 5371.93593946268 12.921535855669 35.8174344744466 0 12.7725099293682 4.24373820037607 15.8250021518796 2.97618419282272 0 347.538556559288 0 0 0
273.428530309698 5084.72666418038 5072.42528537899 12.301378801392 35.205464114204 0 12.4118698107324 4.39303469214425 15.4141118370376 2.98644777428972 0 333.16595732118 0 0 0
299.433119107976 3058.26793523136 3026.607245978 31.6606892533694 56.6913920748459 0 27.2697323555737 8.54270258283717 17.9855716546922 2.8933262811103 5.9200632509271e-05 414.637665273291 0.298398227416586 0.298398227416586 0
436.475419241719 5163.42672081178 5018.53349630189 144.893224509894 48.1695100361279 0 0 11.4723578961017 36.0580098499842 0.639142290041929 0 1960.68703292739 0 0 0
418.351275928641 761.917958006359 413.798621982319 348.11933602404 16.2352214774196 0 0.00672991041632042 6.30246493384285 9.47689577046179 0.449130862698662 0 5739.21207774995 0 0 0
273.692317564103 1552.79891084819 1529.16598241918 23.6329284290126 518.493623480083 0.0665543698595477 486.772992042036 21.3019107527823 9.5144941167957 0.834897126940248 0.0027750716690231 259.083465757725 16.4982370096577 16.4982370096577 0
516.720345885926 1145.44773893452 808.445469665989 337.002269268528 61.5790472283887 0 27.2304303908852 8.24220237800614 20.8260770826763 5.28033737682107 0 4266.47481492741 0 0 0
22.279559756855 53.9569744941385 0 53.9569744941384 0.00196532125873264 0 0 0.00196532125873264 0 0 0 5536.38697780113 0 0 0
229.472822002343 145.388210771654 72.8943974711217 72.4938133005326 64.7861946671654 0 24.2121819254393 15.8557459300848 24.5057888734323 0.212477938208951 0 2073.74219234857 0 0 0
208.126680333443 131.86383208036 66.11357644966 65.7502556307005 58.7596191560136 0 21.9599035903242 14.3808043839081 22.2261984782129 0.19271270356832 0 1880.83745427813 0 0 0
226.183225986168 143.304005440583 71.8494235285431 71.4545819120403 63.8574554551727 0 23.865089417883 15.6284466874558 24.1544873783453 0.209431971488543 0 2044.0141661928 0 0 0
227.75334748988 155.043822949072 83.5510265102592 71.4927964388132 65.1146876939721 0 24.5009953565567 15.8820782374334 24.5215715237214 0.210042576260514 0 2053.14261036628 0 0 0
229.698811676301 145.531392147396 72.9661854108619 72.5652067365345 64.8499974778081 0 24.2360265927573 15.8713610030239 24.5299226910639 0.212687190962982 0 2075.78445738821 0 0 0
222.049084492325 640.500535861984 591.64747293503 48.8530629269547 100.551787541494 0 45.3025270590276 22.0942099527251 32.9886703412288 0.16638018851234 0 1771.24956735335 0 0 0
206.493903799355 538.987217478645 513.560956783543 25.4262606951016 78.9629449102891 0 36.0679141924147 16.8014327516715 25.9889922077539 0.104605758449124 0 1032.19153712294 0 0 0
211.974188379264 657.339642990528 625.812445516482 31.5271974740465 93.491324261162 0 43.1737578466646 19.9657808625421 30.2303168386924 0.121468713262854 0 1292.70822780861 0 0 0
185.085590619395 74.9155474229545 73.3925694654598 1.52297795749476 22.3574919451284 0 8.3757019711686 4.41804652964782 9.53983740598434 0.023906038327679 0 10.6123177726673 0 0 0
197.207905496367 33.6800367246939 31.1032700645988 2.57676666009506 15.5748195114481 0 4.3226007315591 6.8063980488058 4.39572708718897 0.0500936438942082 0 125.047165608141 0 0 0
194.943499960783 32.0446494583007 29.4716526044401 2.57299685386055 15.172810852073 0 4.14844041057183 6.78504590445455 4.1891397876325 0.05018474941412 0 126.689268114397 0 0 0
190.568329804347 118.815606385892 116.970561011904 1.84504537398731 30.2169155411123 0 18.7483337950517 5.16345950664142 6.21023055973959 0.0948916796795762 0 15.90195684311 0.23118918718078 0.23118918718078 0
192.789844481165 31.6906333720388 29.1460619274608 2.54457144457801 15.0051878882945 0 4.10261014988658 6.71008751243569 4.1428598969958 0.049630328976451 0 125.289657270546 0 0 0
98.0933089657737 16.1244960752493 14.8297938902342 1.29470218501505 7.63478250411558 0 2.08744711673991 3.41415643192264 2.10792657140001 0.0252523840530181 0 63.7485708540852 0 0 0
196.123023291206 32.2385385167145 29.6499735119854 2.58856500472911 15.2646153205047 0 4.17354092559348 6.82609944019135 4.21448655792703 0.0504883967928595 0 127.455813023488 0 0 0
197.091803140429 27.4516304490638 25.2550925021046 2.19653794695918 12.8932767234645 0 3.52982947634395 5.77180782671286 3.548636805959 0.0430026144487103 0 104.393749387463 0 0 0
148.44606763152 232.061480395697 231.300467593922 0.761012801775285 326.13292290867 0 306.067672717319 11.051340410823 9.00471395348337 0.00919582704454077 0 -267.098669315599 0 0 0
204.077286573516 59.1900536658192 57.4918854919551 1.69816817386408 10.2910712608503 0 0.329785326473317 9.88941486517939 0.0708647440015157 0.00100632519606752 0 224.986807989932 0 0 0
204.028557380654 72.8209157543644 71.6129758960844 1.2079398582799 4.22342603825255 0 1.2310445306945 2.40564266966583 0.578320293365617 0.00841854452660596 0 63.4070095767308 0 0 0
163.212388216187 94.4057884317807 86.8846512814308 7.52113715034989 52.569600136564 0 41.4989721198594 8.9637105392439 2.05365782803242 0.053259649428324 0 148.778642619646 0 0 0
201.999299500842 80.82698139013 79.1394092605939 1.68757212953606 6.50573701680237 0 1.53519727045745 3.48640934513281 1.4755551044239 0.00857529678820193 0 87.6563368528709 0 0 0
195.394677361025 125.550875317687 121.193804823994 4.35707049369287 21.0225143706411 0 3.63106156457567 11.2685930492314 6.10969266116236 0.0131670956716922 0 243.431697018941 0 0 0
191.537618377782 124.163994364744 119.633381411776 4.53061295296836 20.5389312779771 0 3.10350694869397 10.956075689329 6.47083251906918 0.00851612088493421 0 254.627024353071 0 0 0
193.097658455357 123.612170191922 119.518114016035 4.09405617588714 21.0154556990015 0 4.0429712767475 11.3149836412126 5.64029802747594 0.0172027535655133 0 227.402270582216 0 0 0
192.016944524792 122.761041550193 118.738151276871 4.02289027332196 20.9293541715299 0 4.11351353688422 11.2791405983224 5.51871532987038 0.0179847064529105 0 223.143582226802 0 0 0
186.795688731686 123.482762188226 121.100760873967 2.38200131425871 21.9896532421285 0 7.90413470341484 11.9671766928532 2.04616849040774 0.072173355452711 0 108.905330789624 0 0 0
198.432156204428 328.560035160225 321.430322940032 7.12971222019263 18.5763665332809 0 4.13786263633097 12.0849396255636 1.81577499206773 0.537789279318575 0 165.342626431618 0 0 0
211.943737138489 489.817507744367 479.000782109642 10.8167256347251 17.07766871442 0 1.94066726927353 12.5033989961867 1.72965526175374 0.903947187205989 0 211.269561757099 0 0 0
221.528668703074 362.928432001086 353.269280430836 9.65915157025025 14.6099026834136 0 1.20565472009391 10.7521302059893 1.99059907467053 0.661518682659849 0 197.747729980777 0 0 0
218.352492513346 1043.28791043729 1030.90790106318 12.3800093741116 22.5873404001667 0 0.669817391501344 15.2727433235674 2.82667724706259 3.8181024380354 0 218.475424279094 0 0 0
241.664363638305 21.7834375243964 15.8394959742083 5.94394155018812 9.15109077071904 0 0 6.47863029700953 2.65814372117177 0.0143167525377295 0 153.681153823276 0 0 0
238.818798965022 140.746428494732 134.17671670276 6.56971179197197 10.9225592042353 0 0.144763385315135 7.48262089426716 2.69148039466059 0.603694529992424 0 158.580576527717 0 0 0
240.411165884375 21.6704752548774 15.7573571744307 5.91311808044669 9.10363600234846 0 0 6.44503409434844 2.6443593977786 0.0142425102214287 0 152.884210186684 0 0 0
227.365070938906 850.574154307926 841.904998116757 8.66915619116907 27.4351636577704 0 3.11983384696318 14.1596936972502 2.97277881519775 7.18285729835931 0 148.441156496483 0 0 0
241.499579257746 97.9186358048576 92.4146665310185 5.5039692738391 11.7844444914818 0 0.393427770811542 7.62556492221453 3.26410988767438 0.5013419107813 0 253.569127354445 0 0 0
243.206950831419 776.851454628729 771.506028879516 5.34542574921365 34.7918938195919 0 11.2722669105203 14.9952302195228 6.07943010408433 2.44496658546444 0 738.887982079518 0 0 0
248.830456969153 138.713902248956 136.392793924048 2.32110832490832 17.4335096770151 0 1.06793522792625 10.2245855775401 6.12836175255314 0.0126271189956452 0 745.751505272392 0 0 0
240.148715976762 133.87414836176 131.634023938652 2.24012442310793 16.8252512771081 0 1.03067476890353 9.86784788224364 5.91454206949909 0.01218655646188 0 719.73209634504 0 0 0
249.684228459417 446.666469947804 432.899625284159 13.7668446636448 23.5146512762508 0 4.69320884575634 12.0239687469692 6.01394903611297 0.783524647412335 0 785.622762027087 0 0 0
250.96888246034 139.905996449016 137.564940737963 2.34105571105327 17.5833316158094 0 1.07711296260612 10.3124547021728 6.18102831576449 0.0127356352659983 0 752.160423410428 0 0 0
248.902579565621 426.983820164808 406.821336327828 20.16248383698 21.1898130120771 0 5.23392618908861 12.0945972919559 3.35012505561844 0.511164475414113 0 402.100753281858 0 0 0
240.683301830734 34.8903521674592 29.4828144241133 5.4075377433459 6.70062274273483 0 0.0747650473943503 4.12355110917748 2.48568296237683 0.0166236237861695 0 133.252519027998 0 0 0
146.677828520414 955.405193454554 943.840714039407 11.5644794151477 337.920781206902 0.0244180887290978 319.672092937418 10.7569336047997 6.28907989836816 1.17825667758672 0 -431.925123031702 0 0 0
218.611333307201 48.016935844395 46.1183658612898 1.89856998310518 5.71993813146056 0 0 5.04061854994049 0.667188874707212 0.0121307068128584 0 79.9631263850011 0 0 0
262.778834120997 83.2372228915422 80.4403893691744 2.79683352236782 8.08621830852995 0 0.782808576265585 6.39579971770402 0.82408940219747 0.083520612362872 0 94.3034020144174 0 0 0
243.224200711103 145.063018614548 141.099327638339 3.96369097620875 10.0760218146259 0 2.67634285557631 6.35292321843837 0.785501848113539 0.261253892497707 0 72.4596547431702 0 0 0
258.727578177184 220.115424572483 205.179846883491 14.935577688992 23.1149915328012 0 6.1561408954732 14.8322311084421 1.89024733333294 0.236372195552963 0 399.485682042717 0 0 0
214.444836543303 85.1578674788342 82.1345830878816 3.02328439095262 6.57595663087743 0 1.93926064544125 3.85423755790591 0.611663634513078 0.170794793017196 0 57.7423224883856 0 0 0
195.539805345449 37.3434156223819 33.381490990625 3.96192463175688 26.3350825014235 0 21.6445605298079 4.22870453609158 0.417457444589135 0.0443599909349124 0 56.3818326263248 0 0 0
194.546207001148 50.7399671837372 45.5713944965769 5.16857268716034 38.4099232520546 0 32.4675653523936 5.49548029227016 0.391675079419044 0.0552025279718116 0 59.1355869827274 0 0 0
195.315532129804 39.1259534938765 35.0037507105995 4.12220278327695 27.9451544370811 0 23.0886214143067 4.39693720621761 0.413799686196082 0.0457961303608082 0 56.7256340022147 0 0 0
220.935084788737 52.3099332667942 25.2888050673266 27.0211281994677 5.6161754086794 0 1.37681091350233 3.24898468756852 0.89708832084169 0.0932914867668547 0 289.896759559768 0 0 0
374.467563450663 747.164760159757 657.885634690926 89.2791254688308 21.404406912011 0 5.30625600366169 12.007143232052 3.86479096730848 0.226216708988833 0 969.438612460736 0 0 0
299.473557704782 307.438038571237 229.308568104362 78.129470466875 26.8649863400306 0 7.09402530922429 16.1300145308152 2.73639028522008 0.904556214771052 0 1042.76529181202 0 0 0
301.754016314585 282.336013081147 97.6078471687447 184.728165912403 6.2264010885131 0 0.832047186760487 3.2214072360735 1.75574090586872 0.417205759810389 0 1604.02319401997 0 0 0
388.32366792035 302.073373780551 95.8023585505174 206.271015230034 11.9325360217946 0 3.66076879783334 5.58861467362263 1.58984101874122 1.09331153159739 0 1729.36329747636 0 0 0
245.119340122112 436.991026752846 349.645188892448 87.3458378603978 129.273814033352 0 105.396286073339 21.5472415352281 1.83315865416453 0.497127770620889 0 712.969674053991 0 0 0
220.817857510849 73.7495332572004 59.943590358492 13.8059428987084 63.1481261305208 0 5.09082279785143 47.0299151784494 10.8013141373908 0.22607401682911 0 195.382418087326 0 0 0
311.871618728779 1177.60316596111 1165.2984017232 12.3047642379096 24.7883597838423 0 3.19360801848974 16.2883319807143 5.12494934685239 0.181470437785901 0 415.267560799625 0 0 0
294.010488987978 787.583719280007 772.392421811558 15.1912974684497 23.6234786758594 0 2.78644148604725 15.707318352521 4.95324458977795 0.176474247513205 0 631.819266761937 0 0 0
276.47652720658 684.791614677926 669.884810842318 14.906803835608 22.2587287727422 0 2.58145609090622 14.8314632969727 4.67892564329274 0.166883741570547 0 635.729825532888 0 0 0
282.887898323606 700.671636117313 685.419149946483 15.2524861708298 22.7748990682721 0 2.64131894142858 15.175398517681 4.78742790578574 0.17075370337677 0 650.472125296398 0 0 0
289.837958163309 717.885910138419 702.258697115647 15.6272130227725 23.3344384204525 0 2.70621151833785 15.5482314610986 4.90504661843003 0.174948822586012 0 666.453085322114 0 0 0
622.552644276096 1322.40556300785 1020.49534565216 301.910217355694 893.791610040616 889.167652907846 1.81690597654542 1.08563146421714 1.02729307450435 0.694126617503578 0 -222.661328930859 0.984148867737718 0.984148867737718 0
645.925940101657 1245.45869710573 1196.42562304927 49.0330740564545 1020.71489405642 852.458444042359 14.9202846050805 40.3346804542272 6.60031795659736 1.52747213112479 104.873694867029 -315.006913075551 122.493912450407 86.5815102336185 35.9124022167885
524.062504768945 206.634572575994 194.332419278012 12.3021532979825 113.006162057068 106.868037124936 0 0.0672349499731028 0.113418130332171 5.95747185182651 0 13.4191172093063 15.1324746649937 14.8390777067548 0.293396958238892
341.01607384138 395.19238973801 378.637506485224 16.5548832527861 115.622740043137 109.072259937168 0 0.446319314035515 0.260364210910305 0.95222404739421 4.89157253362858 121.488602517168 22.3913091135031 22.3913091135031 0
625.466513059415 1814.53287365119 1790.21253578911 24.3203378620744 1654.25701992885 1461.69376992443 2.2374353960966 22.1264328314527 5.31656125567159 2.88547504382129 159.997345477379 -417.145068412159 254.966991101938 154.025676511318 100.94131459062
640.903779251943 2010.37982301395 1900.78138754081 109.598435473133 1559.60223373815 1440.69717989357 4.26590665177963 20.7291941980291 5.0602403830357 0.734523366916747 88.1151892448197 2815.99105297849 226.528725445165 88.8687677863737 137.659957658792
571.962325133703 1158.39067402643 1150.3553764867 8.03529753973438 827.905254290403 796.41282779293 0 0.541746432679874 0.614477312312669 29.1632344083751 1.17296834410605 -1011.91068736342 80.2807707273232 77.3386001229637 2.94217060435957
564.766486440734 833.282013019775 802.753334012658 30.5286790071172 442.555135139615 410.632143992965 0.356848176674133 4.95864739829404 0.980271521974274 0.893370451700768 24.7338535980064 2118.24498503162 56.2237954067663 48.0747747301458 8.14902067662048
323.306059385279 374.756426103434 357.747046321096 17.0093797823385 120.190795722499 111.949225956901 0 0.896500254615217 0.257424823943001 0.835640799512038 6.25200388752788 276.43305512173 21.5318782020236 21.2044590180768 0.327419183946812
607.95443162461 712.85590915448 651.206094828583 61.6498143258975 472.100047275277 410.05159605896 0.0176408529548442 12.5351858390003 0.74507753421608 0.0386933900169905 48.7118536001293 4231.63733785171 47.9673005240412 39.7247702227248 8.24253030131642
541.375421973993 629.31258379519 574.069323883473 55.243259911717 416.544433151395 361.382355896118 0 11.139909377964 0.646534535522903 0.0323267267761452 43.3433066150135 3746.39354812848 42.2334132768975 35.0181223430844 7.21529093381311
494.023176754182 532.362435208485 373.748218978762 158.614216229723 188.55322672033 175.269981569257 0.364626553115694 3.79710699837769 0.711095883227556 0.13232942026993 8.27808629608272 2373.19838105475 9.26068725288968 7.23685878315352 2.02382846973616
525.416561904844 523.455395586957 151.819108100998 371.636287485959 32.4509163259216 31.9891672480685 0 0.0122630236352499 0.280964467310025 0.166973918541212 0.00154766836661499 2151.10865389837 0.0180152775101667 0.00961364680554058 0.00840163070462614
648.016728671253 1147.38936633206 1074.48028065541 72.9090856766506 717.651842117015 622.06322986288 6.67160880739439 42.0177528307816 5.14386899844307 0.424096437934094 41.3312851795822 5859.39120232436 88.9492121396089 38.1245523009648 50.8246598386441
525.026632347325 365.873378651258 342.445821437191 23.4275572140672 241.144795614999 235.32980763413 0 3.91363811698973 1.11017673500793 0.297248131888532 0.493924996983033 251.484407460453 5.74942027749747 3.06811237591434 2.68130790158313
609.025122461684 556.96770592584 507.952232432142 49.0154734936978 429.298638409503 339.788280819602 0.38005173493935 7.37331817460483 1.61506888817392 0.310737141558196 79.8311816506249 172.484632698482 24.9995976459878 10.8153809172002 14.1842167287876
615.622174081896 1009.4897115166 956.921761221337 52.5679502952659 961.188964775325 821.776843713421 8.76585735874279 37.6354222087845 3.95219377874793 0.547222526770358 88.5114251888582 975.237902836687 72.3811989454556 55.8487534953795 16.5324454500761
556.345093298698 110.929349076094 90.4721547649725 20.4571943111216 55.4707107409899 50.3399490137863 0.614255889732719 0.663390773939096 0.673745297095788 0.0868562186964972 3.09251354773953 194.808484047086 20.5563562500494 16.7564383038826 3.79991794616674
534.238382938965 106.521503981463 86.8771887176376 19.6443152638251 53.2665483414823 48.3396605493494 0.589848058685685 0.637030538410036 0.646973618296903 0.0834049340661605 2.96963064267413 187.067650553053 19.7395369428512 16.090611045394 3.64892589745723
631.41040823474 370.789092182354 313.712652814669 57.0764393676859 283.253784449062 241.929184165968 0.75869678408273 6.1188740981219 1.4424257288554 0.281721661770382 32.722882010263 125.819437327716 45.2017423432367 40.6346267020032 4.56711564123355
242.900267734211 48.4317538066227 39.500142770387 8.9316110362357 24.2185123095162 21.9784217394191 0.268184121457305 0.289636411901809 0.294157196712021 0.0379214250828907 1.35019141494308 85.0533841349577 8.97490513877156 7.31586096347516 1.6590441752964
626.965610146708 284.938397959011 88.9122902824752 196.026107676535 27.2233851318074 23.0847637671419 0 2.72597094644049 1.21681158565236 0.19580866380828 3.01687643674195e-05 872.189116787063 0.908252634837016 0.908252634837016 0
632.029008816648 470.201320770932 356.754137925894 113.447182845038 270.999197963723 190.400525818069 4.72451129474565 38.0755957125639 3.76042016065404 0.399123918704055 33.6390210589865 1114.66053685 17.5730107852765 16.5344878582175 1.03852292705895
620.942563732811 282.202883203786 88.0583805560504 194.144502647735 26.9617972297151 22.862991165582 0 2.69974705513685 1.20513003745223 0.193928971544037 0 863.816526156172 0.899500223029381 0.899500223029381 0
635.244909874064 346.723638189536 161.891550677896 184.83208751164 92.9559771973966 62.9097225295745 0 5.28376916162101 1.60937963831578 0.215527580522634 22.9375782873627 823.317420248323 13.1367096390585 13.1367096390585 0
593.321784859992 269.649929211736 84.141366005436 185.508563206299 25.762482055025 21.8459991598165 0 2.57965685553094 1.15152342031625 0.185302619361235 0 825.392223089854 0.859488637083347 0.859488637083347 0
631.347054543835 286.931464358679 89.5338835491474 197.397580809532 27.4135681146724 23.2460826065436 0 2.74498391771943 1.22532315213482 0.197178438274569 0 878.290604168756 0.914572215757279 0.914572215757279 0
572.826359909786 757.552113540252 710.71934618427 46.8327673559812 454.527168401178 179.75320039984 1.96286179884862 23.766346635349 6.20785848925534 0.329387334319037 242.507513743566 257.936741446684 95.8550234127528 92.8713023793345 2.98372103341832
573.533715512512 291.226196248107 159.401248125697 131.82494812241 40.8068903343788 37.1327343822685 0 3.04573383321752 0.448872942066297 0.179549176826519 0 642.863164178141 0 0 0
574.801604197538 527.055859618927 479.426144299144 47.6297153197829 245.048594383023 111.794420932782 0.964863729936477 6.90036893117844 3.22442087212855 0.336392353375446 121.828127563622 19.6092927170245 67.7663705602023 67.7663705602023 0
586.004645199132 297.558625045369 162.867272360312 134.691352685057 41.6941962526279 37.9401493729276 0 3.11196033647422 0.458633245161526 0.18345329806461 0 656.841594916811 0 0 0
569.812325298833 348.130431804021 323.389607008938 24.7408247950832 209.348527466936 68.6763590234356 1.90006181390814 43.5145637900829 6.17759240555129 0.66561235372845 88.4143380802299 1800.0040941811 29.8151485522511 29.4450070723415 0.370141479909624
605.314963692852 63.1898864108445 27.7584892771481 35.4313971336964 1.08571271582424 0 0 0.992603897194627 0 0.0931088186296092 0 1363.8349663405 0 0 0
530.092939089139 919.004984092528 915.622602987958 3.38238110456971 669.154099408958 162.424157600744 0.509955201303708 21.0338860409601 4.79706388284143 0.938520269832099 479.450516413276 -152.199204265331 181.283247538307 180.354752265132 0.928495273175561
588.102225858033 61.3930186414336 26.9691488060267 34.4238698354068 1.05483938629773 0 0 0.964378210269596 0 0.090461176028138 0 1325.0529517966 0 0 0
531.461939207309 16.162188552136 12.9480332052434 3.21415534689262 6.71909021100589 2.48932248064155 0 1.83906135000494 0.308652960194417 0.118626364636684 1.9634270555283 232.54275401943 0.531201579323197 0.447870534755111 0.0833310445680865
487.907846531366 13.8719745812419 11.568801397508 2.30317318373392 1.89223891829847 0.503721075576594 0 1.14275173302468 0.191473730367957 0.0542923793292414 0 174.936869176609 0 0 0
380.257897884904 12.4615832325514 11.8570835411907 0.60449969136069 0.697875418130325 0 0 0.573926224472568 0.123949193657756 0 0 81.0848086621888 0 0 0
570.191979852247 595.566825135131 583.119487726205 12.4473374089262 349.514931763374 97.9817207451564 0.344849059784546 31.3438551033525 5.23122028077282 0.932940801127571 213.680345773181 910.177664302263 68.5084582911199 67.6072133236313 0.901244967488636
0 0 0 0 0 0 0 0 0 0 0 0 0 0 0
475.81231175847 1077.03352138463 1074.95732995398 2.07619143065142 670.370304405974 72.9594549857112 0.744927120429544 21.4307610984292 2.88916162659969 0.27950759666387 572.06649197814 308.161385014772 173.210843102106 162.864659172042 10.3461839300645
419.208707482481 12.4639685127362 5.54314965899694 6.92081885373929 3.07429446352569 2.88195769488099 0 0.13775550476909 0 0.0545812638756081 0 393.251535655204 0 0 0
470.347024791125 9.31083491247605 6.88457495610435 2.4262599563717 0.45109571254293 0 0 0.431540973179913 0 0.0195547393630176 0 182.178275865621 0 0 0
518.170237621681 59.7208254398286 59.2233691913735 0.497456248455065 25.4578942727501 3.01794493763521 0.379784782787624 8.78840952067866 2.96660458496757 0.25497571173962 10.0501747349415 337.910116211595 1.76246493199812 1.71210454221083 0.0503603897872978
568.131516619796 47.1226116665493 47.1226116665493 0 16.7624880602263 0.470825621306029 0.392248453737475 7.7192568896881 3.20648975851209 0.131754718956436 4.84191261802617 932.727395190374 0.185628963752875 0 0.185628963752875
588.041005237323 557.195683421033 557.195683421033 0 83.7718387298338 2.61770322337401 0.622382320774256 21.0209485016974 8.489617030178 2.57673645269607 48.444451201114 1293.61608035903 0.520230600159805 0.29009878040147 0.230131819758335
572.68948737974 633.298177802836 633.298177802836 0 14.4796152166463 0.385187003810136 0.763557236839701 9.8156723389579 1.52829133696503 0.862250902298862 1.12465639777469 886.193433006895 0.542001382917051 0.542001382917051 0
543.30660984161 240.447350198909 240.447350198909 0 19.4323266326185 0.127105728398284 0.124437442916944 4.44468602927275 9.18651351312181 5.24327445047215 0.306309468436609 1383.21121555568 0.178852037807866 0.178852037807866 0
522.07151076856 1338.89863487698 1338.89863487698 0 19.7122557495453 0.0747455505916022 0.0731764437547067 5.26678119823017 11.5866954009857 2.53072939810608 0.180127757877075 1390.68047805577 0.105175385947118 0.105175385947118 0
506.544419543728 2668.6573932899 2668.6573932899 0 19.5643815145437 0 0 6.06288985782101 13.4461394220023 0.055352234720378 0 1446.65246088086 0 0 0
600.580711847654 2658.7767115568 2658.7767115568 0 55.2532016691984 0.00195617806118762 0.265678255553571 4.130549328031 17.105888454134 33.7491294534187 0 2060.99277699482 0 0 0
580.187815720367 1674.53142075103 1674.53142075103 0 57.8539535250172 0.145523389687996 0.0743298247760638 1.03944059591148 16.6249223433854 39.9697373712563 0 2268.4614703103 0 0 0
382.836982402953 1.57677136684954 1.57677136684954 0 22.9690919192394 0.124470454227369 0 0.0616669275144234 0.187979070210402 22.5949754672872 0 988.372100345176 0 0 0
284.653888527758 1.99118297346792 1.99118297346792 0 0.0494162631482508 0 0 0.00779448546593259 0.0416217776823182 0 0 113.748190239316 0 0 0
347.056491185613 51.3571814726875 49.1310963172589 2.22608515542862 23.7236376834474 0 2.52058212486188 2.56888278774407 18.6210450265081 0.0131277443334237 0 -456.431354304822 2.21491408636378 2.21491408636378 0
323.704187997194 1152.32244529558 1131.76840437099 20.5540409245845 520.548529962945 0 498.726629509133 16.888893895861 4.0919082312863 0.832451959539731 0.00864636712505405 435.553844545218 39.1336336577348 39.1336336577348 0
155.117910735342 93.3550781707439 84.3130981269686 9.04198004377522 267.990824696335 0.000714258711438586 258.911924450994 5.58531599387485 3.46994198967306 0.0229280030809908 0 -106.510216201718 0 0 0
106.047469549911 93.9903381729916 93.4927673354926 0.497570837499008 217.924347839213 0.000667210569718349 199.68316723602 13.4079227819097 4.73539415868847 0.0971964520255647 0 -189.280054235762 0 0 0
186.652463585023 959.593377035869 959.386241905777 0.207135130092414 467.31951727785 0 452.418852553532 10.5451540383104 4.33734987556621 0.0181608104414498 0 -639.857193571029 0 0 0
236.582121125494 157.013893434211 154.232542014615 2.78135141959584 162.948587640196 0.0140701461100531 155.990842272222 4.0268995132253 2.89922682369572 0.0175488849433305 0 -217.067064755734 6.23204580856186 6.23204580856186 0
108.507430897095 444.24465683225 443.172956202656 1.07170062959364 682.594912839011 0 675.360436137666 4.43212300761248 2.78892789424235 0.0134257994902503 0 -656.307009671041 0 0 0
