210.598241484207 193.196434457928 17.4018157375049 641.085851541275 0 0 0
114.232135746363 0.137953262360337 114.094182484002 515.701185181904 0 0 0
86.0415274346762 0.597478689093426 85.4440487455828 392.025628886739 0 0 0
115.482288261286 104.937272684605 10.5449983934217 101.427320766465 0 0 0
129.340307160031 120.515849990092 8.8244329303881 96.4734589219863 0 0 0
133.097416276983 124.016624100476 9.0807672328393 99.275843731628 0 0 0
131.425429383334 122.458711288261 8.96669346475065 98.0287277904009 0 0 0
187.753620768562 150.457395068893 37.2961997441391 268.609253998889 0 0 0
356.780579790104 336.680168662508 20.1004181507668 367.494431146006 0 0 0
311.911177121965 293.832341914141 18.0788522845355 609.58592358327 0 0 0
184.385554565415 125.765102175257 58.6204272099766 377.215018826681 0 0 0
98.646853243323 56.418381037179 42.2284592410307 404.483735665943 0 0 0
173.628086875507 120.773276447492 52.8548024900789 463.253538711642 0 0 0
176.541481814503 134.579046862048 41.9624291410506 389.250668754488 0 0 0
419.364044089872 333.102524418366 86.2615246823113 1068.45836193304 0 0 0
57.1232404552168 5.69164442692471 51.4315966918787 350.24741476099 0 0 0
105.745994239634 49.8180597470666 55.9279406223683 720.41200567842 0 0 0
109.85073900174 91.8724296532053 17.9783161982029 354.575812145255 0.0533051173835358 0.0533051173835358 0
96.0574747862617 92.1363147617109 3.92116104261568 147.760763814505 0.0485632878392742 0 0.0485632878392742
291.579716502852 277.141268910444 14.4384561345151 400.486552639948 12.0018771806759 11.3593791693801 0.642498339015905
46.1030969781315 45.3309447949403 0.772150490728643 53.7573783453468 0 0 0
30.5562953394229 29.9171587244113 0.639130853264276 506.10536518238 0.032940158979019 0 0.032940158979019
227.081605716656 215.815568434311 11.2660428011471 332.457013002507 8.98509169930964 8.82723862431553 0.157853134922708
0.651419004273737 0 0.651419004273737 10.347304463778 0 0 0
390.802274878691 260.82205225408 129.980256368839 466.211465930991 12.2199644182664 12.1959625493878 0.0240017969261454
0.660262295333213 0 0.660262295333213 10.4877735389107 0 0 0
3.25855766653834 2.38042991636886 0.87812775016948 19.0394818231294 0 0 0
6.25528760014588 1.88357712192947 4.37171047821641 43.9666987766773 0 0 0
23.2362258187552 13.7708861507392 9.46534177599047 102.20097069979 0.62979429149388 0.62979429149388 0
11.9344743528093 0 11.9344743528093 93.8082876168766 0 0 0
40.2238484535716 31.8426744216535 8.38117358308285 254.460025686011 0.514006043933067 0.514006043933067 0
66.9694504777776 63.1898562175615 3.77959343595812 375.83961490756 1.3611914884506 1.3611914884506 0
188.008983717726 184.580670862284 3.4283076257709 858.880053817068 4.40664816205629 4.38754473776365 0.019103424292638
93.8661482880628 70.6659533743469 23.2002394063317 166.919259615746 6.72728402162858 6.72728402162858 0
118.047738430359 112.371233849396 5.67651122019429 439.665780822834 3.73500893611917 3.73500893611917 0
145.589892342219 115.356447589002 30.2335141493241 209.11947810874 9.08232395646574 9.08232395646574 0
232.38600185818 216.546307495623 15.8396827257149 134.05557922298 6.05783428914422 6.05783428914422 0
280.157734173616 272.544665195042 7.61300289116709 92.0677164580937 3.82340780578797 3.82340780578797 0
123.983639654214 98.1562172826028 25.8274193990736 583.11618130697 1.21567047420902 1.21553149488062 0.000138979328405952
263.419061051573 235.381358801783 28.0376852898781 197.849555315397 2.03717712200975 2.03717712200975 0
58.1738384593684 52.0685954203092 6.10524554752535 904.41915772394 0.345291821583729 0.345291821583729 0
25.39276879042 16.984165623694 8.408603166726 69.9146179956876 0.100644481087999 0.100644481087999 0
60.9597096269124 54.0675364286703 6.89217439697225 1150.59316772367 0.588136881145447 0.588136881145447 0
79.2622966761632 66.5848084590149 12.6774982384024 339.862085235325 0.00691440083021049 0.00691440083021049 0
55.1806319079729 37.5004697960615 17.6801581127846 170.899336558405 0.0206245347610928 0.0206245347610928 0
42.3293143450004 25.3340899661728 16.9952225379213 123.625048946727 0.125527983646291 0.125527983646291 0
2.70098240275333 1.6570352927755 1.04394684714769 44.3987105121885 0 0 0
2.09704207747948 0.678597930170654 1.41844395023302 76.1813849993525 0 0 0
372.80275303331 364.021743152436 8.78101106599789 -44.0388112239579 1.37600946106521 1.29030823135224 0.0857012299593977
3.49672089869259 3.02434930303379 0.472371253684552 0.215705302000333 0 0 0
51.5982029285321 36.4508330129024 15.1473645022726 150.705261357774 0 0 0
50.5552967980713 18.8667956036522 31.688498361666 229.280299840029 0 0 0
23.8413485921504 20.6305482189238 3.21079933506928 68.2562813994115 0 0 0
21.3930790891679 18.3377622553178 3.05531624003042 61.616586148932 0 0 0
126.728735045886 124.485466099499 2.24326931931852 309.573442469531 7.11145866716714 7.11145866716714 0
12.0013221652169 9.27898676728666 2.72233701931857 36.7049918368982 0 0 0
252.456392344636 246.883178959036 5.57318970213241 48.812068397584 0 0 0
69.4715773890444 68.6329246727991 0.838652699927746 63.1815331827529 0.329880467745908 0.329880467745908 0
215.626876921384 212.550964895853 3.07591667192167 -52.4641652545148 0.299116465533846 0.299116465533846 0
74.6177016747343 71.6305688235713 2.98712687574341 92.0127438287618 0.365564391677197 0.365564391677197 0
14.6159138312005 14.5418551004626 0.0740540252012916 39.1530170295409 0 0 0
79.5592371773015 75.1651991085153 4.39403390632577 521.940552250187 0.0612490709728423 0.0612490709728423 0
87.4684907762054 69.2907553064496 18.1777354650285 79.7033243569164 0 0 0
175.858355867118 127.630809537581 48.2275416691664 326.608212845647 0.861890134924434 0.861890134924434 0
92.2259993849307 36.3982792451304 55.8276823641983 336.741260697617 0 0 0
97.4023578182279 29.4303226366331 67.9719866617829 410.941458351972 0 0 0
191.835554827532 162.404580493253 29.4309562770396 426.339914273651 6.77920422966727 6.77920422966727 0
194.112626241745 189.918207553584 4.19441554160611 189.889870287442 22.772079519812 22.772079519812 0
0 0 0 0 0 0 0
226.575468789479 221.932660724503 4.64279458342761 291.897886347343 4.1111528981589 4.1111528981589 0
115.50065520465 112.149068658904 3.35158503682136 83.8253434782689 20.9654019015058 20.9654019015058 0
261.532835450904 260.304677611597 1.22815685921108 245.070395680142 5.17235179983085 5.17235179983085 0
242.887061954367 241.746464642021 1.14059640212512 227.598298607969 4.80359313158265 4.80359313158265 0
122.629605766983 100.893419469855 21.7361875907308 449.637869118595 1.12423956811601 1.12423956811601 0
189.383262966588 188.204178351937 1.1790757898287 31.1154264785191 10.4739883935985 10.4739883935985 0
166.545514002991 164.670988342455 1.87454222838602 112.39297405381 25.8786710405617 25.8786710405617 0
11.0720421450007 7.79592444357193 3.27611954896003 34.9831441228302 0.0113001887934067 0.0113001887934067 0
59.9003583521665 58.0358537162108 1.86451155885751 27.9318443182798 4.61793556338528 4.61793556338528 0
355.856793401777 331.638806035521 24.2179652651159 -151.503315144596 64.9114391080363 64.9114391080363 0
87.7120794594262 85.1275374878966 2.58454061028135 73.6664433201299 17.1262416718771 17.1262416718771 0
102.327382389159 97.2396610876578 5.08771883844419 15.3252425843489 16.7669176390329 16.7669176390329 0
30.8807392751472 29.3347422233471 1.54599575996329 76.7720723751627 5.56168153637176 5.56168153637176 0
0.529990799330882 0.52633871192324 0.00365203377298537 68.4465872083128 0.020445958249835 0.020445958249835 0
206.114512296461 188.021385737354 18.0931334143329 31.4951498937095 7.50177995994033 7.50177995994033 0
0.489383552277142 0.487151436859076 0.00223205402269157 78.2025963519051 0 0 0
21.877382514333 19.3701557798101 2.5072296073302 1.31458563953211 0.951246986162891 0.951246986162891 0
63.4067770463054 55.9149510730541 7.49183440294385 6.32331765914986 2.61484635292699 2.61484635292699 0
131.460247401199 115.927565536434 15.5326993419105 13.1100324380333 5.42131873728369 5.42131873728369 0
15.9594029893055 14.620472694713 1.33893120505469 -37.6349410484992 0.502012767575128 0.502012767575128 0
568.966654008727 562.832060341119 6.13460162981917 -323.925443105063 0 0 0
98.4088679287125 97.9049537197094 0.503909110623189 -45.0289043713473 0 0 0
0.175104813005489 0 0.175104813005489 1.73377685700115 0 0 0
2.31836934649573 1.2227645831998 1.09560509695132 3.68857846891202 0 0 0
7.37253037704859 4.77429727538814 2.59823412630259 4.79388785941738 0 0 0
11.1166556537035 10.0362943074607 1.08036153765321 2.35400574009561 0 0 0
6.9144586777706 6.59916470007019 0.315294445495606 -0.563392551614773 0 0 0
1.53618077918844 1.25191719868147 0.284263636978164 2.19881731937547 0 0 0
2.41256805655389 2.07701759412975 0.33555054080709 0.553916497708719 0 0 0
2.88621150004581 2.35859346697862 0.527618020598248 7.65933157159456 0 0 0
3.16631415783107 2.38825527702452 0.778058805798534 18.6270046971857 0 0 0
4.119035665727 3.73212051918334 0.38691531710165 1.57641637460708 0 0 0
5.19000259937715 4.83926324608867 0.350739466114474 -3.29135098392056 0 0 0
9.58836711765309 8.87589060478131 0.712476413419864 -16.7572462323943 0 0 0
3.34986609799318 3.12622521896859 0.223640605318257 1.6462870788269 0 0 0
5.69033828274895 5.50770597257868 0.182632714398526 0.764059539885817 0 0 0
14.7576435200934 13.969445624342 0.788203514425119 2.7333957746549 0 0 0
13.2413122859963 12.4027856109457 0.838531610578712 4.09125540899506 0 0 0
6.38595822489265 5.26340361162779 1.1225560060817 16.5051639815032 0 0 0
17.4748533621763 16.5103592650428 0.96450128578871 3.61981041300295 0 0 0
31.4673818272746 30.6482099721107 0.819175468851307 9.77476418471903 0 0 0
20.8107673113246 20.2238676750173 0.586900073528002 5.69778333291316 0 0 0
55.6207360598897 54.7929892614468 0.827741555633895 -9.03336182554927 0 0 0
147.922113772807 146.710845816814 1.21124991709187 -57.3923451646062 0 0 0
311.101005483774 296.898203493258 14.2027890410174 -109.826564812798 0 0 0
308.588188692579 302.066304520956 6.52187773344301 -203.229560466785 9.80940868330023e-05 0 9.80940868330023e-05
290.940043078919 285.453081868975 5.486953931465 -134.1533771757 0 0 0
370.289147589707 357.497858467497 12.7912952372435 -94.443286591419 0 0 0
338.072126975134 283.740041143956 54.3320985470295 150.241916564514 0 0 0
447.535166707248 297.832298813462 149.702870230956 433.871002739426 0 0 0
659.040406929955 589.875323765306 69.1650492252024 -344.457699883069 0 0 0
566.964784923841 551.96849973471 14.9962924386291 -202.478002876442 0 0 0
413.877036584376 407.582014557795 6.29500764458517 386.631610545663 0 0 0
408.218513853523 396.23206448841 11.9864636206026 223.719564016013 0 0 0
462.998485868431 438.094863035962 24.9036176683338 1224.72055097091 0 0 0
429.901551214878 410.822984136867 19.0785702658829 -89.1058781196718 0 0 0
176.055372475675 155.002886616598 21.0525032638919 95.3152792480141 0 0 0
104.280460942766 101.300645257553 2.97980908899489 18.26615378109 0 0 0
137.925590219758 134.793554565819 3.13201780461433 18.0883866507217 0 0 0
34.9901789705966 33.2606174831967 1.72956013998986 13.6871364602125 0 0 0
64.4857788932623 61.6430844009578 2.84267319901539 39.5013060761261 0 0 0
56.4450944499389 53.3862578028814 3.05883308362124 21.6075995772722 0 0 0
8.92148393330122 8.25592987577975 0.665553935896376 -15.0689629345416 0 0 0
5.67594011063826 5.23519646567532 0.440743376192312 -6.14743025048575 0 0 0
11.6978556083217 10.6000878895793 1.09776177217546 11.3076244056694 0 0 0
19.8970095454796 18.5231237884404 1.37388178670591 11.3731999904773 0 0 0
45.8138584947896 45.0582297377305 0.755623641538117 -19.1254139626617 0 0 0
33.0210099265726 32.0970361048581 0.923973476155991 -11.690532226721 0 0 0
38.2149862703974 37.1041930213534 1.11079423629762 -19.3626125423934 0 0 0
18.0955435387773 17.2181371253186 0.877406151697808 6.65104490625182 0 0 0
126.909533762763 125.40709601839 1.50242186198954 -71.5911028515574 0 0 0
555.850120105794 545.923198994682 9.92691458543393 -373.055120843761 0 0 0
384.554863443513 369.770935309974 14.7839445880946 -222.333391724244 0 0 0
820.450814631071 817.675753245896 2.77512602147788 -38.8874735021056 0 0 0
776.76148510986 774.318488957634 2.44300788421033 -174.6680833903 0 0 0
421.334697317458 409.894679207161 11.4399755373835 -314.553740178801 0 0 0
283.078887775692 211.304493319777 71.7743710404805 135.346517354847 0 0 0
244.309961131381 97.3655145194719 146.944431238661 622.934725847337 0 0 0
293.982534256978 109.594653277791 184.38785641209 1066.91594041793 0 0 0
223.413926045545 57.6645698529475 165.749314870396 1167.2406016641 0 0 0
255.654822149263 191.989846622345 63.664977172262 209.121151778219 0 0 0
556.574300313689 508.400813675312 48.1734896593483 -225.023739088123 0 0 0
595.06761425429 581.701410654125 13.366184660128 -585.622572558675 0 0 0
744.886181205208 697.43155070714 47.4545525149588 -508.723516554635 0 0 0
1032.39780265104 1018.90406839485 13.4937117554216 -426.246455268696 0 0 0
946.023855732906 928.351878487564 17.6719436110584 -699.753510085565 0 0 0
1088.70245570588 1082.26181214602 6.44066136309137 -804.609734932826 0 0 0
797.107324326563 785.493193908567 11.6141929621769 -678.167386093256 0 0 0
451.620674697934 384.909287656581 66.7113837518272 127.564263192371 0 0 0
206.128070915005 105.865001867291 100.263080629719 562.370325705112 0 0 0
255.646553429858 232.384876511653 23.2616616770147 -26.0754200724482 0 0 0
271.063778516508 246.671745878794 24.392005434712 -38.2202699032961 0 0 0
136.582341199731 120.060296851523 16.522031019756 -5.07518671876923 0 0 0
108.159300337842 84.1461563122828 24.0131320207608 82.4078078074241 0 0 0
189.869835660964 121.694463325157 68.1753444328725 316.427467471142 0 0 0
300.266173045467 264.048148297904 36.21799407894 136.711050408232 0 0 0
368.787140569627 333.970812145844 34.8163168898079 4.46108220178438 0 0 0
209.336712254137 195.126018249242 14.2106733865079 -62.2810307443626 0 0 0
254.547286138874 220.26629665699 34.2810105178241 7.26207867571681 0 0 0
195.225783632681 182.845398204723 12.3803886664282 -27.1076820600296 0 0 0
57.904253763349 53.2442923389946 4.65996003390735 -41.2666561152158 0 0 0
70.1709757676039 66.2237125950884 3.9472622110277 -98.4939787167954 0 0 0
45.0284339300201 43.0919668748916 1.93646387260845 -47.2773673046956 0 0 0
70.2758531278217 66.3226903859031 3.95316177899368 -98.6411875645016 0 0 0
53.682278256751 50.7791879826711 2.90308970124079 -86.4316538300949 0 0 0
42.9511255068756 41.0633544166045 1.887770042844 -75.920068907647 0 0 0
24.5459626481904 23.4083469896197 1.13761565454198 -57.1479291063232 0 0 0
31.3392808160704 29.8842166135602 1.4550642025102 -73.2330390947989 0 0 0
20.5483345257696 19.6635651493795 0.884769258743387 -37.5264760985653 0 0 0
32.178380978764 30.9762126022659 1.20216779979762 -45.0448149522917 0 0 0
37.3123890171578 35.8552904083232 1.45709863173837 -18.2019276563657 0 0 0
57.2256154411229 51.5242513181672 5.70136155765731 -31.5671146406196 0 0 0
135.163029378977 83.3162798355001 51.8467201775938 381.976796263297 0 0 0
218.539175050293 174.983919105817 43.5552164552157 394.607202712955 0 0 0
206.972556270361 165.876011682849 41.0965069654588 372.860295782004 0 0 0
126.865750189324 59.1392622081839 67.7264688418149 485.037402178915 0 0 0
96.7989954849415 80.6836146561779 16.115371482949 157.633403064284 0 0 0
98.9108335788401 76.620440254258 22.2903855217972 193.845406477768 0 0 0
318.671886625588 154.810961429004 163.860925196584 738.373666084261 0 0 0
249.887925595118 121.395678861159 128.492246733959 578.998874628194 0 0 0
328.684518445817 159.675102960087 169.00941548573 761.573276638363 0 0 0
52.2531637408533 35.8694399053952 16.38372879477 85.5154162650165 0.156846265449578 0 0.156846265449578
100.763953420889 35.285836965025 65.4781104843679 513.5273069448 0.221493813428534 0 0.221493813428534
257.617288053588 125.150606997744 132.466681055844 596.908071938906 0 0 0
274.82188773543 104.746752034931 170.075135700499 1419.47112887722 0 0 0
253.69910841316 75.1909397985422 178.508168614618 3189.26904348469 0 0 0
76.3751586822801 45.164364978376 31.2107953327751 367.390671714209 0 0 0
230.240452275474 142.878730468428 87.3617509200827 720.965442093743 0 0 0
103.587342103614 45.4455486275386 58.1417994851411 469.291163599613 0 0 0
53.6680483073481 15.3318611955091 38.3361871341037 306.325801819283 0 0 0
49.765028733543 14.1619902558543 35.6030384776886 284.470248735793 0 0 0
166.987925123147 130.929888331214 36.0580495867319 298.244955406302 0 0 0
76.3959634858143 59.5443000098209 16.8516806576187 177.31215161341 0 0 0
170.848657511167 125.634499700684 45.2141486378687 387.343479139325 0.0436173825807164 0 0.0436173825807164
308.986830954036 299.686691584145 9.30012747142436 4373.57451764877 0 0 0
300.654329796891 291.604988889258 9.04932933003443 4255.6315793797 0 0 0
293.704294792209 285.364471356057 8.339817908268 3940.33550961831 0 0 0
251.640907957955 245.076704005067 6.56420593355102 3124.02279454843 0 0 0
229.551887650807 225.063834374879 4.48804304011693 1933.67745387634 0.165132900144293 0.165132900144293 0
208.245716765472 204.195846268417 4.04986018790201 1733.30755023479 0.15696289793569 0.15696289793569 0
84.3834523884349 83.0512378355094 1.33219575524281 403.875328922461 0.16584933354496 0.16584933354496 0
513.76440051454 510.135801153152 3.62849751398162 642.646201977957 1.20884573658076 1.20884573658076 0
225.321465000042 116.26683245172 109.054629901721 484.354706775211 0.0879300862211388 0 0.0879300862211388
169.852954362412 135.908614700662 33.9443347578309 863.04209276774 0.0172874934505844 0.00442045565039445 0.01286703780019
241.418080049809 233.276246081566 8.14181467300935 124.962328931859 0.000794546784173233 0.000794546784173233 0
224.842549127948 213.770750581688 11.0717906863387 54.7673434877526 0.0504409015273323 0.0504409015273323 0
115.276002903559 93.3817306419445 21.8942737152916 309.937788983455 0.717217511251168 0.664873276692531 0.0523442384342572
647.238511668029 639.212074990845 8.02643656527244 559.01140614993 0.00237908144606077 0 0.00237908144606077
538.887165013134 532.690512711324 6.19666925078023 1391.07081902003 0.000406389753975628 0 0.000406389753975628
276.474392806659 269.062402948299 7.41200740804738 2805.3016232581 0.0394935253900844 0.0394935253900844 0
436.811484411515 185.835966149494 250.975518262021 779.825948561981 3.6766199877437 3.6766199877437 0
180.485663022555 2.07519530251457 178.410467720041 757.605919828499 0 0 0
212.25511143945 205.117712099955 7.13737966263287 -32.4702449839862 0 0 0
520.29400155756 516.567690751763 3.7262879232923 -270.866325829823 0.487403632576956 0.487403632576956 0
171.762838167302 54.7566028201728 117.006281783623 525.954583613462 0.000734065620853064 0 0.000734065620853064
300.26720603642 201.975864503352 98.2913433433106 567.842665436146 0.00102439997678593 0 0.00102439997678593
108.056685711704 96.4274004407198 11.6292880901143 291.539604140239 0.233255184068879 0 0.233255184068879
430.556678204905 407.630868347115 22.9257967228879 81.1692434835844 0.150036993583448 0 0.150036993583448
571.638449661642 565.468492416836 6.1699572448067 405.63411878053 0.0016782094101621 0 0.0016782094101621
237.749087940161 235.814147465624 1.9349591629831 1243.1912328029 0.0117866487317066 0.0117866487317066 0
646.471009405061 642.872265170416 3.59861879861676 416.759431566539 1.56404637297692 1.56404637297692 0
181.520423215323 165.834013914777 15.6864260076128 76.4889264988948 0 0 0
155.778047015599 155.275293106442 0.502724707713537 -47.2402589777772 0.393068254222811 0.393068254222811 0
482.715313614427 226.858030017697 255.85728359673 591.62977298679 4.48820960132261 4.48820960132261 0
66.4820371057894 64.2364620882998 2.24557558278527 -2.52473439548929 0 0 0
38.8811047190383 37.3383251222862 1.54277872775183 -2.14680655106385 0 0 0
53.2847677346914 51.2881498121587 1.99661687942234 -1.57974479529676 0 0 0
27.7750622573708 26.6729639590113 1.10209767758148 -1.53359031440105 0 0 0
86.2052985616742 83.3410695383514 2.86422779536645 1.680327359479 0 0 0
16.2154058551434 15.5719879922214 0.64341750050451 -0.895327943213903 0 0 0
187.060983872934 181.530095844724 5.53088622310985 11.5679451164977 0 0 0
208.724559024215 202.420168444284 6.30438847354777 13.4261167059989 0 0 0
159.978791185488 155.290691814159 4.68809788036908 10.3798282518215 0 0 0
175.851272218567 168.444179199157 7.40708972731742 11.0752552659828 0 0 0
114.413371941513 109.698328934516 4.71504718564957 -0.393332443559867 0 0 0
100.408511087752 79.1791255972136 21.2293711412692 3.80140194648988 0 0 0
115.846378574782 91.3529626102967 24.4933994090069 4.38586972595489 0 0 0
118.629569831473 93.5477033517664 25.0818495264854 4.49123956508528 0 0 0
141.82009819996 119.072050396039 22.7480625564394 5.80389336029257 0 0 0
112.718878292271 92.6284225315957 20.0904698002814 6.27585358307701 0 0 0
124.443691542564 106.369336309572 18.0744038152667 9.13251129472777 0 0 0
126.23773932178 107.086048476618 19.1517333286212 8.79343620852788 0 0 0
0 0 0 0 0 0 0
43.102622027637 36.8423440469374 6.26029480777543 3.16315899681536 0 0 0
154.164563715542 133.270865173878 20.893733799216 9.98070799438944 0 0 0
0 0 0 0 0 0 0
95.7479703809643 57.2621248348506 38.4858274099504 23.69904350167 0 0 0
100.313079880816 89.2994396798567 11.0136333195413 6.66187583154373 0 0 0
0 0 0 0 0 0 0
97.546482861971 58.337726184881 39.2087382002602 24.1442020293764 0 0 0
193.101261851721 101.224215670514 91.8770657338851 99.801183974371 0 0 0
0 0 0 0 0 0 0
208.495671474106 96.9265874748616 111.569113179694 120.874643466897 0 0 0
93.797549664714 67.9600346995206 25.837508805406 32.609850061171 0 0 0
0 0 0 0 0 0 0
224.883713081301 160.052570267178 64.8311028755165 58.8637016499131 0 0 0
224.766558225745 159.9691896813 64.7973286266442 58.8330361634276 0 0 0
223.448902306718 159.031397372206 64.4174652507219 58.4881374429639 0 0 0
99.4763764562515 59.1076876820303 40.3686790355939 127.355043563118 0 0 0
0 0 0 0 0 0 0
58.7309148909531 21.7673698980567 36.9635449928964 181.662577683707 0 0 0
73.2962286610999 24.4565002825698 48.8397235884117 254.125308036313 0 0 0
123.047415895395 28.6388999561651 94.4084859416671 552.255746063104 0 0 0
63.8850248916031 25.1727624684389 38.7122579821489 216.815608479175 0 0 0
133.751179078537 28.8995430156689 104.851599511889 622.864214313143 0 0 0
152.304382649452 32.899049737693 119.405296101606 704.315361256916 0 0 0
134.894598415472 29.1466009970667 105.747960554958 628.188989704562 0 0 0
163.190785173781 28.507287839515 134.683473242676 1214.53750753319 0 0 0
149.043711298782 69.1730324452201 79.8706098790468 508.676729347282 0 0 0
149.647983770526 103.583416819302 46.0644674197342 342.463941006292 0 0 0
98.9023140981579 61.4249151173873 37.4773565245614 291.764233360502 0 0 0
54.3079639475892 29.3167420418645 24.9912288110953 211.212428208168 0 0 0
53.8540653139271 23.4905869875926 30.3634882257278 251.493145085341 0 0 0
37.2808959926213 16.2615417273538 21.0193611181996 174.098087676941 0 0 0
33.2071190868864 23.9037791510552 9.30334305090575 95.5768208724018 0 0 0
330.47662585217 328.947978856137 1.52867868245218 -14.7625300294204 0 0 0
267.716780447135 182.471778234677 85.245012212353 534.293683799285 0 0 0
269.304452058526 183.553911605993 85.7505505117311 537.462267077841 0 0 0
268.199192229487 182.800582935003 85.3986193123983 535.256453364459 0 0 0
267.713824888429 182.469763769794 85.2440711184194 534.287785265968 0 0 0
266.688120113791 181.770658641384 84.9174714338787 532.240742934081 0 0 0
267.528918225996 182.343734137116 85.185194081758 533.91875923157 0 0 0
267.578002379788 182.387567928009 85.1904444514385 533.977580111843 0.000786203116218468 0.000786203116218468 0
197.701397349391 155.667588633687 42.0338260722639 315.68179829049 1.58450613921448 1.58450613921448 0
539.308655410763 355.529344508885 183.779265395844 1141.95051761128 0.371133815191118 0.371133815191118 0
819.564107776714 526.100788380196 293.463219681356 1796.86603695209 0 0 0
263.404134024517 179.532342535808 83.8718013275153 525.686753220573 0 0 0
816.371296331817 524.051234718229 292.319962286889 1789.86590798928 0 0 0
709.832867472755 455.661280981004 254.171500127427 1556.28407756188 0 0 0
147.293634119915 100.935495934807 46.3581351910007 348.588393928475 0.614308046690713 0.614308046690713 0
818.534176990657 525.439647423216 293.094429977589 1794.60794922922 0 0 0
816.854209427689 524.361229943797 292.492880098438 1790.92467829479 0 0 0
385.69690065679 98.4006114421203 287.29624003342 1160.04996568344 0 0 0
421.881056945508 131.562941226262 290.318063049008 1213.20454410239 0 0 0
0 0 0 0 0 0 0
376.634409324004 93.7454693849265 282.888891878009 1137.73111791167 0 0 0
439.657842395367 192.522572128435 247.135233864819 1001.89443589145 0 0 0
412.436126359306 131.463504821223 280.972575703907 1132.63464353126 0 0 0
621.667445442272 460.57406892195 161.093369337665 675.606873393267 0 0 0
813.360040356546 765.147673873525 48.2123954315591 244.896762380991 0 0 0
612.216833058032 446.071233206154 166.145591032117 694.93907250338 0.00317431576460714 0.00317431576460714 0
812.786436020838 768.16507886048 44.6213873608913 232.588417608465 0 0 0
447.537280583259 435.534176344529 12.0031433327199 161.816939588451 0 0 0
448.995327779331 437.363975395889 11.6313923392896 163.447548791926 0 0 0
445.318109024945 433.888480304744 11.4296685391415 162.394858807042 0 0 0
429.065364633 414.873557548176 14.1918335723733 146.614455572603 0.153174090605117 0.153174090605117 0
187.249395517304 182.228554977256 5.02083459023706 64.3282039931264 0 0 0
187.237131201121 182.216478588791 5.02064664802508 64.3213957534081 0 0 0
572.392033027628 565.486644653315 6.90540379941679 -35.6116607056252 0 0 0
943.720379624831 934.988737189822 8.73167844508208 -131.704792165946 0 0 0
895.350985468494 887.037335031003 8.31368606340465 -110.083136393202 0 0 0
569.009192412453 547.761827838144 21.2473889799756 56.7303131055334 0.0604758969175349 0.0604758969175349 0
853.566802971425 755.561235275287 98.0055717140425 373.905876970058 0 0 0
422.759117452837 188.004369167264 234.754842389282 1194.77564668112 0.000138237909781188 0.000138237909781188 0
334.036131530162 317.79672163799 16.2394234664112 222.454663401053 2.41532499422615 2.41532499422615 0
389.61930866612 156.260984210602 233.358387491293 897.331201741451 0.135765844174422 0.135765844174422 0
40.2744985936857 0.997589130231542 39.2769127999061 1102.49626346388 0 0 0
71.904957407105 21.6921957066421 50.2127517113463 663.53712114204 0 0 0
65.216176600232 19.6743328563794 45.5418346839489 601.813221697743 0 0 0
70.8741675324453 21.3812283338788 49.4929293526483 654.025018352497 0 0 0
74.2641482575485 24.7505445165575 49.5135942899278 658.206775485554 0 0 0
71.975770925406 21.7135586383933 50.2622022880586 664.190586490824 0 0 0
204.381462683619 170.813453133413 33.5680214306227 625.401291332881 0 0 0
169.595601375333 152.194303541996 17.4013106048248 377.837078534269 0 0 0
204.420654485779 182.860139302855 21.5605309391659 474.957219488722 0 0 0
32.8749689620747 31.7713266434733 1.1036433175806 -1.79698187700772 0 0 0
12.4086500922277 10.5789668765331 1.82968421502814 55.9647546021473 0 0 0
11.654059458362 9.82769381374934 1.82636663071054 56.8884357666602 0 0 0
37.7821928732857 36.4558046962745 1.3263888130108 16.1810542265572 0.0628986692596665 0.0628986692596665 0
11.5253102104141 9.7191215010626 1.8061896845553 56.2599557637854 0 0 0
5.86418759991782 4.94518158280257 0.919006513308258 28.6256013017165 0 0 0
11.7245734022896 9.88715716666906 1.83741722768485 57.2326444077872 0 0 0
9.94863872532783 8.38868542330671 1.55995412694915 53.7026867668099 0 0 0
36.9556553209381 36.4239948781499 0.531659646233928 21.8171167998632 0 0 0
18.9244649596508 17.6839954050091 1.24047422228731 51.1620608786981 0 0 0
17.2669671043897 16.424204506055 0.842764773733076 49.1693089148549 0 0 0
23.9917463408211 18.9945572877237 4.9971912723145 85.9104850642163 0 0 0
19.6552339138727 18.4772187571083 1.17801723048468 54.2050015921558 0 0 0
32.5985511740796 29.5487806593417 3.04977197918839 81.0696974764187 0 0 0
33.5528636800549 30.3787376726938 3.17412795742932 83.3129549635991 0 0 0
30.8735405058052 28.01054521757 2.86299624480171 76.8407535963966 0 0 0
30.399834146134 27.5872060213936 2.81262897308146 75.6819241304828 0 0 0
19.8206634749513 18.1881116807297 1.63254884696026 47.3171776328739 0 0 0
47.461639025643 42.6988807436395 4.76275533225188 57.9345446784817 0 0 0
69.5365467581238 62.3409618766675 7.19558179190112 67.4636847668125 0 0 0
54.0042810074168 47.5509621997226 6.45331668679529 63.279016196644 0 0 0
191.424983688547 183.170676056591 8.25428171845185 57.1609708953984 0 0 0
12.234935267472 8.18067359741426 4.05426167005779 50.7396016422827 0 0 0
33.4733716762116 29.0127834160407 4.46058572662461 51.3922299270832 0 0 0
12.1714886211985 8.13825111681525 4.03323750438325 50.4764815286833 0 0 0
159.193864385677 153.426045601552 5.76781615943672 62.1706334404568 0 0 0
22.6342908773128 18.888282936783 3.74600709280014 70.7892220259441 0 0 0
122.217998846131 118.678822118499 3.53917726496186 186.168128431297 0 0 0
14.786816658496 13.1935198008952 1.59329290930115 164.777010731825 0 0 0
14.2709018709949 12.7331954375334 1.5377026229188 159.027910134982 0 0 0
72.9691514665741 64.2002987717501 8.7688496597546 176.948777490194 0 0 0
14.9138931669797 13.3069036663767 1.6069855183719 166.193088829348 0 0 0
81.5477496386321 68.585068643906 12.9626778428291 119.861326059212 0 0 0
14.178826831594 10.5169454651971 3.66187744688175 54.6624870862596 0 0 0
142.93032228011 138.49960478099 4.43071572158439 0.977931249336789 0 0 0
11.2033323498244 10.6942902413564 0.50903775092171 41.0190006798947 0 0 0
14.4494219609769 13.7118584978776 0.737558215869144 45.3343576468584 0 0 0
16.1153443000976 15.0953957802939 1.01994346580169 27.6004154467449 0 0 0
26.004933083398 22.49880650443 3.50612360483696 165.465667917474 0 0 0
8.46466822711078 7.69967972578694 0.764985936540028 12.5156939446696 0 0 0
4.60622485529475 3.62649572403364 0.979728894370633 18.9384969744028 0 0 0
6.15327908429928 4.87677791385295 1.27650117044633 25.1992322752486 0 0 0
4.81193867630057 3.79279200109888 1.01914647024827 19.7708569241972 0 0 0
10.2923253982071 3.75994264420352 6.53238245565855 61.0066180909391 0 0 0
84.4233830477177 63.7572180617935 20.6661628420604 213.342423992142 0 0 0
46.1447802501466 27.7069130299665 18.4378632680453 334.600493457324 0 0 0
55.5000579217438 10.9465453958226 44.5535125259212 329.221078831106 0 0 0
59.7433226556753 11.911748716366 47.8315697270956 351.467349158456 0 0 0
68.7083069884376 46.6556530346809 22.0526539537567 115.51425938556 0 0 0
20.8042938612397 17.3995740215636 3.40471702303365 76.6676944945495 0 0 0
109.636081823368 106.694094241177 2.94198298581736 82.4973165273785 0 0 0
69.6344158819543 66.051586278265 3.58282636255253 93.1361393990195 0 0 0
59.6458101247343 56.1365934562277 3.50921380963545 90.2404558235111 0 0 0
61.0289706705828 57.4383767849244 3.59059096049121 92.3330929739403 0 0 0
62.5283455135136 58.8495370293755 3.67880548710472 94.6015552346326 0 0 0
201.004562571879 140.912806671476 60.0917573019594 96.3658207963481 0.955658661386856 0.955658661386856 0
292.003873208293 280.830481062305 11.1733959003536 198.803597001169 9.11447258042586 7.33266803122782 1.78180423201381
44.9292591982933 39.4492538282406 5.48000167786807 8.16361234209364 1.26276464172857 1.24916465523659 0.0135994656832523
94.3452626912565 87.2002197194791 7.14501315877846 13.6326772959436 0.258095604489337 0.185965140263854 0.0721304642254825
485.464700271319 474.765450780797 10.6992279262508 314.008353363172 20.7113823227031 14.6454710683211 6.06590864827914
575.064134863318 531.530761974568 43.5333326420202 1036.43610313177 17.1118471728728 8.82089339883265 8.29095404225845
274.928865532485 271.386996497041 3.54185045624689 -103.066004323777 7.0087138385837 6.75727073952497 0.251440655671833
200.176966730752 187.538157588124 12.6387936100033 410.670007714991 3.85307155508576 2.76340801178622 1.08966411937326
89.7319227132292 82.4805920231621 7.25130418028416 53.2768801691573 0.34406154380238 0.216847034131924 0.127214548949903
176.541217478635 152.142390985828 24.3988172311334 1026.57616118846 2.99284160393135 1.39837112829241 1.59447145217421
156.085688170025 134.223337570456 21.8623419436121 910.877954373475 2.59953103892418 1.18859273570885 1.41093916881103
168.164379455183 101.813942644456 66.3504039278363 559.304979466698 0.735897935067599 0.288260498397469 0.447637572878691
212.952908684539 56.7969943630243 156.155882066498 384.145362229711 0.00196593552373578 0 0.00196593552373578
332.837665397201 302.373091054241 30.464571617162 2111.23587362705 5.59758353119784 2.28685056783487 3.31073248512616
102.37914527148 93.173046836002 9.20611472585393 158.80752468488 0.627411348953152 0 0.627411348953152
143.353486112657 131.210284842237 12.1432122296331 174.903278046594 2.09443680973781 0.299029191252532 1.79540760077567
267.907442773583 250.27019420285 17.6372529564041 878.415305619284 4.02031394027779 2.29119527440732 1.72911876637576
44.6362546250241 40.9396715444202 3.69658822278176 22.170435909433 0.964020359544068 0.429348965307905 0.534671137127272
42.8626059231223 39.3129088175506 3.54970204342192 21.289480166132 0.925714424745638 0.412288523266373 0.513425654586752
108.196032536979 99.0848621839226 9.11117700234822 120.616984807992 1.30743369417306 0.731482710353979 0.57595118690254
19.4881887692855 17.8742605962939 1.61393041806651 9.67961231805846 0.42089128897694 0.187453758253431 0.233437418469767
57.4149071222688 25.5110190505949 31.9038880717282 187.378206305943 0.0473143615313601 0.0473143615313601 0
133.991681393224 105.708438096807 28.283244276433 482.214162547735 0.761838323092904 0.710607432441557 0.0512309056105049
56.8632880144679 25.2656287236449 31.597659290823 185.579153924461 0.0468598411522394 0.0468598411522394 0
72.5866042927132 42.6792556477255 29.9073363511837 199.179610939319 1.02862268522295 1.02862268522295 0
54.3338941607316 24.1417625485459 30.1921316121857 177.324218487054 0.0447754208111684 0.0447754208111684 0
57.8160871817122 25.6889786713592 32.1271085103529 188.688711417375 0.0476450229309591 0.0476450229309591 0
160.972596135925 153.209882392234 7.76271202905998 306.649037929126 3.43983884007907 3.33124317179002 0.108595709771318
94.9925025367205 74.202490497332 20.7900120393885 138.82374719072 0 0 0
108.996636659756 101.378173972144 7.61843380199052 62.6054262950197 1.48531891617553 1.48531891617553 0
97.0580215948859 75.8159510778271 21.2420705170588 141.842333793778 0 0 0
136.92776726574 98.4029949785721 38.5247752461799 1075.12833235352 1.31707079458932 1.30640181412468 0.0106689830865512
386.239125234433 8.97368862195904 377.265411714752 265.984472381299 0 0 0
292.573088562773 255.868563306947 36.7045289438599 135.33143068016 6.7888912690636 6.65031628567342 0.138575508715513
375.25602849476 8.71851278966381 366.537491515366 258.420937253568 0 0 0
42.6321130370576 6.56563515801441 36.0664789221627 47.0953535106711 0.00930727029070868 0.00690972980438229 0.00239754255042544
29.5614596033759 2.74810774846532 26.8133539725017 33.7135880535725 0 0 0
9.25164225742709 2.14317900365846 7.1084662747229 10.7398510346448 0 0 0
307.537327946368 164.909444089803 142.627886020054 542.405422435048 5.69975981050158 5.55040023293322 0.149359365196824
0 0 0 0 0 0 0
270.140576667583 246.611779561611 23.5287974422674 439.148927101572 10.2135854461056 8.9540732163184 1.2595131636256
81.4884320227841 4.06338039590549 77.4250565186808 80.6146062146915 0 0 0
33.0719726687055 5.71724716383572 27.3547192736473 39.9579306410156 0 0 0
26.1475033591318 13.8806302522434 12.266870654558 96.9621291663784 0.0671847426648981 0.0485948455481029 0.0185898971167953
39.6210275952051 8.39157251151759 31.2294513681632 199.705517960154 0 0 0
123.220376002038 86.9707717525964 36.2496069116003 345.865178138229 0.0166158087073751 0.000104884070733425 0.0165109246366417
126.062978372078 101.940672365375 24.1222646743255 194.178020616769 0 0 0
96.943951798057 57.1807857527354 39.7631425381712 333.503173487075 0 0 0
202.408369586868 171.563395211166 30.8449715703423 401.170709254439 0 0 0
327.242181759403 302.400040742526 24.8421601765428 441.489908598291 0 0 0
409.066804898561 341.07676443907 67.9900472727075 591.080147064744 0 0 0
342.992238814489 256.539431944948 86.452804154567 510.186822247788 0 0 0
41.4075081148792 0.929767064939101 40.4777410499401 193.335021324813 0 0 0
3.42801317081073 1.17413113145061 2.25388203936012 23.988108786331 0 0 0
7.73083897845597 6.98444405618837 0.746395484524208 22.1397724767176 0.175847675794003 0.175847675794003 0
242.12585787154 227.893091436605 14.2327680298532 199.519971535171 5.75809982239407 5.75809982239407 0
21.6297186196636 20.2305272427315 1.39919016292593 32.932707649583 0 0 0
12.8187865443124 12.4480714325433 0.370715002667067 22.3387518807019 0 0 0
92.2294243146908 92.2043797669373 0.0250577465146176 -89.6074157329598 0 0 0
27.4075352150444 25.5980005222453 1.80953487555647 -10.9074090750624 0.681954614072171 0.681954614072171 0
95.5715253482368 95.2214057229219 0.350117556999474 -19.3623771227519 0 0 0
