292.248035768433 276.216778889771 16.0312569702931 631.381457063649 0.0441118220587354 0.0286108881611416 0.01550093834988
449.924744246783 306.585821557046 143.338922754548 432.543889931616 0.00409748592726428 0.00265762571831197 0.00143986020895232
334.958982342051 227.10615852686 107.852824095891 330.862820056497 0.00303544462843956 0.00196878667903302 0.00106665794940654
253.151893399027 242.916996924027 10.2348759352177 129.280836841815 0.0131704486845244 0.00854233916768042 0.00462810741229375
304.424526159094 297.994839710264 6.42965833095041 134.678084038396 0.0164060846683407 0.0106409691526103 0.00576511260698421
313.267524817206 306.651067251882 6.61642863066997 138.59024621355 0.0168826526588948 0.010950070646911 0.00593257901874365
309.332217804108 302.798877031288 6.53331220164614 136.849257682455 0.0166705706007657 0.0108125144484641 0.00585805319666285
316.75923872566 286.862168973963 29.8970410371999 222.742594600515 0.016659978125949 0.010805643901272 0.00585433086597637
427.210422313421 410.08061125121 17.1298096330899 360.167178782614 0.0371237129914191 0.0240784044169523 0.0130453080553416
463.988845663661 445.075577970547 18.9132509948474 596.914657978919 0.0450819946353868 0.0292401401637385 0.0158418551683894
252.430124474794 204.841222151681 47.5888775542342 255.468924386017 0.0126792134662119 0.00822372380047089 0.0044554862706808
158.930328154781 111.075335393204 47.8549809541928 378.194077035527 0.0311243141377569 0.0201872000027881 0.0109371108213324
268.170089139878 208.905596026084 59.2644534241144 491.748023161845 0.0320826041474737 0.0208087476580803 0.0112738564893934
273.545562395564 226.868248762132 46.6772845764122 430.976147172176 0.027915255488587 0.0181058090623628 0.00980944642622422
549.637139059548 453.384807498889 96.252271437368 1008.34792241525 0.031530568662805 0.0204506988642121 0.0110798721705746
89.3937925748973 9.65487245327179 79.7389035574315 329.533767141054 0.000664005977128611 0.000430673658394254 0.000233332318734356
128.139938331181 58.2440600206888 69.895854532826 635.201526301992 0.0174088439086231 0.0112913623872425 0.00611748551452363
144.920881006662 129.383145491891 15.5377264554422 532.617496398808 0.0308587472470384 0.0196955324115303 0.0111632180072244
104.943493493897 100.57436179979 4.36912186862548 233.87306807027 0.184715389270277 0.0129281015096475 0.171787291836946
338.868009008162 336.991370977641 1.87666305175912 252.825637091782 6.56513313239502 5.00254204953882 1.56259135130805
52.3731178060987 51.6276783232809 0.745437790355218 120.150339831373 0.0393165647916238 0.00711507301416269 0.0322014974190029
31.1723254026967 30.5088252323122 0.663502043789989 236.284929863624 0.401292796890478 0.00596721882863413 0.395325879422347
272.219375955311 266.795099736755 5.4243164073515 107.626079534242 4.50262138341337 3.94074242535265 0.561879076779771
2.05382371811943 1.23804978236634 0.815774415350409 7.91354681970727 0 0 0
319.335068935322 315.779170246787 3.55592101047254 339.794605060232 4.43246091417342 4.34548682033832 0.086974091195598
2.08170525182512 1.25485683665821 0.826848901274965 8.02097659590406 0 0 0
8.89647413038917 7.987064979584 0.909409150805166 17.6104164003503 0.00254647244856513 0.00165163923850691 0.000894832664959461
12.2471254627113 7.13054241761662 5.11658381318291 37.5206322887716 0.00236892837304652 0.00153648438253381 0.000832443507983249
32.4506282380012 21.1807485418803 11.2698818139341 77.2585403498681 0.157632428641684 0.156413392078974 0.00121904960515672
16.9028257301026 2.63096658522936 14.2718616379534 76.5558134636509 0.00114891105166212 0.000745182567939401 0.000403728317517377
32.2519045998166 22.605207025102 9.64669913162115 141.682085525646 0.0459336790782154 0.0440393156647474 0.00189436330967431
46.7266862565605 42.7606104660356 3.96607579052491 192.313435456414 0.192944277164935 0.189520652671994 0.00342361731474126
211.64114373543 207.553766072858 4.08738327992122 583.834247312176 2.02727827997995 2.02517865976145 0.00209964890524819
93.5098786152532 61.6409413868379 31.8689406140304 142.495161739929 4.44267649865154 4.43972941299464 0.00294715313249781
122.051095258359 115.11239604379 6.93870959820628 268.756397710046 3.79993806511506 3.7729155681002 0.0270225774752918
132.562914499347 89.7960829903769 42.7668300756415 156.981766295018 5.82739427695208 5.8245484342789 0.00284601264811726
209.730736962846 190.483484165265 19.2472457723664 103.151976916592 3.85344067223285 3.85225298648987 0.00118798609697811
257.553237663855 251.994786104344 5.55843553832131 71.4997098921555 2.16064464975268 2.16042936501897 0.000215688167287231
108.181598314761 99.8165452846053 8.36505393654425 479.884062733527 2.21590705667813 2.21287684518322 0.00303005874447985
203.437280058764 167.488966131221 35.9483308874549 189.610681152072 1.97838813161638 1.97823888439222 0.000149488478904323
88.4796650278742 79.2549495973595 9.22470911917587 534.995221466858 0.282839920946625 0.282824356562192 1.55693222242981e-05
25.9799312592503 12.6315659915653 13.3483652676849 34.9499127797141 0.0223474110374043 0.0223473279960331 8.35082482599677e-08
131.923130838412 121.861876714124 10.0612566480516 665.626309343632 1.53479634988757 1.53479548160399 8.67035137334334e-07
137.85764707423 126.656780983857 11.2008687939107 230.416867773576 0.107635637427078 0.107634888502579 7.36630643718983e-07
73.21582593073 43.7390152598473 29.4768091865783 132.585074823157 0.0803757096493027 0.0803754141388798 3.00649206998802e-07
48.665075879023 20.60984861098 28.0552254271367 76.5753770706977 0.035436571705661 0.035436440519413 1.32420071661822e-07
5.95598563257525 2.15443081090954 3.80155469639882 50.220973365114 0.012577334488553 0.0125772171439739 1.14827875756304e-07
6.65096653795293 0.636290543223066 6.0146759741908 64.53247948682 0.00744799614993957 0.00744792763548983 6.80990688010957e-08
329.201660530103 322.749050884921 6.45260553546615 -19.3892852545206 1.66075313636704 1.40333895721159 0.257414223384787
4.93322733548761 4.28363613437508 0.649590944631847 30.7615736736286 0.019966252051363 0.0199660639655257 1.82556883059441e-07
86.963992515635 67.6810363234294 19.2829679552901 148.76342455092 0.0483664813643691 0.0483660389155531 4.42227964255573e-07
83.0488143975811 41.4646801149754 41.5841548434032 232.626799095653 0.033611379439339 0.0336110710241384 3.07318033746237e-07
48.0607350079711 44.9238937366715 3.13683872611227 81.3095569437672 0.0347339017753408 0.0347335824441065 3.17581588484357e-07
42.7560797868646 39.7743356731206 2.98174139322204 74.5429040755191 0.030761184098431 0.0307609011710305 2.81257944917843e-07
147.876792603767 145.739938251406 2.13685579571209 251.454907354118 6.65663018065048 6.65662801260224 1.86456769395305e-06
21.8485731292299 19.2092284951363 2.6393405806227 50.9792479688514 0.0149077581058807 0.0149076202878691 1.36305742711302e-07
374.7853522418 369.003625658194 5.78176605605242 99.8859190250644 0.101729671666724 0.101728783536681 9.30142640551039e-07
145.857386909973 145.02725671997 0.830101905303961 37.3083892064059 0.116886217526288 0.116885157492174 1.06872250239507e-06
305.472294145987 302.541990224466 2.93029774972489 -108.469743896104 0.241571058674058 0.241569504231139 1.54630049411139e-06
103.000664573914 99.9127839045519 3.08789898808983 90.771482054784 0.931104947709626 0.931104074159631 9.29579582248407e-07
22.6905880419692 22.5783681216981 0.112217068430654 79.5214109980226 0.0819351307439943 0.0819343821358857 7.49155305422036e-07
105.76475210218 102.96512254509 2.79962512330136 404.986327503079 0.129030404079065 0.129029319335955 1.08680553180381e-06
150.26435419131 136.415202068952 13.849161764007 245.115576613343 0.0287525021547338 0.028750784679231 1.7135613444909e-06
179.924256536471 151.189613974559 28.7346336211342 349.636475773459 0.914852386739581 0.9148504857849 1.91441134347604e-06
103.973779239745 71.3675312507051 32.6062510922395 198.056886476845 0.0228969448188742 0.0228955756676865 1.3679050768986e-06
95.513859997346 56.5274148569452 38.9864451404008 198.640469158531 0.021916544573169 0.021915234538249 1.30933429393191e-06
237.872755260517 227.383575597646 10.4891585062209 376.203626350564 8.44911288708774 8.44911159854796 2.3076921603318e-06
195.696691230705 193.769890470348 1.92680330557303 180.187845176928 6.77532140666495 6.77531842875393 2.96114026246772e-06
0 0 0 0 0 0 0
237.844691237216 235.337429397226 2.5072874174973 201.632503199083 4.23914501204729 4.2391422857521 2.48267206543734e-06
117.245988146825 115.580962298632 1.66502615864484 101.159385928563 8.66945636427124 8.66945352350161 3.09736431524922e-06
261.535775737807 260.54382094636 0.991999875846246 144.918084549147 5.23412722765904 5.23412428737214 2.56507101057482e-06
242.889792615876 241.96855844476 0.921276041258774 134.586266078259 4.86096432988856 4.86096159922705 2.38219633258935e-06
121.132853545945 109.875124138049 11.2577222101316 545.752546732622 0.720498008506 0.720495300579954 2.7621041456843e-06
144.586872432922 143.684710767209 0.902144016066344 41.0355289977905 7.88872469651854 7.88872293155392 1.56599927625147e-06
167.419767481933 166.229069616326 1.19070696409438 97.1651996532293 10.0199473749897 10.0199460813637 3.02415366672849e-06
3.33538053740148 1.30478380631488 2.03059671204473 17.9485461384495 0.0133341872130424 0.01333389653724 2.89835687273007e-07
70.5241289526195 69.4484175149339 1.07571738770287 40.4888395225782 1.6594819728066 1.65947915450492 2.92151936815136e-06
322.86583211885 306.599466630394 16.2663065520818 -84.201137431942 19.5366417299777 19.5366417299777 2.06777162294733e-06
109.563206693758 107.736586062141 1.82655467151504 228.85440184188 8.01656690330487 8.01656690295924 1.27703141583853e-07
129.448545872796 125.998534754106 3.44998719913549 98.9175128459665 6.19649983345929 6.1964981587425 2.08791953509493e-06
34.6088604054198 33.5534492160475 1.05539860179702 115.664266137015 2.11798301235 2.11798124118774 1.89195487597759e-06
0.602847755781868 0.600099812219736 0.00274783411198728 78.905847226185 0.0346218320254039 0.0346204017678872 1.43445133422617e-06
255.658793596486 247.956247201933 7.70256641278748 29.5697157828978 17.1061215665421 17.1061203521324 2.46298203477026e-06
0.530205100552829 0.528529872665013 0.00167521371965308 89.9060020614521 0.0274851112468491 0.0274834740368661 1.64201062892726e-06
25.9048727163499 24.6785009157594 1.22637338873605 7.34085651102324 2.20732488428998 2.20732488428998 1.39528237105188e-07
75.0143371526102 71.3511089121456 3.66323245531077 23.429814132752 6.23539084549428 6.23539084549428 3.99316429689996e-07
155.526014411951 147.93110242917 7.59492072135396 48.5766554607614 12.9277351945081 12.9277351945081 8.27896308309036e-07
15.9729687690292 15.2558524435775 0.71711662435916 -37.1847780760044 0.440784477965804 0.44078227428556 2.18376599329093e-06
457.884969873898 453.868615944543 4.01634639826581 -254.471618315456 2.19061777528206e-06 0 2.19061777528206e-06
102.519527610406 102.040448494125 0.479152415811139 -112.643960394154 3.06932953751832e-06 0 3.06932953751832e-06
0.153566129028309 0.0677216098614283 0.0858445031606863 1.69325845340551 5.78057820172729e-09 0 5.78057820172729e-09
2.00023203297428 1.32957216038545 0.670659538933436 4.6702065306827 4.93878372538045e-08 0 4.93878372538045e-08
6.93923450152523 5.33875985410812 1.60047386490625 7.42265451577418 5.27054438081932e-07 0 5.27054438081932e-07
14.0260854379363 12.6682375919415 1.35784993743288 -10.8900846114157 2.00865570428562e-05 0 2.00865570428562e-05
6.50948740579236 5.89937227930539 0.610115972697289 -13.3039392931447 1.53742916801425e-05 0 1.53742916801425e-05
2.67475765872562 2.30491835706073 0.369839528707797 5.55962533481102 1.0729421821029e-07 0 1.0729421821029e-07
3.62588228277747 3.22043168908347 0.40545069869955 6.09364695431611 1.01783223801717e-07 0 1.01783223801717e-07
3.21057598522626 2.64409498465972 0.566481050245173 8.68639441950784 9.67586488053217e-08 0 9.67586488053217e-08
3.67598671430635 2.75774860195351 0.918238224864869 12.0421555589008 7.2525882979858e-08 0 7.2525882979858e-08
5.18951885522462 4.76850774447722 0.421010440098463 4.00857078668615 9.67014715551401e-08 0 9.67014715551401e-08
9.14419507726977 8.81857142002528 0.325621023143104 -1.33223472232356 1.49161793654953e-07 0 1.49161793654953e-07
20.4520678198937 19.7760931439098 0.675967813801743 -9.97370003224098 3.142080864175e-07 0 3.142080864175e-07
6.09230704451702 5.86598263070327 0.226324230945547 2.43210578485698 1.02890834874612e-07 0 1.02890834874612e-07
5.50165570643319 5.31262730422745 0.189028565945306 3.10245863904304 7.49876960987599e-08 0 7.49876960987599e-08
30.0905528846463 29.2276556416092 0.862893564745232 13.5805393180422 2.67719243866052e-07 0 2.67719243866052e-07
26.9568423995201 26.0230379445107 0.933801194111965 13.947826179534 2.48273750099131e-07 0 2.48273750099131e-07
10.4587850847093 9.12192150401915 1.33686266833547 16.4004661652697 1.06389719965739e-07 0 1.06389719965739e-07
37.5302687976249 36.4719141780912 1.05834976233425 16.6856335419343 3.23587016722375e-07 0 3.23587016722375e-07
48.1405079950218 47.2317881367303 0.908718048552734 9.57635571736737 4.25949299319401e-07 0 4.25949299319401e-07
32.2979139183474 31.4470492695878 0.850864484231879 6.27910694167099 9.88767244832272e-06 0 9.88767244832272e-06
76.0891536140106 74.5416622417735 1.54749560537506 7.66681043191935 3.46930466437126e-05 0 3.46930466437126e-05
169.215360883727 167.285127594656 1.93026995872908 -3.32602697731767 6.73983654656863e-05 0 6.73983654656863e-05
445.158023014233 422.631443385419 22.5265865012164 32.6448814193325 0.000128535328663731 0 0.000128535328663731
425.643900821514 414.836825463038 10.8070758288029 -35.5542524363628 0.00509983545191012 0 0.00509983545191012
356.292956756968 347.059472963433 9.23348112569872 -21.164197573445 0.000135423121710931 0 0.000135423121710931
579.370104018706 556.688105188427 22.6819998480124 17.5063183174867 0.000167268212936446 0 0.000167268212936446
555.193134028004 452.628174317528 102.564962009502 374.049950021764 0.00012683444190876 0 0.00012683444190876
609.989311477064 403.449476668804 206.539855304399 524.422442327569 9.0940598298569e-05 0 9.0940598298569e-05
787.257537941205 707.954114593204 79.303482210349 -234.689331418839 0.00129354606183606 0 0.00129354606183606
781.324733653697 765.739721854097 15.5849994833722 -56.8617575940604 0.000759900208905332 0 0.000759900208905332
556.778903657593 550.846909104402 5.93205281908963 185.714990696813 1.69499288061201e-06 0 1.69499288061201e-06
518.236599124745 506.742183152378 11.4944572241339 69.2166734324838 1.68219096614211e-06 0 1.68219096614211e-06
616.819581447609 597.853551366682 18.966020769261 851.957338468726 1.63543943215369e-06 0 1.63543943215369e-06
586.264766968841 568.72632243805 17.5384693055791 -31.2560840019503 1.8169341665167e-06 0 1.8169341665167e-06
235.028676117976 214.504413910554 20.5242532824626 180.65335995569 7.88170770273608e-07 0 7.88170770273608e-07
139.154721283354 136.412697851643 2.74202836497298 31.5380279989438 7.82780514731853e-07 0 7.82780514731853e-07
192.828562760259 189.897499540908 2.93106875931614 44.0109322415262 7.95180999481985e-07 0 7.95180999481985e-07
53.8050711359808 52.3430542337444 1.46201900914615 22.7288491111395 3.92448361926925e-07 0 3.92448361926925e-07
113.981091643996 111.780086233707 2.20099191897146 47.9938696458432 5.98901618043274e-07 0 5.98901618043274e-07
78.4152812898195 75.9332043983014 2.48208140048396 30.1203798705875 5.01660393875011e-07 0 5.01660393875011e-07
19.0630043448221 18.4303539664298 0.632644127406246 -8.86461581130579 2.93968621838731e-07 0 2.93968621838731e-07
12.3478529636502 11.9210728709456 0.42677699687302 -2.90673718523473 1.9764549129646e-07 0 1.9764549129646e-07
20.0065922307494 19.0895538854267 0.917043180062336 24.4522399971954 2.79395425788506e-07 0 2.79395425788506e-07
40.4565091745498 39.3145967600851 1.14191229546395 21.953226248725 3.62543910250686e-07 0 3.62543910250686e-07
87.3262074270712 86.5304969964743 0.795705569268627 14.6309876702749 6.00306396945662e-07 0 6.00306396945662e-07
52.2694541109398 51.2793957519081 0.99005282970337 18.171304834603 4.28889338015832e-07 0 4.28889338015832e-07
51.8520685224617 50.6458642113603 1.20620111317258 24.354417285082 5.11468681078001e-07 0 5.11468681078001e-07
22.3715410420069 21.5419961396259 0.829541436582934 17.0715405530765 2.23337743090626e-07 0 2.23337743090626e-07
136.65965774297 135.009117643389 1.65051574229089 3.09030153943274 7.29183478621187e-07 0 7.29183478621187e-07
994.438041803697 983.400421638341 11.0374956193904 -200.920905006441 1.77005806677485e-06 0 1.77005806677485e-06
530.514374895868 515.692257599845 14.8221370475128 -105.901773880823 1.57223496546798e-06 0 1.57223496546798e-06
1190.65368928318 1187.5940487007 3.05986425944259 -89.7398162437704 2.51641600454591e-06 0 2.51641600454591e-06
1105.69125699437 1103.25405231987 2.43741864327194 -111.598911309647 2.56075054798882e-06 0 2.56075054798882e-06
610.54385763476 599.989918931777 10.553911606393 -162.647013385191 1.79750062762628e-06 0 1.79750062762628e-06
402.804790222839 337.110129108851 65.6946733138076 174.060020656164 1.0762227019337e-06 0 1.0762227019337e-06
340.173962500375 201.871801773634 138.302167426624 559.74119071426 5.76644373371433e-07 0 5.76644373371433e-07
374.025274876325 190.496617526571 183.528692897418 1107.56740751725 4.94478167505148e-07 0 4.94478167505148e-07
241.8410241367 67.3360699078031 174.504910140423 1254.14562027413 2.7319917472419e-07 0 2.7319917472419e-07
351.220287134506 290.483196579371 60.7370497358571 245.295589863589 1.0121428017102e-06 0 1.0121428017102e-06
700.463691200651 652.088558392031 48.3751531298483 -37.6689316845087 1.61963026197667e-06 0 1.61963026197667e-06
766.709943748915 754.652492181092 12.0574074348038 -438.892274810921 3.31360027079115e-05 0 3.31360027079115e-05
817.053885040107 785.991896202698 31.061950481767 -294.385131916285 0.000256365109762983 0 0.000256365109762983
922.176035063224 911.351130563328 10.8248725503914 -493.650169582529 0.00140980673073011 0 0.00140980673073011
857.610439003176 847.98997536819 9.6204289700888 -534.907767069482 0.0011660352319848 0 0.0011660352319848
978.423259396911 974.755393679401 3.66785140061032 -722.043316890724 0.00131755156617244 0 0.00131755156617244
689.612671406867 683.453800178947 6.15890961260556 -453.059899133622 0.00106333303581821 0 0.00106333303581821
353.029617281406 318.849509392574 34.1801193057858 206.945813031219 0.000606858020485555 0 0.000606858020485555
153.46254585297 99.3759534394008 54.0865620515281 615.627755567526 0.000245068978216624 0 0.000245068978216624
200.813191583842 188.191179689632 12.6220148709025 50.9831370270238 0.000474018799611557 0 0.000474018799611557
210.067437378549 197.112407838664 12.9550363864807 43.5937855454146 0.000508446969393347 0 0.000508446969393347
252.27021764343 244.174175161102 8.09604668819608 65.5060430603826 0.000877450765889933 0 0.000877450765889933
219.355324331891 196.661435219459 22.6938931702957 133.451629538417 9.22768098143673e-07 0 9.22768098143673e-07
346.86146272315 282.381267565109 64.480200777716 374.192131733402 9.22651593609029e-07 0 9.22651593609029e-07
568.527869288776 534.618274830852 33.9096150446033 179.813800468902 1.37929980777467e-06 0 1.37929980777467e-06
758.323561424536 727.728942093752 30.5946776374132 77.1053428235999 1.49879338817275e-06 0 1.49879338817275e-06
435.86923990427 423.593056187546 12.2761772572278 18.2145160182062 2.36746315140201e-05 0 2.36746315140201e-05
580.340265316298 550.740191074822 29.600081660132 136.376283998216 1.2965598943883e-06 0 1.2965598943883e-06
437.920862947495 426.894194829899 11.0266819483975 22.4116192071642 1.29343463534595e-06 0 1.29343463534595e-06
145.720658982274 141.596558001117 4.12407941067335 14.5297616433817 8.38395834180883e-07 0 8.38395834180883e-07
140.102521843068 136.669433501753 3.4331114170221 -1.89018002178294 1.22166543812982e-06 0 1.22166543812982e-06
106.011858714489 104.208128951782 1.80374956694538 -14.6822275186044 6.51309666417522e-07 0 6.51309666417522e-07
140.3119187125 136.873699286165 3.43824253653144 -1.89300507999045 1.22349133615702e-06 0 1.22349133615702e-06
117.357403258735 114.816073856869 2.54134428620247 -23.9325833519194 1.02288124924074e-06 0 1.02288124924074e-06
104.384679098892 102.711772534629 1.67291941532004 -41.542110671176 8.57669648773009e-07 0 8.57669648773009e-07
70.0269575030902 69.0040627603854 1.02289707851471 -46.9660582067382 6.08319745015211e-07 0 6.08319745015211e-07
89.4259307206554 88.117128535534 1.30880518352272 -60.1857503259021 7.78584681518991e-07 0 7.78584681518991e-07
57.5991983985539 56.820425456185 0.778774487403705 -30.4993434052461 4.40620537552536e-07 0 4.40620537552536e-07
89.7599229574516 88.7313605051098 1.02856372199411 -36.9730216007067 5.85628626791094e-07 0 5.85628626791094e-07
110.17517431193 108.923861026457 1.25131757465506 -10.8218666048692 5.09419278656977e-07 0 5.09419278656977e-07
114.756717450876 111.365553421665 3.39115654990811 2.03548383830588 7.77070515215112e-07 0 7.77070515215112e-07
154.25678766317 123.048972540006 31.2078287378745 359.907044911316 0.0193036863836091 0 0.0193036863836091
392.043911472817 351.194060750898 40.8498706927606 436.322876753312 6.92991010600359e-05 0 6.92991010600359e-05
371.867478843714 333.234802563397 38.6326950913437 412.521432228492 4.362092796834e-07 0 4.362092796834e-07
137.124754380929 88.5186434672091 48.6061111717066 485.442897168817 0.0118668707418829 0 0.0118668707418829
135.466556182613 123.364567256417 12.1020076178253 186.170060522712 2.94114845004631e-07 0 2.94114845004631e-07
135.715402449663 119.873686798909 15.8417334057002 351.340487685814 0.0323734104206317 0 0.0323734104206317
586.301289310984 459.417640044383 126.883649266601 657.052660548496 1.97150333882697e-07 0 1.97150333882697e-07
459.750668661279 360.254311317331 99.4963573439479 515.230659628678 1.54596279219995e-07 0 1.54596279219995e-07
604.722804329953 473.852486275069 130.870318054884 677.697175024614 2.03344773333585e-07 0 2.03344773333585e-07
52.5341021672027 44.6493344837611 7.88476006781054 104.529999069383 0.03645734414945 0 0.03645734414945
83.9206175058878 49.9795381300856 33.9410824859056 621.473399833096 0.122342072034954 0 0.122342072034954
473.971361998678 371.397451358078 102.5739106406 531.16742211331 1.59378145626611e-07 0 1.59378145626611e-07
456.568602427884 315.903442274852 140.665143994396 1313.14333357431 1.42986837093451e-07 0 1.42986837093451e-07
380.273399923546 228.440713978119 151.832665599511 2907.72742060937 1.0545237135447e-07 0 1.0545237135447e-07
146.945771644225 118.558631490041 28.3871456785225 350.819259739573 0.000291799783017085 0 0.000291799783017085
292.669187025839 208.286117066865 84.3830214372456 643.169277181042 6.47621834747942e-07 0 6.47621834747942e-07
103.947333607814 53.9557720129347 49.99155157977 388.499596722049 1.99688020024206e-07 0 1.99688020024206e-07
41.7649750520145 10.6207065792805 31.144268435626 244.502728497631 6.34818401560226e-08 0 6.34818401560226e-08
38.6468595021041 9.73253882078546 28.9143206813186 227.009916926753 5.85981044785026e-08 0 5.85981044785026e-08
169.345909924722 134.513281786472 34.8326043981986 264.385401059396 3.654610704646e-07 0 3.654610704646e-07
79.5587343494504 62.115654968065 17.4430593361558 162.019113524131 2.20038263895282e-07 0 2.20038263895282e-07
277.442174914715 254.973091524237 22.4690721814055 343.006043738924 0.0194504986102636 0 0.0194504986102636
532.210502379444 526.8136551513 5.39684821968354 3861.56074981555 1.70936254241538e-06 0 1.70936254241538e-06
517.858289978583 512.606980460362 5.25131048302143 3757.42537512377 1.66326586794327e-06 0 1.66326586794327e-06
529.755265268257 524.668897850551 5.08635374526863 3503.95814173726 7.25045138890942e-05 0 7.25045138890942e-05
481.612071686198 477.304749183431 4.30729381075331 2808.58795619217 0.000144459301198376 0 0.000144459301198376
559.730375495872 555.963633549835 3.76669518492982 1581.12479507388 0.0791016857927786 0.0767434409888339 0.002358225803881
510.926292974173 507.512431576975 3.41381935147828 1406.30542790966 0.0751762465088833 0.0729465350916642 0.00222969335718946
252.006432733371 250.669746610487 1.33667444553565 168.908717029455 0.0792706536016073 0.0770763944121582 0.0021942401069531
918.226602459717 914.480607477307 3.74576433531711 197.363916449089 0.750547071441232 0.743291669002306 0.0072553445517329
369.324127670947 271.695290032351 97.6288456387963 357.259806999918 1.77582676653943 0 1.77582676653943
293.229946239687 264.57213338553 28.6578115543729 726.079637535004 0.159102923356305 0.00119517560327307 0.157907747046791
404.876973921571 399.154312942446 5.72267203100606 123.331489039551 0.0133014185113774 0.00317531726735449 0.0101261010848191
370.708344264807 363.917065566672 6.7912687692122 2.08258471699979 0.0150674864748888 0.00198325067862317 0.0130842378299335
210.293556780845 191.368827320014 18.9247311432994 292.612366038629 0.2362811108444 0.060366340921336 0.175914744138165
1450.3140294481 1443.70838174965 6.60576029462121 -148.887270009775 0.000491086386071185 0 0.000491086386071185
1053.59279432516 1048.33589929395 5.2570195878905 683.356788533784 0.000393350580176201 0 0.000393350580176201
578.265670467821 572.392286138733 5.87338280324121 2522.61433682961 0.0190640098064035 0.0183541198184407 0.000709885443868369
657.138100992139 404.054582982036 253.083518010103 723.274716028278 0.00674291186922843 0.0016445360597239 0.00509837580950453
193.214876287813 13.0132285015495 180.201647786263 713.304249411882 0.000330355318564307 8.05707337421297e-05 0.000249784673252413
367.563182046696 361.253892545967 6.30928496339591 -96.1447126085005 0.00624815899754224 0.00152387009247407 0.00472428863613151
629.706596106988 626.292425302538 3.41422894087159 -213.862018876196 0.00924505414467118 0.00225478640417419 0.00699026774028814
209.447731073711 101.292642972752 108.155180993681 406.867499823582 1.24057531352397 0 1.24057531352397
432.016020748141 336.374376436229 95.641600673221 624.007697595456 0.079822896399346 0 0.079822896399346
203.539860733866 198.25682949789 5.28302879166549 301.836204558562 0.202671934543289 0 0.202671934543289
903.08489774763 887.808197531834 15.2766209904799 150.444416947199 0.0391962289064248 0 0.0391962289064248
1238.22454608497 1232.96815848571 5.25656079512714 -168.679283004022 0.00047827953529482 0 0.00047827953529482
450.229278706073 448.201433083525 2.02782169978571 560.042088066339 0.00583567777677404 0.00547769693748153 0.000357979483129824
1022.47907854298 1018.71316023586 3.76559365940598 69.0441066979267 1.0022187982725 0.994406333058902 0.00781240495163297
371.00863319187 357.406777071707 13.6018443513653 13.0794489665374 0.000183392284071901 0 0.000183392284071901
196.29512121153 195.744753126714 0.550276884250302 -50.9243233361627 0.263282368536399 0.261896091162281 0.00138626759235379
747.93984362762 493.246967280752 254.692876346868 499.229663070262 0.00823136519227696 0.00200755654856343 0.00622380864371353
19.1485376111237 18.1895411052803 0.958998347734519 10.0147988411502 1.8681518323215e-07 0 1.8681518323215e-07
11.1528361295947 10.4707317620736 0.682106018621595 5.39168173320212 1.62666592904356e-07 0 1.62666592904356e-07
12.3205044504136 11.4688294083027 0.851676823150769 6.46472606356085 1.83983858007831e-07 0 1.83983858007831e-07
7.96712747963837 7.47986017047041 0.487268488646244 3.85159570165943 1.16202324439115e-07 0 1.16202324439115e-07
10.7163695038308 9.59695448363146 1.11941640376497 7.58470214177119 1.76564066531769e-07 0 1.76564066531769e-07
4.65130210636046 4.36682975829199 0.284473036661668 2.24860657065707 6.78402746546951e-08 0 6.78402746546951e-08
6.01942789174776 4.07366243069455 1.94576566226255 11.0837024621331 1.56690485720766e-07 0 1.56690485720766e-07
6.3383975934359 4.12912091801199 2.20927677337061 13.3812983540316 1.59768599962369e-07 0 1.59768599962369e-07
4.08917262907391 2.45480115973731 1.63437146933661 9.1488463120232 1.20093977124599e-07 0 1.20093977124599e-07
7.20382022702525 4.57819743500643 2.6256236762887 17.722226682479 1.57568176435639e-07 0 1.57568176435639e-07
31.3771467608193 29.5629110369202 1.81423706096829 24.8164843759284 1.55669487575887e-07 0 1.55669487575887e-07
24.5458030061836 16.7930433637494 7.75276681706899 67.938501430021 2.8275099227729e-07 0 2.8275099227729e-07
28.3197346188237 19.3749836330053 8.94475926355741 78.3840858827912 3.26224123223211e-07 0 3.26224123223211e-07
29.0001118455666 19.8404646062505 9.15965571592661 80.2672513746833 3.34061607127729e-07 0 3.34061607127729e-07
33.75693656562 25.5819613505488 8.17498013008086 80.2485454764254 3.91197802648497e-07 0 3.91197802648497e-07
29.4926390346118 22.310706462901 7.18193570382302 76.2237285227377 2.82124343664916e-07 0 2.82124343664916e-07
34.6864228566424 28.426839644279 6.2595812690724 84.1038531249533 2.72742834704774e-07 0 2.72742834704774e-07
34.7198941622141 28.0364147096843 6.68347859597443 85.1795712429338 2.849419257986e-07 0 2.849419257986e-07
0 0 0 0 0 0 0
12.0140744408026 9.84598985645262 2.16808391126698 29.130416716004 9.44678767505479e-08 0 9.44678767505479e-08
40.1641267971803 32.6553692635071 7.50875629790495 75.7375042810833 3.56398875966929e-07 0 3.56398875966929e-07
0 0 0 0 0 0 0
35.3409169272348 20.9681887931947 14.3727281340401 30.5874061922255 3.60295289154256e-07 0 3.60295289154256e-07
28.1938115131889 23.9674989809642 4.22631523148063 41.1962133092013 2.14444903080095e-07 0 2.14444903080095e-07
0 0 0 0 0 0 0
36.0047542903763 21.3620514421743 14.642702848202 31.1619544732956 3.67063010410525e-07 0 3.67063010410525e-07
60.2588475049406 28.4482949781474 31.8105534766818 109.511166223618 2.98189734869476e-07 0 2.98189734869476e-07
0 0 0 0 0 0 0
64.8141937056076 26.3195590766222 38.4946346289854 120.094340746324 3.06552485835206e-07 0 3.06552485835206e-07
25.5831201163397 16.8540529243085 8.72906976890516 45.7665712520937 2.04327794275383e-07 0 2.04327794275383e-07
0 0 0 0 0 0 0
49.1073031979746 27.8118182079383 21.2954949746881 83.7881590533493 3.28622348046774e-07 0 3.28622348046774e-07
49.0817203803749 27.7973294328276 21.2844009269975 83.7445089840014 3.28451149771939e-07 0 3.28451149771939e-07
48.7939870988504 27.634372292097 21.1596247277008 83.2535709689342 3.26525660477514e-07 0 3.26525660477514e-07
36.3849549435468 20.6349055762754 15.7500518003412 121.614081667926 3.01811701048217e-07 0 3.01811701048217e-07
0 0 0 0 0 0 0
28.066769546901 12.3732630514129 15.6935064954881 152.362186487093 2.39739885837191e-07 0 2.39739885837191e-07
41.3572715184689 18.1999934025618 23.1572745233184 219.848619772375 0.00164376636739155 0 0.00164376636739155
98.4432182458226 43.195885154879 55.2473105927712 505.210617842511 0.0102925256244676 0 0.0102925256244676
46.8934695420081 25.5302105066979 21.3632539247998 205.967377354303 0.0034675624770833 0 0.0034675624770833
112.218449267042 49.22438177211 62.9940400816981 573.612343463734 0.0125410154363825 0 0.0125410154363825
125.462317572189 53.0729128635252 72.38937186061 652.034120150083 0.0131630843967006 0 0.0131630843967006
113.177788435017 49.6451938378779 63.5325669495532 578.51607178927 0.0126482267496102 0 0.0126482267496102
121.391521832255 37.2507991731269 84.1406861181194 1139.29929864411 0.00855310636067398 0 0.00855310636067398
170.37708163038 122.562826061296 47.8142350314244 465.423114236254 0.0210582719318606 0 0.0210582719318606
214.936460800588 188.238432553181 26.6980182942582 306.683099964989 0.0288395378302327 0 0.0288395378302327
123.115509433781 101.639234015682 21.4762757178529 260.12890690331 0.0155274592022477 0 0.0155274592022477
40.8809594775569 27.0539505432534 13.8270166026891 183.966606827932 0.00267578267337599 0 0.00267578267337599
40.2329258966632 23.1147763222174 17.1181594738391 222.959677996827 0.00345426358725445 0 0.00345426358725445
27.8515561840872 16.0013838683862 11.850179168633 154.345572938547 0.00239124086133251 0 0.00239124086133251
30.5572188112036 25.7632441249298 4.79398014589371 71.4972642222372 0.0117613564191766 0 0.0117613564191766
107.029372298342 106.287428113087 0.741944642695637 25.149072295271 2.29851206206403e-07 0 2.29851206206403e-07
129.001941370957 101.312832988481 27.689178381738 518.05994887054 0.0154557172227109 0.0154550572296618 6.59791951170409e-07
129.766976419514 101.91366013326 27.8533867006413 521.132259363915 0.0155473760400148 0.015546712132933 6.63704791256667e-07
129.234396192651 101.495393469955 27.7390728480941 518.993466085569 0.0154835676252164 0.015482906442894 6.60980862118067e-07
129.000517206172 101.31171450788 27.688872696782 518.054229555562 0.0154555465935874 0.0154548866078246 6.59784667152417e-07
128.506271358076 100.923554093151 27.5827869952264 516.069383621669 0.0153963310191123 0.0153956735619845 6.57256802617915e-07
128.911418127711 101.241739746573 27.6697483312808 517.696415839418 0.015444871636708 0.0154442121067893 6.59328961957594e-07
128.938874022411 101.268610831702 27.6703331372554 517.829116433816 0.0158854314148378 0.0158847719188299 6.59409647624985e-07
102.931327384634 91.536442748886 11.3949032143543 458.588605388927 0.893602498784752 0.893602323615036 4.0605213449535e-07
225.393227987042 156.343993789758 69.0492556676342 1044.45328648056 0.218130089631766 0.218129671846905 4.71815885241982e-07
325.379151535808 211.1107602203 114.268391315508 1553.41066171464 0.00967044728062339 0.00967003445984963 4.12823366352032e-07
126.923850636281 99.6807857704347 27.2431337374919 509.714527334142 0.0152067412583421 0.0152060918971132 6.49163370499689e-07
324.111557861199 210.288326874358 113.82323098684 1547.3589724175 0.00963277369967728 0.00963236248714732 4.11215112456695e-07
281.814215579875 182.845191559262 98.9690240206131 1345.42488367251 0.00837567343153975 0.00837531588323962 3.57550545609367e-07
65.221988958632 48.9847667045917 16.2372216575491 374.363777745023 0.350793044168753 0.350792790757168 3.42959375364262e-07
324.970253681293 210.845461302063 114.124792379229 1551.45851977881 0.00965829461157073 0.00965788230958107 4.12304578998882e-07
324.303281549327 210.412720011909 113.890561537418 1548.2742911152 0.00963847183310022 0.0096380603773232 4.11458361042135e-07
144.097180322892 32.2206838184506 111.876496504441 1083.36445225398 0.0056130491254443 0.00561280967061658 2.39616437698471e-07
159.728549024684 46.7004708065456 113.028078267959 1126.60908347962 0.00610858250646508 0.00610832191755886 2.60770346861773e-07
0 0 0 0 0 0 0
140.569590306455 30.4092954753608 110.160294831094 1063.44248056899 0.00549784213576526 0.00549760759775027 2.34698346713827e-07
185.800758570646 90.0363081366214 95.7644514545704 979.841479244828 0.00799024448725521 0.00798990424653486 3.41096971935893e-07
161.545640563062 52.2979107282099 109.247730339114 1073.91265742711 0.00652063906890872 0.00652036111936572 2.78360712685551e-07
312.858398429393 251.892618610019 60.9657851730634 793.229034012758 0.0143851049483008 0.0143844936258941 6.14088355996506e-07
452.293730640057 436.76823718765 15.5255033024213 526.477390258289 0.0216433043966366 0.021642385409947 9.23934979474289e-07
306.059107045761 243.054095284057 63.0050168111237 804.659657576383 0.0218149351198279 0.0218143376857805 6.00644418908247e-07
451.826420760833 437.688173661409 14.1382551331378 514.166821575541 0.022249159227657 0.022248214357991 9.49798423928965e-07
203.122254284551 198.981249221379 4.14092548007054 209.8276570598 0.0376411884677514 0.0376395823819101 1.60687140779122e-06
202.291064948579 198.255703240273 4.03527911932796 208.115259558358 0.0385939585851005 0.0385923117658006 1.64754437950111e-06
200.247461512173 196.276019920474 3.97135896739631 205.789950845598 0.0384929898224377 0.0384913472911364 1.64323410554347e-06
197.429431301035 192.739714867046 4.68966691890935 226.119692804688 0.413479516413836 0.413477847548387 1.69742617592218e-06
56.2457044326038 54.6849006213681 1.56079782767609 133.190861740114 0.0505906397369822 0.050588483466696 2.15967309519578e-06
56.2236848881023 54.6630548800281 1.56062404376904 133.212741564577 0.0506098920759481 0.0506077349856103 2.1604949618773e-06
338.79453679085 336.472100751944 2.32244993531999 158.97819732538 0.0515213518829815 0.0515191546946307 2.19940401998829e-06
611.040021513531 607.980465687572 3.05958883519259 184.088574377416 0.0525122688520476 0.0525100282252943 2.24170505486937e-06
579.3633421853 576.462800329067 2.90057275443731 182.091542245147 0.0526323141192191 0.0526300682860335 2.24682973096278e-06
340.762476016358 333.597305968138 7.16518180743812 205.532399345224 0.127079799254296 0.127077700108797 2.10088450168197e-06
467.425290697364 432.478177578424 34.9471270666147 410.841691156722 0.0150765462141606 0.0150758988960962 6.43605215324587e-07
211.304309425105 125.036292665039 86.2680470561676 1118.83389791269 0.015216185714501 0.0152155309246136 6.49566374394051e-07
168.419735250996 163.601224166767 4.81851015603593 235.928601060459 3.88032963762972 3.88032811816648 1.34130189015931e-06
180.377783879527 97.0642188383981 83.3135542657708 882.531254248029 0.0362145693090139 0.0362130178471963 1.54597010051277e-06
16.3372840712391 0.710603413123152 15.6266865302715 1016.46736303754 2.53009825930422e-06 2.52999015826033e-06 1.08007796728697e-10
26.525679482096 8.08860122803061 18.437082249712 521.520092425023 0.0405280335003115 0.0405263053831466 1.73010799580464e-06
24.0581937591773 7.33617910583693 16.7220182773019 473.00697579996 0.0367580134294783 0.0367564460661383 1.56916897889324e-06
26.1454219475034 7.9726474948435 18.1727783910271 514.04386755697 0.0399470459289613 0.0399453425851325 1.7053061202671e-06
27.6128875757259 9.45161861221609 18.1612723835111 517.974953120547 0.0402605761953368 0.0402588595175283 1.71869046854455e-06
26.551802530592 8.0965670530828 18.4552394770909 522.033696409241 0.0405679463623097 0.0405662165432586 1.73181184264137e-06
85.4856862924427 74.0483474668877 11.4373173079019 521.519123085456 0.0409019597757018 0.0409002173407311 1.74607070563171e-06
71.3556650456498 65.7238490768856 5.63179780191147 328.273437547281 0.0353468978404852 0.0353453936255432 1.50892994978706e-06
86.2843775533224 79.3160936231646 6.96826045850825 408.629577050553 0.0377588590692098 0.037757251712861 1.61189449600672e-06
12.6816820907603 12.2855668340356 0.396117953968756 13.7464748051718 0.0261048365586991 0.026103727691719 1.11439433239163e-06
6.82347163907258 6.17539063928828 0.648080882168278 103.730575105174 0.0212717634709955 0.0212708581147373 9.08074123500309e-07
6.56411519634888 5.91735925109136 0.646755748037955 104.950220184488 0.0208504573690414 0.020849569880971 8.90088903565914e-07
16.25542691935 15.7920282286518 0.463399551336951 41.7313303802657 0.0211690915519162 0.0211681909822684 9.03691256678194e-07
6.49159755577967 5.851986703771 0.639610656967893 103.790773386657 0.0206201101054783 0.0206192324220105 8.80255568035888e-07
3.30298666111932 2.97754656808539 0.32543999379533 52.8097339826871 0.0104917084036684 0.010491261829961 4.47882416403022e-07
6.603831970795 5.95316277002152 0.650669002360615 105.585231012063 0.0209766149527604 0.0209757220948629 8.95474467219577e-07
5.58666633635239 5.03388011372965 0.552786072872256 90.5726964038138 0.0183336389151201 0.018332858381916 7.8264798729516e-07
19.0159260398274 18.861935499666 0.153991175445106 38.8438779524932 0.00782215360417743 0.00782159321819968 5.58783854185528e-07
16.0451495454397 15.5991108957035 0.446042232556892 45.710987540683 0.00139540797147258 0.00139532057215806 8.73667535372104e-08
14.2581323482825 14.043856336674 0.214273409782372 40.7651766660784 4.21912903375292e-05 4.19496572045877e-05 2.41632235184187e-07
18.4173399217367 17.3441838662167 1.07315599521978 69.765637600835 0.000242582818441589 0.000242229132142456 3.53569153988129e-07
15.7269638498144 15.4164350916227 0.310525608022856 48.3188655050761 2.95535059471705e-07 0 2.95535059471705e-07
23.8669164431335 23.0046985715865 0.862213077652631 89.013175758633 5.70476320837621e-07 0 5.70476320837621e-07
24.4407312553166 23.5381811908164 0.902544896819454 92.2164279459793 5.74428371739542e-07 0 5.74428371739542e-07
22.7060766372048 21.9012736375781 0.804798682098045 83.802341002665 5.52844280300951e-07 0 5.52844280300951e-07
22.3819213267828 21.5923337007064 0.789583423644974 82.3992509499671 5.47073591952176e-07 0 5.47073591952176e-07
15.3453801816345 14.9355036445523 0.409875716877828 46.5803063975689 4.28497993617171e-07 0 4.28497993617171e-07
32.6407842555867 31.5059266601374 1.1348545192642 65.5331787627068 3.42295051851167e-07 0 3.42295051851167e-07
46.5860537587245 44.8866433939754 1.6994055474013 81.2809805303208 2.9018488370658e-07 0 2.9018488370658e-07
36.8801218290724 35.3392317740722 1.54088622878461 77.5432387684974 2.55839735974758e-07 0 2.55839735974758e-07
135.480872928543 133.466294013201 2.01457336150232 64.1071566276937 4.78286774483068e-07 0 4.78286774483068e-07
10.8828961458179 9.86481015758486 1.01808498893586 64.4109164154884 1.89369917645165e-07 0 1.89369917645165e-07
25.6817208076859 24.5710596794762 1.11065974649899 64.4381463546106 2.24357069158582e-07 0 2.24357069158582e-07
10.8264607624587 9.81365425794656 1.01280551039696 64.0769010291682 1.88387902953871e-07 0 1.88387902953871e-07
112.440783964711 111.154763903756 1.28601905898698 77.6560675916748 4.59245803582357e-07 0 4.59245803582357e-07
17.9072401006008 16.9785459156505 0.928693658568356 80.0230223468734 2.07951294328648e-07 0 2.07951294328648e-07
64.1142694878478 63.3558375637202 0.758423189380429 165.876264694885 3.52295151851315e-07 0 3.52295151851315e-07
11.7150691105775 11.3205352638814 0.394535623431009 151.71586261347 1.92674063731669e-07 0 1.92674063731669e-07
11.3063281671865 10.92555967989 0.380770202040798 146.422467907329 1.8595162975938e-07 0 1.8595162975938e-07
38.826918960494 37.1710772834773 1.65584163655932 155.09011129433 2.63234682854062e-07 0 2.63234682854062e-07
11.8157473101927 11.4178228768088 0.39792622538787 153.019694435273 1.94329886472956e-07 0 1.94329886472956e-07
39.2104856248021 36.6787366060676 2.53175044624404 100.127718453508 3.53077982300222e-07 0 3.53077982300222e-07
3.54615681175525 2.57947621154827 0.966681635369032 73.0958238218739 1.63688043226773e-07 0 1.63688043226773e-07
125.199017864762 123.091951414537 2.1070705535966 10.9602801766814 1.13802151653604e-06 0 1.13802151653604e-06
7.84861880895713 7.49457381704882 0.354045476080126 31.3642915613315 1.5271093793906e-07 0 1.5271093793906e-07
9.54026118260958 9.02651891207877 0.513742603367448 37.0249037780527 1.76388466752608e-07 0 1.76388466752608e-07
9.10079679426049 8.38693888910985 0.713857642311605 29.2899351043908 1.41803030555513e-07 0 1.41803030555513e-07
13.3548467534462 11.3578270225324 1.99701845439983 163.630345897266 1.98107091963576e-07 0 1.98107091963576e-07
4.97453058759145 4.47588117061361 0.498649277599 19.3829473149081 7.13289357709805e-08 0 7.13289357709805e-08
3.63615238836059 3.02081019505174 0.615342194947594 24.9600795026528 5.84840365993826e-08 0 5.84840365993826e-08
4.57747689531334 3.76054191506228 0.816934880371861 30.6168261140193 7.3773456703248e-08 0 7.3773456703248e-08
3.76093461244363 3.11879338087216 0.642141219570158 25.708495880443 6.05110735572807e-08 0 6.05110735572807e-08
6.88253605596706 2.78941969365791 4.09311617840682 52.1542574265483 5.69684266850996e-08 0 5.69684266850996e-08
73.5371482980487 61.2045639381344 12.3325794401732 232.696804595187 2.27468279589003e-07 0 2.27468279589003e-07
27.3263251939884 16.6378562115709 10.6884684381928 403.997713217999 2.41208021151111e-07 0 2.41208021151111e-07
32.4860028037419 3.54528078358249 28.9407160976442 272.026660671517 1.38154315096183e-07 0 1.38154315096183e-07
46.314932561938 16.211554199531 30.1033782476327 389.540150827112 1.4894323299341e-07 0 1.4894323299341e-07
49.693383795086 36.1550673310748 13.5383164640112 186.09571523219 4.68020691781389e-07 0 4.68020691781389e-07
7.38233818174343 5.65055092045694 1.73178726128649 80.3545907388228 5.96720537585792e-07 0 5.96720537585792e-07
100.400278379309 98.8303004751666 1.56996823606998 119.597244608501 2.84370151343478e-07 0 2.84370151343478e-07
82.4061611932489 80.544503274765 1.86165906954126 128.348435660601 2.94625375838951e-07 0 2.94625375838951e-07
75.3728128241685 73.5561431623923 1.81667252064727 123.393821871978 2.81647788640839e-07 0 2.81647788640839e-07
77.1206757622356 75.2618783165338 1.85880037086896 126.255271245503 2.88179079074464e-07 0 2.88179079074464e-07
79.0153955950815 77.1109307540825 1.90446783803231 129.357141970387 2.95259133951278e-07 0 2.95259133951278e-07
305.475369790738 248.755847544542 56.7195050106967 19.2861940476932 0.022901137902916 0.0113903317240075 0.0115108061789085
403.390448191201 393.837538200773 9.55290880408366 166.043264440966 6.39840341540157 2.91513820631311 3.4832656614635
50.2274954534007 47.6136278586333 2.61386075381623 -5.53176023930114 0.0449226252826476 0.0404701409583757 0.00445248235895597
157.103175909982 152.839857423738 4.26333756656302 -27.7541477143899 0.577979603469181 0.0131192042573378 0.564860393249243
534.359174085339 528.051811455808 6.30736118737155 349.422898605399 16.144683866616 6.84015994697766 9.30452368206582
597.40987534648 578.204997153564 19.2048786656711 575.021470901305 18.275707352892 6.21825866213654 12.0574487925494
285.420603680157 283.407089593813 2.01350641776507 -127.731821490954 0.909452309823635 0.552550657438602 0.35690164152305
264.98901866102 257.130234304093 7.85880676914883 146.354615699612 4.94696807844105 2.42851452657795 2.51845374363662
146.826240279793 142.452252465875 4.3740064927631 -2.19863668117236 0.661710525685046 0.0382366073410929 0.623473901336722
228.809925324098 213.089686091346 15.7202875486682 547.407759601146 3.91598921222052 0.717575543493461 3.19841338923217
202.731082380727 188.644983872909 14.0861417876034 487.339504054272 3.4241944496387 0.589350094344857 2.83484409561514
127.793599990665 98.3621010722779 29.4315161037701 251.116599686136 1.10939169553196 0.117572859979592 0.991818940242427
97.5148469792887 30.2863471838948 67.2285159356633 269.292132006246 0.00819708418024971 0.00273796186339414 0.00545912071150959
351.829269381088 335.86529700838 15.9639766780499 1030.6875874228 7.23789948329856 2.36045816607982 4.87744146778522
63.7593403782826 60.6305945758204 3.1287417298683 36.8561265788037 0.943677015208342 0.00688868745245397 0.93678781542358
150.636452077216 146.02803198709 4.60839670983186 40.600511636602 3.30664697599949 0.233282951749095 3.07336245176845
298.661526565269 289.314330584736 9.34718894808207 547.759766395595 7.26895485119045 3.30248925529558 3.9664654262395
46.3545304842867 44.0624047208658 2.29213004856909 31.4858636674827 1.05182133176727 0.0153587424167843 1.03646250364752
44.5126050469623 42.3115582936205 2.20105086821699 30.2347537414545 1.01002657198301 0.0147484534537157 0.995278036231793
137.118766395835 130.864487047743 6.25427756919878 58.0867217554395 3.38410168847598 1.88028131649385 1.5038212017529
20.2383880094396 19.23764590113 1.00074397920526 13.7467280772229 0.459225193449589 0.00670562693916804 0.452519529092506
102.919306341215 79.3330267025803 23.5862990925745 148.083972235145 0.0139358614954161 0.0128912268543312 0.00104463172287868
124.36853103263 109.011573997587 15.3569542252276 359.523442661809 0.88079575113594 0.741376337620589 0.139419386740683
101.931143379948 78.5712450533007 23.3599175939653 146.662292156361 0.013800977385502 0.0127673532247244 0.00103362127067998
111.090897606684 89.7422799348285 21.3486457088145 140.828358372317 0.400577498382345 0.242203301303863 0.158374177075399
97.3970403308254 75.0762374436869 22.320821297407 140.13845730072 0.0131870820482229 0.0121994355769288 0.000987643709753783
103.63909787783 79.8877819520654 23.7513355159251 149.119760141631 0.0140322260561156 0.0129812825268312 0.00105094059076044
193.553135598832 188.799661152726 4.75348667274187 175.540356540546 2.85446944063499 2.7673336235821 0.0871358219851644
56.5156565931289 47.3100023406918 9.20565425243707 80.3379326551718 0.0309263618703682 0.0286101334973144 0.00231622445119812
137.781433403726 134.166025817004 3.6154220748688 21.4816523320374 1.56957247650599 1.56552521482812 0.00404702586189311
57.744534269372 48.3387120690072 9.40582220036476 82.0848024244857 0.0315988253610345 0.0292322328674464 0.00236658848645542
146.85118227499 143.712272577119 3.13891481717174 603.308107828584 0.971592057155255 0.960238487893451 0.0113536144854634
21.9914203597137 13.6606043225398 8.33080741873173 242.825178029867 0.0191274641427694 0.0174306652461956 0.00169679889657379
335.106670991444 334.360106181916 0.746574780297457 114.486849618332 3.97780339113357 3.26872114055515 0.709082358030276
21.3660722748791 13.2721513435575 8.0939125579535 235.920200654746 0.0185835555241457 0.016935006805276 0.00164854871886968
9.16476604171431 8.41169511070881 0.753070642307095 48.9794666407399 0.030718455537995 0.0246262211215085 0.00609224006596182
2.60742684930564 2.0378488909442 0.569577693662551 34.2646018379847 0.0267731752894896 0.0209411232343864 0.00583205863229867
1.3588524214515 1.25214627455247 0.106705769279755 11.1768935469327 0.014826919105208 0.0135116258234467 0.00131529705795415
250.444417889914 248.136415034199 2.30800538856407 458.389728145953 3.29410451400098 2.91042241618826 0.38368214458051
0 0 0 0 0 0 0
305.510219735218 305.056742161839 0.453468540662821 391.028216378795 3.76616097686441 1.66678706396823 2.09937384691895
7.78068698340215 6.2326419320544 1.54804505134775 66.9072157457177 0.0204032178294882 0.0185932510125157 0.00180997089347435
5.20415139611817 4.72094324167044 0.483208154447724 27.9477514770751 0.0270979305975506 0.0246940763160242 0.00240385962257416
30.5011277556363 22.5616007954156 7.93953046570393 226.47826245017 0.120530827698986 0.0165014106603491 0.104029425789603
56.5583870402053 19.0211743595615 37.5372304583698 492.328702169233 0.00720316181471428 0.0046719640930663 0.00253119772164798
182.584687482524 144.870424739046 37.714272222761 326.917811221636 0.0632576265317216 0.0130258687402004 0.0502317562556969
208.685869634946 185.497351698389 23.1885182646494 159.926984405309 0.0111848638792703 0.00725449088881234 0.00393037035368534
133.095265442607 86.3617134771755 46.7335546608002 297.95946759956 0.0194797340404635 0.0126345327001996 0.00684519583022324
470.760498108936 437.148041846854 33.6124727449936 355.641878844048 0.0310009529569914 0.0201071873587028 0.0108937629154403
863.649093873634 840.709135504967 22.9399931856274 419.01777276039 0.0453018182733394 0.0293827175648335 0.015919100708506
698.640863885221 625.361833364985 73.2789991341188 513.808266113244 0.0298422337159843 0.0193556454513144 0.0104865885552566
549.990286135827 447.25999562889 102.730268259316 473.156132165117 0.020051976869382 0.013005692806421 0.0070462839709636
156.083129931002 104.325203677051 51.7579266907637 165.816588879136 0.00139464373276565 0.000904564681368057 0.000490079051397597
4.18179037805288 0.146782974405772 4.03500795526372 24.9834620765553 2.4256216663097e-06 1.57325609028565e-06 8.52365576024054e-07
20.1361259388945 19.7646349267186 0.371491577537592 42.0197158093711 0.13175496399189 0.131751972685657 2.99541359535159e-06
126.5452994619 122.028298733434 4.51699423491953 195.679367191056 12.0652963232915 12.0652960930295 7.87895982314593e-07
14.8915694833688 14.1721861536472 0.719382914791259 18.5922609811489 0.000150688195227092 0.000150099732332474 5.88453521311432e-07
7.72091683893912 7.6430827639089 0.0778339515112803 28.6235277745316 0.00267274005534216 0.00267207178410529 6.68358587087538e-07
132.718328681392 132.574945832403 0.143400138593902 -45.4027018068082 9.5081865771186e-07 0 9.5081865771186e-07
22.7815731059604 22.3389820514832 0.442593401400988 -16.7630807337891 1.17925883641975 1.17925730612579 1.23581817357204e-06
108.040259247638 107.722774649265 0.317493369091032 -9.10395098866741 5.79801367667983e-07 0 5.79801367667983e-07
