317.078649557892 297.687279409714 19.3913638188569 758.15327027561 0.130636211988851 0.114679542173908 0.0159566562237528
159.951969957945 0.0136989108869631 159.93827105516 458.620912201177 0.0125139250804485 0.0109854055789367 0.00152852287291549
120.268514046733 0.0593302918590754 120.209183789961 350.598178585681 0.00938615079588157 0.00823967477764448 0.00114647850622682
179.709321114159 167.004709641935 12.7045944408635 202.922866688889 0.0371456120532447 0.0326084361145895 0.00453717882193553
213.17803145487 204.134545698389 9.04346151692951 234.079311844746 0.0451270443431067 0.0396149703524564 0.00551207689939653
219.370479448069 210.064296288661 9.30615821573987 240.878905381613 0.0464379058482738 0.04076571577395 0.00567219306756395
216.614719218079 207.425441530675 9.18925305708108 237.85295353356 0.0458545468912133 0.0402536115994978 0.00560093824735412
272.725239482604 235.927026921463 36.7982100374233 302.351831683204 0.0527617326726425 0.0463171103250793 0.00644462084439394
430.797334913962 410.101523755943 20.6958241220972 448.276364716998 0.126563505122934 0.111104340973758 0.0154591949041053
480.155957232161 458.239511967802 21.9164690930734 753.376925124858 0.138271288793018 0.121382064028861 0.0168892539632274
256.362350403432 198.828401117044 57.5339660046253 306.488766178784 0.0459511127482808 0.0403383745092689 0.00561273191160625
174.093512725115 119.747218223798 54.3463008391567 565.226202653298 0.0949720975295843 0.0833716832462739 0.0116004393801174
262.269055585222 195.019303768211 67.2497542279337 659.665119608436 0.082853819872695 0.0727335797248714 0.0101202425292043
258.945840292162 205.862321859996 53.0835172926474 551.755827763455 0.0725175051462892 0.0636598009205261 0.00885770596918436
481.948808225451 373.59356987188 108.355227091787 952.618869130505 0.0856819384518949 0.0752162525182731 0.0104656853766373
91.3037075638921 8.44312533321186 82.8605800187248 340.95558191149 0.00135369264495209 0.0011883447295185 0.000165347773948894
130.69294912486 54.4562703239159 76.2366630331711 532.383612344796 0.0391538945739208 0.0343714137090375 0.0047824813316451
131.767732622242 112.783086085183 18.9846215023808 537.309114894573 0.073466476595261 0.0640451413551217 0.00942134041220013
89.0185469547856 83.910312069813 5.10822383852772 262.514349620067 0.463920284558659 0.240525723827719 0.223394582719111
333.746827816432 320.480847464054 13.2659748481191 310.407437857815 13.3110722184359 11.8547585889861 1.45631309040211
44.3973542518999 43.4599556681516 0.93739971205666 127.536699188785 0.0564962611891438 0.0238252238885401 0.0326710598667709
33.8888223606681 33.0930497470158 0.795772821397216 253.437743384149 0.327109201369134 0.0273179880122321 0.299791202627555
260.405375161706 248.109944314062 12.295485227549 183.093438012161 9.4772082643995 8.9109566075583 0.566251024004862
2.00975352056208 1.04464353110336 0.965109989458728 19.9319782114235 0.00306672270273981 0.00269213513585142 0.000374587087291072
375.032583924629 270.696675584435 104.335933981874 413.807987134635 10.5085314902602 10.419649205979 0.0888821733459491
2.03703678252333 1.05882501297345 0.97821176954988 20.2025633241671 0.00310835477254604 0.00272868201953394 0.000379672266904046
2.77982559220127 1.70981126929524 1.07001432290604 13.9319519911227 0.00205329798267643 0.00180249713634488 0.000250801663979689
8.93382027152981 2.98598782019947 5.94783219530093 34.1934008107302 0.00240614769941941 0.00211224749564152 0.000293900722748548
31.7507217088204 18.657622262248 13.0930991489649 79.1304324301635 0.451046130487322 0.449922418578386 0.00112358807335231
21.8580718161274 5.30061164677552 16.5574593383251 75.2037624194685 0.00253636001110792 0.00222655408341893 0.000309805512175636
30.2553733886931 18.9309554417021 11.3244183256925 134.566837996998 0.738739158333079 0.737152054042797 0.00158729523458296
37.5815856273626 32.7783929672148 4.80319263931507 181.228009151099 1.67474382998182 1.67180389736446 0.00294020679429061
171.156158058262 166.934261956204 4.22190982780906 678.728164393328 4.76785122347998 4.76591388033407 0.00193764022762762
99.0387685097358 63.6750192633379 35.3637370985763 164.379413097453 5.77866627011859 5.77574436888917 0.00292217115283959
108.299233981207 100.598162332941 7.70107547172001 306.757775734802 5.76903519279179 5.74553397978021 0.0235017571575524
139.476115435049 92.6086325974155 46.8674710294586 188.796685091996 6.59378105596544 6.59096165205586 0.00281936510784835
179.89334530055 158.49342686049 21.3999459525756 135.173064825922 5.38043280730448 5.37933670596058 0.00109601377224106
201.01385917542 194.38899719079 6.62491705746881 103.796580451225 4.01995275442132 4.01986463787915 8.79353625428783e-05
108.489458298724 86.9451196254819 21.5443385129031 524.661595593607 2.13258786870483 2.12939269090236 0.00319505686496935
146.384560639624 112.101286056598 34.283308502849 220.447308434428 4.0518781208586 4.05180604123329 7.18330451456123e-05
72.3110436461197 63.4211223718772 8.88992505921697 643.765469875418 0.536212773514567 0.536203060554994 9.71229139948574e-06
40.6493325004893 27.6819702707686 12.9673622297207 60.2216024068192 0.454955392699529 0.454954792956292 5.74314123339164e-07
99.7983466073702 88.6336420683616 11.1647039997849 879.675286301806 1.29276350899739 1.29275904285086 4.5631935531714e-06
108.878550910201 95.8592780584639 13.0192599460279 293.759088173339 0.0816038667020797 0.081600144290575 3.71839979057694e-06
78.1843572192764 48.3526353816945 29.8317212975836 158.51521472575 0.176897000440831 0.1768951541574 1.83569868766364e-06
66.2029946215859 38.6387725324433 27.5642220891426 110.165168810338 0.575178539650942 0.575177631467375 8.75127562563295e-07
7.69922333748136 3.50992400142515 4.18929756486109 56.3817761378015 0.00555777759432221 0.0055573385151063 4.39972762933552e-07
9.90440503542345 3.25119021661277 6.6532114592346 63.5833223080298 0.00271377799734693 0.00271356264654999 2.15759236135431e-07
367.509361442321 361.180355121251 6.32900758413758 -15.2184173764716 1.45502021965712 1.22575818457839 0.229262032294987
4.59485749456475 3.90235878436585 0.692499137666708 47.0243831878333 0.00959057378466582 0.00958981289196065 7.62499898644966e-07
98.7068594290251 79.055822193462 19.6510377702133 177.574420863258 0.0285874829146165 0.0285852108173006 2.27285110207094e-06
85.5113065955983 44.6165478600901 40.8947543949685 249.074183268728 0.0206577010241252 0.0206560587167356 1.64239288663177e-06
56.1305535409046 52.6091530103054 3.52139832749321 85.6541685936437 0.0224638095090405 0.0224620207682364 1.78598747983084e-06
50.4688329928316 47.1199251152838 3.34890607537443 76.3501728411419 0.0200705288464098 0.0200689302634485 1.59570942031873e-06
159.103580115516 157.431076516041 1.67250257061971 305.38791478607 6.53439106827549 6.53438098559372 9.95806235648484e-06
28.9047580422107 25.9315695422589 2.97318849995178 39.8908884128164 0.0107589576457617 0.0107580983099244 8.55391810107439e-07
414.892515560253 408.357358656356 6.53515394346326 97.4435067359233 0.0571023112828792 0.0570977719515455 4.53992539409304e-06
168.062039081248 167.124753635965 0.937295585308353 44.576667763108 0.0707109415010175 0.0707053229374631 5.62188114477952e-06
317.631847104353 314.203398135929 3.42844835860671 -93.539799900743 0.413241847449107 0.413233713430443 8.21293645469743e-06
102.787396173074 99.3120475357849 3.47534039001566 99.9073590963339 0.474155833294336 0.474150963528399 4.87225947160166e-06
32.3171981577572 32.1936243478399 0.12357202751704 64.3351402241245 0.0468447227601419 0.0468409975436018 3.72439485360999e-06
104.098368111338 100.314780685706 3.78359515491369 471.700256399047 0.138286489662032 0.13828019062017 6.28453890894048e-06
158.311184357206 140.600646896296 17.7106242597421 276.239910728498 0.100663835981171 0.100651680151511 1.21047900684539e-05
189.622557441733 149.426909563918 40.1956457130418 373.463435739812 0.917331516145878 0.917321431534996 1.01293998433583e-05
108.93978064082 64.5071179130181 44.4326920811937 450.382972645865 0.0296819705991853 0.0296741135593688 7.8514532636902e-06
99.3957457683723 46.0158596261047 53.3799055501923 514.257992397236 0.0150464206297765 0.0150393658491332 7.05898148865054e-06
217.704915789836 201.255697904563 16.4492372272302 416.519107798418 7.04648197532649 7.04647136076522 1.2260213083774e-05
230.773629291666 227.902108386134 2.87152626443869 260.982603010057 14.8116087069333 14.8115933121375 1.553015458742e-05
0 0 0 0 0 0 0
241.176253705108 237.699193160322 3.47707366655442 253.242823269348 6.2320042337775 6.23199182517305 1.28371879239808e-05
142.216767137712 139.756663049123 2.46009473738392 85.6813778633518 11.205982632486 11.2059661628971 1.62181588245581e-05
275.104905765618 273.861360424853 1.2435600421993 219.145463440766 7.76322872845607 7.76321598721282 1.31850011458704e-05
255.491522414161 254.336634639918 1.15490142755072 203.521663595269 7.20975557001674 7.20974373715021 1.22449870765332e-05
133.076918942601 116.987244084747 16.0896863029785 505.632769737102 0.611041480451467 0.611027145340971 1.42926652974643e-05
178.655190266238 177.52746612204 1.12771531937534 -95.7936312681505 9.27991922931961 9.27991040449651 8.43471561935399e-06
201.17623334422 199.413443538993 1.76279294233225 109.35669053051 10.2901779214409 10.2901624238154 1.47626573956893e-05
8.24727982311761 5.31994407876962 2.92733573482706 158.457894190618 0.0131747424994295 0.0131732491937954 1.49292375259724e-06
76.2392965873501 74.7087314048582 1.53055043472473 11.5318777576557 1.87001980310816 1.87000515189689 1.45726082465282e-05
368.757302584559 346.895517770929 21.8618216488636 -92.621089836813 26.8963656060641 26.8963582390174 1.07377652770364e-05
92.2864125076854 89.8795713461534 2.40684103294756 -91.7922742906498 8.02132348608498 8.02132303048709 6.63204147542676e-07
135.786276920202 131.169492211646 4.61678521903449 -11.3425144555974 6.96986787225159 6.96985727028612 1.10534757713939e-05
33.2844131888191 31.8743728973124 1.41004160883532 53.5818648452538 2.45792303481561 2.45791346951592 9.75414156157375e-06
0.35375468414186 0.350250497245011 0.00350419554050463 70.1271637143518 0.0262523992335357 0.026244732228098 7.66583647724945e-06
239.246582130499 226.979831610918 12.2667564330375 28.2485795471523 12.7828384696025 12.7828254781665 1.28838388670663e-05
0.2809083171332 0.278787421797148 0.00212090950421616 80.4277829871265 0.0187042818363148 0.0186955054462621 8.77505194838297e-06
20.3969696392677 18.520999789824 1.87596713985444 4.1885740365538 1.46570700533771 1.46570625015677 8.19428576843422e-07
58.0003516226595 52.3961023906245 5.60424080234256 13.9058841509629 4.05030285998566 4.05030075256253 2.34710456764507e-06
120.251192835477 108.631993360896 11.6191819974356 28.8308451552894 8.39742754366228 8.39742317437594 4.86621401547934e-06
16.7204017707573 15.943062129225 0.777336981771636 -40.5554632512858 0.504522009493628 0.504510544456228 1.14434584820875e-05
493.943876695551 490.740159979841 3.20370492782432 -177.38254244189 0.00071057618983211 0.000698950146077488 1.16260310255495e-05
100.812763285604 100.562173836118 0.250576759333286 -106.980470209833 0.000921604922360107 0.000906526178644911 1.50787636843533e-05
0.190749443334767 0.0877077442859895 0.103041699048778 0.538940309215846 5.87538583966483e-07 5.77925634342185e-07 9.61296333609587e-09
1.86467317167088 1.18346727105945 0.681205900611423 2.47286855212908 1.53664598385096e-05 1.5115041365519e-05 2.5141698470552e-07
6.27619481359879 4.66220174412558 1.61399350523389 3.58892831851557 5.13592054377418e-05 5.03140968646154e-05 1.04510124867798e-06
15.3392894211846 14.1731721419914 1.16611841254236 -11.0064054233458 0.000121022755885658 0.000108927384051156 1.20953730256954e-05
7.08537760039337 6.57426994662902 0.511105594204994 -12.2010512745539 6.6844885774082e-05 5.82141787069918e-05 8.63072086821865e-06
2.26222572485932 1.90067410450503 0.361551583048687 1.74086285986221 2.00658013238251e-05 1.96104372672641e-05 4.55365665221982e-07
3.14425389236547 2.73847366777431 0.405780512629179 0.131852117444367 3.02469594918845e-05 2.97023800873593e-05 5.44580262862051e-07
3.38695712967215 2.79333257856521 0.593625039898607 6.22317739966641 2.67033708435788e-05 2.62664625191373e-05 4.369048573964e-07
4.25959922202459 3.44678555709935 0.812813703730438 10.3519265136682 2.57567023420383e-05 2.53352869498835e-05 4.21416103203595e-07
5.31005837639477 4.89353268317441 0.416525798746094 1.70338925796133 2.66484257968393e-05 2.62124227202455e-05 4.36005885016344e-07
6.51323430585347 6.13450001891896 0.378734851696474 -5.62371968641612 3.98933388105487e-05 3.92406327949055e-05 6.52711371409849e-07
10.2564164704166 9.49603098584239 0.760386578545342 -20.2232289601852 0.000107443474628122 0.000105685562553281 1.75792699262824e-06
5.2262697209382 4.97549633011032 0.250773440670556 3.24190364250702 3.23478570098219e-05 3.18186020280497e-05 5.29256690270654e-07
5.26181650540474 5.05945537287175 0.202360653200026 0.436954370506043 2.48005497535355e-05 2.43947750731312e-05 4.05772027263796e-07
24.5204214195116 23.6208168590625 0.899605192256127 4.48985767695458 8.33946181234556e-05 8.20301237791139e-05 1.36445356239287e-06
22.3287646922008 21.3840145073543 0.944750801735738 5.90432499571017 7.74641901699052e-05 7.619673199554e-05 1.26742341163715e-06
9.68646193572003 8.49405789799689 1.19240386576925 13.2174917543609 3.62062046248512e-05 3.56138183009322e-05 5.92384733668101e-07
30.2728259353537 29.1701736567282 1.10265325006539 5.66504790486948 0.000100124852546109 9.8486616311627e-05 1.63818377672831e-06
51.746919358975 50.8134741804653 0.933444608821791 -6.31924511556739 0.000135665910446885 0.000133446224911981 2.2196862882373e-06
31.7247043161856 30.9430269918473 0.781676563749437 -5.94852133151428 8.38967096332415e-05 7.76154218999742e-05 6.28129451015165e-06
86.625623648659 85.3188303773058 1.30679305092416 -25.3614859426282 0.00015540444155175 0.000135212167516783 2.0192287483166e-05
244.843310353865 243.143560990072 1.69975412168013 -74.5139841045422 0.000317834561137872 0.000276537069909316 4.12974505686342e-05
491.401587354149 471.757433586948 19.6441525268819 -114.099015841683 0.000592361325293504 0.000515393509653677 7.69677639421618e-05
461.86456118197 452.598501430634 9.26604991904826 -171.957346053428 0.00220715503967091 0.000482051928211464 0.00172510289095311
400.997098442123 393.075038916942 7.92203843171765 -161.494584832783 0.000618484744452841 0.000538122665722235 8.03620777524808e-05
580.303235154291 561.340112640933 18.963128375034 -171.529124184432 0.000755596055305554 0.000657418563162939 9.81774804552946e-05
495.331587318026 412.695125983578 82.6364482677541 211.757570173942 0.000580553130159884 0.000473032035988744 0.000107521094966532
665.264113975313 476.24941811056 189.014686360755 441.021516246918 0.000430461817871957 0.000377777990860807 5.26838178259683e-05
693.075329660668 630.86549852982 62.2098465305873 -305.178254518369 0.00144131731195458 0.000546559639624629 0.000894757564963077
694.127006596265 680.391912971121 13.7351547337014 -149.746869507964 0.00119088778931469 0.000651828621741908 0.000539059136212585
546.641784837201 540.094961808069 6.54680573281768 168.819569590813 0.000491285960963276 0.000483247772778262 8.03813191399051e-06
517.574244996385 505.164986042686 12.4092488862059 73.9201664546028 0.000523981854720651 0.00051540873521196 8.57308339174762e-06
590.358665201336 567.606899152231 22.7518217785115 986.647459297434 0.000506687277568882 0.000498397155443879 8.29011941045102e-06
602.913583396254 583.621808589921 19.2917546468047 -96.1973287433843 0.000561400657559639 0.000552215319929026 9.18530807903095e-06
231.716143121135 209.712708896771 22.003436484136 125.071096384454 0.000250928677572903 0.000246823149398492 4.10554800925068e-06
144.075268717886 141.024746468802 3.05053238322069 -11.4487112068813 0.000252114949754489 0.000247989990712477 4.12495690991923e-06
210.983266098831 207.733198745722 3.25007001956352 -7.70639936478114 0.00026273353684275 0.000258434835366401 4.29869187637652e-06
64.4320860541105 62.7523187577663 1.67977270589601 11.7468208508372 0.000138434517140573 0.000136169544592939 2.26498441173333e-06
122.931736362257 120.320957038456 2.61078695635973 44.8308506900651 0.000190347840371509 0.000187233528821069 3.11436037355218e-06
85.4048267495505 82.5198897347149 2.88494149432014 27.7040879817325 0.000154333151650398 0.000151808068450327 2.52510877872649e-06
9.73100983007512 9.01960858233798 0.711402256206172 -18.0367998277819 0.000100249675523916 9.86094629808765e-05 1.64022628490848e-06
7.42747377180554 6.94920373529841 0.478270616162237 -6.34419105477738 6.56156967318261e-05 6.45421390516564e-05 1.07356551253259e-06
25.9072195614921 24.8263433094665 1.08087823421452 13.0083789099987 0.000110678929763602 0.000108868116896053 1.81086423147634e-06
38.7141991230677 37.359386561035 1.3548131774447 13.720349539551 0.000123153193265548 0.000121138235201853 2.01496052014751e-06
109.804982875219 108.953734586091 0.851249659840961 -15.751645208727 0.000199605468948558 0.000196339667290004 3.26582790224538e-06
64.9570173937138 63.9068712631774 1.05016078187389 1.89302002614407 0.00013792869592977 0.000135671969482509 2.25670807784768e-06
73.0363943500969 71.7760796159619 1.26033861319192 3.72893177993378 0.000165657625480865 0.000162947203154551 2.710392014147e-06
24.7054554250741 23.7890457346886 0.916410232570567 13.0059904591031 7.05336701300126e-05 6.93796268611167e-05 1.15403019024314e-06
160.814725806668 159.19563037732 1.61910281110583 -32.4419316947829 0.000230241322746965 0.000226474231033166 3.76707300860954e-06
827.131804054377 815.859066449175 11.2730810995736 -286.816232346358 0.000557213874183264 0.000548097034722191 9.11680399297794e-06
541.165994156983 525.352232751293 15.813745570108 -174.778957228597 0.000487286562803965 0.000479313868332179 7.97269677292155e-06
1199.81297131671 1196.62237423636 3.1907022653556 -150.478990682266 0.000793852608900063 0.000780864093402447 1.29885506955854e-05
1068.65168909872 1066.00238915544 2.64938317705826 -201.191456652928 0.000791026266400446 0.000778084013506127 1.29423099066792e-05
543.151260132246 531.469786264227 11.6815063990155 -248.801302732671 0.00053958880978882 0.000530760424816076 8.82843694857939e-06
356.6581097877 284.417548474214 72.240590582779 143.94934192931 0.000316956326919455 0.000311770515483455 5.18585419377354e-06
290.898637191541 138.955863974838 151.942748387581 575.487476601283 0.000177944954515249 0.000175033529525097 2.91143152091222e-06
341.94378071667 147.394337372865 194.549472818216 1094.60154864097 0.000178870604294177 0.000175944027329557 2.92657604056583e-06
285.41233539965 103.533277240946 181.879087162501 1242.19659577027 0.000116934529808778 0.000115021310801999 1.91321367376115e-06
384.114954548459 318.106907849441 66.0080644120685 224.987494068326 0.000303723217737154 0.000298753844783338 4.96934094532517e-06
707.265610588977 656.379560224046 50.8860372861762 -117.01473440278 0.000507963532396613 0.000499652523149099 8.31100064595455e-06
803.00415284388 789.841548284717 13.1626143411803 -504.042828977363 0.000685197446362016 0.000652906349946775 3.22911075566493e-05
839.159483517538 812.16364127742 26.9958376025073 -347.304616790181 0.000784679415438964 0.000586286433089331 0.000198392983273871
956.607572068818 948.213388800359 8.3943159084329 -421.108104720448 0.00187548637425399 0.000848964645733835 0.00102652178672867
956.902971849429 949.195054620565 7.70802070077325 -767.375509889381 0.00162441845977697 0.000771909843145243 0.000852508669034074
1062.65631979342 1059.71485847372 2.94135228372352 -632.36372052303 0.00181486577441569 0.000862408784162792 0.000952456963444987
777.86795098648 772.809435238769 5.0585334582294 -520.548671135575 0.00152352384241052 0.000723965499915131 0.000799558209335552
339.909086359588 311.964044493521 27.9450376542247 229.540658005695 0.000799707709191268 0.000380014276386856 0.000419693427149935
144.752438631452 100.975505820183 43.7769415644154 593.397045660547 0.00031537331778924 0.000149862702778933 0.000165510588071693
190.479140351395 180.188043805875 10.2910726305659 61.7260757978091 0.00314268712608998 0.000298065907732706 0.00284462118684445
196.945902050071 186.038899131095 10.9069746877797 55.7660542606399 0.00465340182373116 0.000308722184634385 0.00434467960666037
231.069693113064 219.072500335831 11.9971836654962 42.4011065895397 0.00115683817323706 0.000356915625262769 0.000799922323103836
133.799831137217 114.043373180275 19.7564525719801 104.523420857864 0.000280519065580993 0.000275929365524658 4.58968797662412e-06
239.741023017895 183.646465661489 56.094543146155 347.829850288228 0.000285608075799042 0.000280935107938672 4.67295132231524e-06
412.774042860185 383.09102176675 29.6830042866086 153.581910533299 0.000426291963838345 0.000419317197920576 6.97473862192119e-06
518.368669962497 491.060098464219 27.3085908749669 -13.2347687442076 0.000482631949380142 0.000474735409081438 7.89654070397919e-06
303.089337784087 292.125295850413 10.9640135656214 4.52758482771107 0.00042084351406664 0.000404038408438751 1.6805102945158e-05
418.390835556775 391.927316555936 26.4635360478443 75.6596520766893 0.000398975234747238 0.000392447462679722 6.52779890854406e-06
289.689104404758 280.136948561242 9.55214777686105 -22.4906368367584 0.000410237756999662 0.000403525700859554 6.7120697781228e-06
68.7786774253827 65.1518860544765 3.62679426402582 -15.4821433129949 0.000257194775783621 0.000252986686298191 4.20806989518e-06
67.9995036440273 64.9998732330411 2.9996304109862 -44.8446852100721 0.000378924169097642 0.000372724399609704 6.19973487437747e-06
59.2209076778878 57.6977017176731 1.5232067687312 -26.0557521611599 0.000202722065219303 0.000199405270618341 3.31681958075965e-06
68.1011355275844 65.0970218766876 3.00411365089689 -44.911709961448 0.000379490508187885 0.000373281472540388 6.20900098220285e-06
58.9049542422982 56.6827306773036 2.22222507992404 -51.6473637074683 0.000320164813956256 0.000314926430079158 5.23834848432764e-06
56.4084550101459 54.9429156169486 1.46554133980958 -55.6296607625411 0.00027245902664563 0.000268001188159864 4.45781425589941e-06
37.9748855065809 37.0773834305359 0.897505200932634 -51.21943105645 0.000194759849553097 0.000191573273475242 3.18654572844068e-06
48.5359420614518 47.3877442467979 1.14820181252236 -65.7887533692694 0.000249140365675601 0.000245064039053212 4.07628764317093e-06
29.7246512539811 29.0351074187684 0.689546151537332 -28.2064670062243 0.000145452374898035 0.000143072552144689 2.37980591746569e-06
44.0992361168476 43.1786054485127 0.920633860625935 -23.3887717092195 0.000202110590254181 0.000198803761898732 3.30681415677231e-06
51.237443348184 50.1524495826381 1.08499521978434 10.5675462832596 0.000180223291690921 0.000177274584250862 2.94870711300549e-06
75.3085380368841 70.54476976451 4.76377156109269 5.77197152221421 0.000240992825643286 0.000237049840477944 3.94298320998909e-06
159.599730525906 113.620103680511 45.979647059138 364.916037633795 0.029486773508401 0.000126283372676602 0.0293604921807162
177.994361193824 139.574918102744 38.419423284756 361.535180928525 0.000269268857274319 0.000156884033352965 0.000112384830897294
168.489897929806 132.243024194928 36.2468549238504 341.50949114418 0.000151038249861579 0.00014856704525388 2.47119990494158e-06
124.298500413346 66.183691073421 58.1148127818292 479.085176472393 0.0175546741731824 0.000102979262628875 0.0174516973757489
92.5239861911952 79.8428371274173 12.6811490637779 147.93434029656 0.000101119098334664 9.94646087565431e-05 1.65445032569905e-06
98.6759642863143 82.0356649519356 16.6403056269852 315.452198239206 0.00011229139186691 0.000110840981503624 1.45037804661374e-06
398.627814311046 282.124695923736 116.50311838731 681.18327215354 6.40384144235657e-05 6.2990655658652e-05 1.04775876491365e-06
312.585708948149 221.229289379916 91.3564195682327 534.152782132728 5.02159971127507e-05 4.93943925869771e-05 8.2160452577354e-07
411.152651629654 290.989019468528 120.163632161126 702.585967503901 6.60504935961717e-05 6.49698143786238e-05 1.08067921754782e-06
54.7077942911824 44.1863232886514 10.5214787443924 106.577936610638 0.176186429131652 0.000128724672174346 0.17605773419671
79.0836236604182 42.1091810012255 36.9744507467486 630.221937650083 0.0342531740682045 0.000116574637340819 0.0341366007515145
322.254396372897 228.072202497766 94.1821938751315 550.674830773019 5.17692440012251e-05 5.09222261660165e-05 8.47017835208556e-07
323.969053707832 199.11074216448 124.858308958598 1359.1528215987 4.55884186865204e-05 4.48425280228659e-05 7.45890818739795e-07
278.833542489574 145.338409471244 133.495130405394 3067.82010121907 3.33871259969247e-05 3.28408656892211e-05 5.46260464479797e-07
114.01960398755 77.861747328003 36.1578549434256 364.706439292662 0.000510796576882252 0.000158700010787682 0.000352096484066035
445.45518099272 303.930303783315 141.524780165949 703.775254395825 0.000209839394628611 0.000206406191231169 3.43326938699259e-06
167.428889428177 80.9240520816562 86.504817316303 423.103925870369 6.65428849499675e-05 6.54541619553539e-05 1.08873568778314e-06
72.3617194342519 17.5891048867573 54.7726144732786 265.63016453468 2.23255211662788e-05 2.19602432738284e-05 3.65277058093737e-07
67.0031359249253 16.1473793335598 50.8557565913654 246.622223656006 2.06207403113287e-05 2.02833550529922e-05 3.37384435161218e-07
254.458179554122 197.33004163414 57.1281614431852 268.658249937385 0.000121066759452534 0.000119085926268653 1.98082330475089e-06
115.884974909666 87.4372536824481 28.447746999656 164.768359011576 6.41137706349431e-05 6.30647763261144e-05 1.04899200944434e-06
301.45462064039 264.289547842902 37.1650683700364 368.795077247221 0.0280981558364198 0.000241821119346063 0.0278563358591041
651.208559447355 643.507276597955 7.7013086294121 3616.16130760086 0.000552827967913204 0.000543782852355449 9.04504615002988e-06
633.647305919548 626.153704892885 7.49362611146152 3518.64366198804 0.000537919760763677 0.000529118566397058 8.80112683062444e-06
608.046281044658 600.886277974317 7.16002731544514 3272.82613028804 0.000737025758597593 0.000511722180707776 0.000225303550202894
508.239629487966 502.291359382568 5.948290576367 2613.03220839262 0.000877211337896132 0.000432434855826899 0.000444776502825341
439.966001854909 435.029047131003 4.93697332296225 1535.69402626794 0.189179805921445 0.187343661700167 0.00183612244595998
399.054428756858 394.582997237807 4.47144841109511 1370.66924546522 0.179767047633843 0.17805812602435 0.00170890090737419
160.622210670149 158.914526647395 1.70769114308801 234.154643798821 0.189221517684658 0.187911860350886 0.00130963540314195
628.541922939223 623.914842009312 4.6269798127231 341.385208066103 2.06749405740372 2.06304001074732 0.00445414693260618
366.088290010518 248.906007296878 117.182267334162 397.995694285178 1.72222936243883 0.000226371779526984 1.72200311889074
276.184471857515 241.65381319529 34.5306569802637 934.327220103314 0.191295513850015 0.0208898049809152 0.170405706541788
343.925323955063 336.629460853753 7.2958693074318 138.689937601477 0.0325813126816972 0.0268798370768745 0.00570147814550638
293.870494327301 284.44200543064 9.42847721201932 37.3566864392698 0.136523703902359 0.125691736037889 0.0108320120693402
165.832401198043 142.818303245325 23.0140977386841 298.03635728337 0.897476107658783 0.713213028607763 0.18426309568276
1394.11517403399 1386.05925023997 8.05586021299825 42.680645717171 0.00210716729283842 0.000695245426500771 0.00141192144697383
1037.46994707579 1031.1893134926 6.28085258455115 865.978158471223 0.00167625776815021 0.000576256533122299 0.00110000112292888
560.717196303299 553.393934494047 7.32329620915022 2363.39152695778 0.0459987959574881 0.0451374193191291 0.000861371436405992
541.406380509991 248.912977082981 292.493403427011 809.829726174059 0.0111141379864435 0.00903047013628461 0.00208367331009562
218.174670926849 9.72596121775515 208.448715604443 750.418274949417 0.000660007321982714 0.000536269545259783 0.000123737865153167
357.922290376728 350.031618623655 7.89067283748434 -59.004949377453 0.219044487082479 0.216251478433773 0.00279308640711826
565.873893128562 561.634045069714 4.23980835409684 -275.767875779496 1.25443588882178 1.25064277762488 0.00379361694147253
293.45129770941 164.57448775405 128.8768099672 451.575259311115 0.924624193944571 0.000131575462513503 0.924492548063382
486.668395593249 375.906366160791 110.761965833822 662.356480854695 0.0603991677056453 0.000294616906923798 0.0601045463423817
190.940989359841 182.932642318008 8.00834311517374 300.002850902815 0.218159489395359 0.000306218754665551 0.217853267741069
825.100339940773 805.263632640051 19.8366497116502 577.615386639248 0.0592558208258459 0.000477999323516101 0.0587778232590955
1211.58802163181 1205.24031386502 6.34781289245595 210.847918069346 0.00207622965015205 0.000651869780560803 0.00142435989061113
470.692198515718 468.410681020476 2.28150783257559 529.694148239607 0.0143096720615499 0.013625237625805 0.00068443267771244
715.511042555362 710.933702231254 4.57718191804091 195.631569651671 2.79904208283241 2.79419694936357 0.00484531009035209
401.928649833771 385.434811021197 16.4938561071522 138.880568422011 0.000776972487480993 0.000243944505717749 0.000533027898798641
144.008714659242 143.374827570232 0.633837173242651 -41.0078742138573 0.748899489939702 0.74801812421684 0.000881427290436538
600.107350468602 303.858875097729 296.248475370873 625.005803374068 0.0135675106449586 0.0110238868594638 0.00254363045067653
12.4638647410425 11.9422405999242 0.521624044661537 6.66590093129605 6.15375761953606e-05 6.05307359391388e-05 1.00684215202564e-06
7.82906050410874 7.45819465971485 0.370865496793781 7.41798688707165 5.40625217352137e-05 5.31779837590727e-05 8.84539714141553e-07
8.74279715177215 8.27360744853978 0.469189275416136 8.8296113911062 6.06375291928593e-05 5.96454148658926e-05 9.92116164743213e-07
5.59275886036917 5.32782755269137 0.264931059366587 5.29910477342711 3.86200422502595e-05 3.79881646960115e-05 6.31878795804089e-07
7.96729899293005 7.3297007785171 0.637597673254025 10.1293775959349 5.62713399218563e-05 5.53506621724914e-05 9.20679030832477e-07
3.26511796555087 3.11044797280983 0.15466984777405 3.09367927869344 2.25468318820619e-05 2.21779343833653e-05 3.6889822353156e-07
5.73725512693937 4.58085212356864 1.15640211141094 14.2094239731394 4.38822336789076e-05 4.31642578700702e-05 7.17975425916722e-07
5.99924210942783 4.68667419458843 1.31256715548826 15.1653075921061 4.37902920041965e-05 4.30738203051929e-05 7.16471076040919e-07
4.19698914882794 3.22196183926491 0.975026564083149 11.6748337935485 3.27235255229065e-05 3.21881218673833e-05 5.35403133687221e-07
6.19333102739477 4.63516668586835 1.55816366817709 19.7203351083906 4.36137497725313e-05 4.29001693805766e-05 7.13582599947918e-07
18.0188886434753 17.0148527224696 1.00403745388802 13.7806931928968 4.81814558723378e-05 4.73931402847999e-05 7.8831667713038e-07
15.4531659751051 10.8947474380616 4.55841925450693 63.2074631180681 8.25551499783532e-05 8.12044532405074e-05 1.35071897921352e-06
17.8290993097827 12.569821248353 5.25927888920363 72.9256476547878 9.52480527206697e-05 9.36896855669585e-05 1.55839281470232e-06
18.2574406522066 12.8718092520091 5.38563224785853 74.6776750158357 9.75363723972135e-05 9.59405657146168e-05 1.59583296008908e-06
18.9852523892366 14.1645523675115 4.82070070879039 148.580537647835 0.000118555851089283 0.000116616129993076 1.93974136739316e-06
16.7890633104187 12.5330410615559 4.256024415902 117.384398517111 8.84340616317065e-05 8.69871647844298e-05 1.44690620371457e-06
17.9223510112149 14.1687192709835 3.75363562681342 180.540575585293 9.29773213006817e-05 9.14560742424947e-05 1.52124025666842e-06
18.2861871469882 14.2899865239304 3.99620424071097 172.723075501214 9.53390282825971e-05 9.37791438302624e-05 1.55988113915191e-06
0 0 0 0 0 0 0
6.20762942586617 4.90751233576203 1.30011843627021 62.5324762842097 3.220385290318e-05 3.16769500433653e-05 5.26900504024163e-07
20.0331546447839 15.6481779564471 4.38497929474691 181.961309454184 0.000113974042480479 0.000112109261210419 1.8647764497917e-06
0 0 0 0 0 0 0
22.0579455115812 13.7146483769356 8.34330257549466 25.24184874561 0.000109612795258946 0.00010781940074099 1.79342081539243e-06
15.3679213328484 13.0011543048513 2.36676690191252 76.2049716800643 6.53412437545648e-05 6.42721641845873e-05 1.06907509052457e-06
0 0 0 0 0 0 0
22.4722779527818 13.9722618404941 8.50002165533664 25.7159870467357 0.000111671742091624 0.000109844660776851 1.82710810617621e-06
43.1831305898066 24.3528044856948 18.830333244433 123.366993077419 8.891303678648e-05 8.74582995527109e-05 1.45474288029103e-06
0 0 0 0 0 0 0
47.7547194791003 24.9106199930102 22.8441092129065 114.88167777583 9.07699990289949e-05 8.92848795192701e-05 1.48512534581457e-06
16.9814254501431 11.4638266912798 5.51759668368779 92.7600377604178 6.25379042686103e-05 6.15146954283429e-05 1.02320854376309e-06
0 0 0 0 0 0 0
32.9870129980383 20.1802792628321 12.8067237505545 239.267302903657 9.93553428777685e-05 9.77297517052548e-05 1.62559416790914e-06
32.96982816642 20.1697661951237 12.800051991846 239.142654809196 9.93035829673503e-05 9.76788386587398e-05 1.62474730244554e-06
32.776548127006 20.051524353356 12.7250138527027 237.74072145626 9.87214325135175e-05 9.71062129935234e-05 1.61522249627824e-06
29.0131257865274 12.9817845917493 16.0313376716543 164.703464293285 9.82614275423706e-05 9.66537440710865e-05 1.60769590954063e-06
0 0 0 0 0 0 0
26.4139648929826 6.88136972203399 19.5325924201712 158.745718390343 7.94026592846296e-05 7.81035129231393e-05 1.29913994300945e-06
42.7783997040657 11.8277463684699 30.9506579087827 229.270285088001 0.00250664624764153 8.4225419221883e-05 0.00242242169412655
116.797500642515 34.706009898276 82.0915351187209 527.696632678371 0.0152433711193871 8.06720490937666e-05 0.0151627045283988
46.8457138273325 16.8454089181034 30.0003068652078 212.162317373157 0.00487270953756292 8.39645339182355e-05 0.00478874587694549
135.037773528457 40.3925413777917 94.6452869771335 599.252381862987 0.018551641127209 7.67819830183763e-05 0.0184748657964688
153.10466895797 44.7636619619099 108.341056222217 678.915513503502 0.0194018595413734 8.03008828498749e-05 0.0193215647425942
136.192191773835 40.7378513271881 95.4543957418188 604.375303139998 0.0187102364034741 7.74383810009309e-05 0.0186328047316206
157.405024910365 32.9490050287532 124.456051552899 1167.080344719 0.0124508689189918 5.15319418817718e-05 0.012399337352673
181.897498396251 110.25972004059 71.6378284256121 485.502612936416 0.0314193894119289 0.000130039289874812 0.0312893539852057
212.294596465053 172.146977523432 40.1476687073661 321.545137254392 0.0432224950238218 0.000178890235961909 0.0430436070770842
137.705651770062 104.601348982889 33.1043265404862 277.244135310444 0.0229401356941445 9.49451538746925e-05 0.0228451915975693
64.7227880524262 42.475948882531 22.2468380253728 201.456512731451 0.00496532246566549 2.05505959272186e-05 0.00494477190762138
71.3029140187768 43.9755004024292 27.3274136163476 242.603044091762 0.00452773102103868 1.87394820978451e-05 0.00450899146964508
49.3599973559915 30.4423825233944 18.9176148325971 167.943846050547 0.00313435704981505 1.29725523778551e-05 0.00312138444946667
14.8408825847431 6.8945559353401 7.94632664940302 78.7579520741571 0.0147822805858413 6.11812534391199e-05 0.0147210962423682
62.1853458577297 61.8247104369856 0.360633467766143 -22.5778224514675 7.14694380716099e-05 7.03000985382135e-05 1.16934073472248e-06
192.412473540769 94.3108267325581 98.1016768078952 519.425029493716 0.00224931231058106 0.00224614234396667 3.17034261042848e-06
193.553559360672 94.8701290743837 98.6834604638828 522.505435481699 0.00226265166605477 0.00225946290022282 3.18914405781087e-06
192.759190859543 94.4807699611563 98.2784509521291 520.361006513376 0.00225336545494878 0.00225018977621862 3.17605540372745e-06
192.410349331893 94.3097855532021 98.1005937780437 519.419295108424 0.00224928747846344 0.00224611754684507 3.1703076102552e-06
191.673158362836 93.9484519635852 97.7247362836655 517.429219133626 0.00224066967582603 0.0022375118893182 3.15816105915996e-06
192.277453858425 94.2446469385314 98.0328368985259 519.060538558209 0.00224773392312998 0.00224456618094459 3.16811791758863e-06
192.322398919921 94.2868974854756 98.0355314005943 519.187420784341 0.00291144945247123 0.00290828114365048 3.16867650792675e-06
161.574984485003 119.948577599219 41.6263927943337 447.36598705312 1.33847575769586 1.33847344610307 2.29551765775971e-06
389.760561428979 155.389490113816 234.371075351171 1130.29599331611 0.314822933493831 0.314820537470848 2.39257858267406e-06
584.408432073114 199.806351365566 384.602080707549 1722.36804024774 0.00146829978848724 0.00146623069886032 2.06952837364224e-06
189.312903299797 92.7915747497609 96.5213580664557 511.057617889843 0.00221307816540205 0.00220995926374204 3.11927159913623e-06
582.131726794403 199.027957095551 383.103769698852 1715.65813636219 0.00146257966931079 0.00146051864032608 2.06146602218712e-06
506.162128352666 173.054327273845 333.107801078821 1491.76059963032 0.00127170948469048 0.00126991742497361 1.79243971989428e-06
115.465237852233 59.7710883077453 55.6941411449324 400.758622709547 0.528845345531535 0.528843772060592 1.57046710581255e-06
583.67401699794 199.555258485133 384.118758512807 1720.20357275491 0.0014664546037836 0.00146438811434266 2.06692763629369e-06
582.47607872796 199.145689317835 383.330389410125 1716.67301009159 0.00146344483798985 0.00146138258983208 2.06268545376596e-06
418.763602960764 42.2437481956461 376.519864452808 1105.49031659657 0.000637686472424752 0.000636787638872076 8.98801170300193e-07
435.620988381788 55.199319030793 380.421678484901 1157.40417892746 0.000843007114545701 0.000841984783757226 1.02236742292499e-06
0 0 0 0 0 0 0
411.181570565446 40.4378237932299 370.74375638443 1084.14716817899 0.000621865819842125 0.000620989282072173 8.76502397005572e-07
416.518713741812 93.7079820775829 322.81073979088 966.590674288919 0.00109387336543199 0.00109233150861134 1.54178377768734e-06
428.137937964835 60.2841802956114 367.853767138616 1083.33966437222 0.000801946022901299 0.000800815653546158 1.1303203884397e-06
443.746440064473 236.6422812208 207.104163492417 686.774795456469 0.00231074060508492 0.00230748351406611 3.25692400814647e-06
455.703118094767 399.911869617882 55.7912485971864 312.452896943377 0.0037058713581608 0.00370064776026688 5.22332165081244e-06
442.867040343494 228.978090283608 213.888954905173 703.490160277048 0.00985073133143096 0.0098475610226185 3.17012878235645e-06
454.212441421483 403.098846645581 51.1135945648503 302.047939386878 0.00380027518444322 0.00379491851631117 5.35638115998161e-06
310.791441007255 296.125993900154 14.665437493146 239.819791116458 0.0058390670688539 0.00583083647207301 8.22999956640063e-06
313.788322997669 299.5157855845 14.2725274573633 243.004383933262 0.00598058409785463 0.00597215402054392 8.42946379084236e-06
311.73263105262 297.691178468743 14.0414426291424 241.636960714365 0.00596334527355447 0.00595493949518618 8.40516615207924e-06
280.515322918497 263.71862906993 16.7966877267478 240.649005478419 0.373032752849298 0.373023977529729 8.77394273049206e-06
113.119609688561 107.378085666559 5.74152302579348 211.724769921998 0.00789211177251578 0.00788098762266711 1.11237125556214e-05
113.10042142057 107.359380159507 5.7410402670123 211.783129358011 0.00789512658307977 0.00788399818384897 1.11279618484342e-05
380.069532694504 371.907235343877 8.16226119467631 165.868265092775 0.00863917932873524 0.00862700233178183 1.21766809682395e-05
637.41749988216 626.910660885105 10.5067689774691 122.125161129624 0.00937336693965665 0.00936015524405092 1.32114955497772e-05
604.678325966968 594.689148241708 9.98911191711663 125.151361314474 0.00924915675789493 0.00923612011790198 1.30364246463958e-05
383.25073316654 357.208684287146 26.0420181023357 210.830503504771 0.0753199433213642 0.075308626653977 1.12943739056204e-05
620.77104080983 494.631214380822 126.139818465069 477.762889317186 0.00292805703553014 0.00292392971839503 4.12701350954458e-06
493.338836001204 183.774212876154 309.564625385495 1131.48490320355 0.00189944333793222 0.00189676611857899 2.67721154434953e-06
248.849929595077 231.354106515807 17.4958097948759 231.949672746523 4.22263311977771 4.22262606667453 6.62822061930697e-06
376.545120417054 79.2039636893501 297.341156621304 962.157127438002 0.00553433434830556 0.00552696566889686 7.36866320884249e-06
52.0893688209494 0.614500917815964 51.4748744425793 1052.9823739073 1.2045599226926e-06 1.20286220247124e-06 1.69779362330687e-09
67.8688948175167 3.60402430816484 64.2648715082635 676.535494427169 0.00569985883402125 0.00569182558648373 8.03379094546607e-06
61.5555587498949 3.26876886140235 58.2867907944829 613.602453459321 0.00516964356450884 0.00516235758995337 7.28646741423547e-06
66.8959637136686 3.55235900025219 63.3436056980083 666.837054115813 0.0056181487964249 0.00561023070910054 7.91862294230832e-06
69.4069986702788 6.0706413631387 63.3363581268816 670.641722173372 0.00568448252334108 0.00567647093823228 8.01211849014817e-06
67.9357335362717 3.60757362730091 64.3281609088662 677.201760848059 0.00570547217519286 0.00569743101634377 8.04170279219622e-06
160.875506127914 119.480798548878 41.3947005595207 616.301396326401 0.0067869107839397 0.00677734507157947 9.56596119672023e-06
127.327793086593 106.397536024451 20.9302534974319 380.189232187208 0.00583977105223044 0.00583154029742706 8.23099422759435e-06
155.569515633937 129.650580674642 25.9189287585725 469.087488237876 0.00640737940778218 0.0063983485834965 9.03102247500412e-06
16.5266733494939 15.1383419209828 1.38833842136593 31.9996933026261 0.003648278256457 0.00364313651019864 5.14214585005795e-06
7.6370230753132 5.35419600426984 2.28282824055073 112.869067718517 0.00328963494567896 0.0032849982229946 4.63664761283743e-06
7.27947594164949 5.00111558103975 2.2783613467076 113.70477436911 0.00323569078393271 0.00323113008134835 4.56061482165314e-06
21.5670729342957 19.9378902045869 1.62918572061799 53.7435085504282 0.0174472241245154 0.0174428674333727 4.35559075894909e-06
7.19905529026263 4.94586531633497 2.25319094913151 112.44861086313 0.0031999442051108 0.00319543388728979 4.51023102787157e-06
3.66294789411696 2.51650337643044 1.14644501387953 57.2149241463117 0.00162816208721947 0.00162586719455673 2.29484850156227e-06
7.32352107117757 5.03137528452905 2.29214677871285 114.392755420932 0.00325526862454012 0.00325068032701106 4.58820923533862e-06
6.26228016644176 4.31577744888166 1.94650354374113 97.0879515085443 0.00285013344684817 0.00284611618809399 4.01718258369296e-06
23.7852827554216 23.4628654002262 0.322417833384493 32.1692253861993 0.00128182421057882 0.0012789613985306 2.8628934134092e-06
15.627924854866 14.1207889071221 1.50713330905814 37.1459940741018 0.000243984063896841 0.000243488484751326 4.95614376011397e-07
10.827831015923 10.6822564470682 0.145567035624308 16.502842098889 9.45866866708749e-05 9.31442660699732e-05 1.44242359861332e-06
20.3169105012154 19.7227656970685 0.59414449619285 62.241315567028 0.000144724928962476 0.000142918786970596 1.80617256933453e-06
11.5239304587796 11.3722260407795 0.15169721419557 27.7011570554535 0.000102154940542367 0.000100483531089192 1.67139871557169e-06
16.6128530141322 16.201817142861 0.411032306225457 92.1456130122451 0.000171386589985702 0.00016858238306681 2.80412622538201e-06
16.3791298203526 15.9495200457924 0.429605289403375 95.0334828156431 0.00017149319005852 0.000168687236927112 2.805870253509e-06
16.3940232630529 16.0097857123406 0.384235000266476 87.411540615336 0.00016695240039929 0.000164220746643811 2.7315767275598e-06
16.2901923147173 15.9130859712517 0.377104008193605 86.0666441775316 0.000165412884687531 0.000162706420656188 2.70638809952565e-06
16.2193065815023 16.0168720652087 0.20243943116795 52.7347920175544 0.000136828409288811 0.000134589655069966 2.23870649084955e-06
32.5246614771174 31.9467712292096 0.577890862655045 66.8632709336939 0.000105726996985463 0.000103997129625858 1.72984305942674e-06
45.7987565877193 44.9287701675837 0.869983850235241 79.0895354396098 8.63804026524642e-05 8.49670897633601e-05 1.41330515919332e-06
34.9944153573495 34.1998417688107 0.794571742305245 69.6981281255148 7.58340859203583e-05 7.45933279416362e-05 1.24075257138802e-06
153.16355284065 152.122776801318 1.04077088934216 56.6569332194691 0.000161317864915233 0.000158678484620285 2.63938841481382e-06
6.72026469136639 6.18020051420083 0.540064876673605 43.7947594944527 5.64771600631423e-05 5.55531099402341e-05 9.24046125719386e-07
23.8575085468342 23.2704194386045 0.587088709377319 44.2469919331292 6.9015383066039e-05 6.78861915902458e-05 1.1291892012915e-06
6.68541544636292 6.14815187746088 0.537264264782656 43.5676532161166 5.61842867198246e-05 5.52650284392928e-05 9.19254304071189e-07
116.641660665965 115.954342586051 0.687301107082254 37.504311349605 0.000146155871810357 0.000143764566996417 2.39131674328511e-06
14.3763269727601 13.8842061591101 0.492120191669476 58.0468863044523 6.23095199491669e-05 6.12900465327924e-05 1.0194717902868e-06
66.4063612803523 65.996773795966 0.409575943415033 146.915846040963 0.000109541056954919 0.000107748810807213 1.79224646749527e-06
7.88680562607522 7.68265977758923 0.204145848485991 130.710731567054 5.54972708547131e-05 5.45892606331075e-05 9.08013775075394e-07
7.61163350873509 7.41461034692828 0.197023161806816 126.150209795671 5.35609607373191e-05 5.26846311614769e-05 8.76333005330617e-07
35.8558954980596 34.9178894992359 0.938002596390688 138.377577796865 7.77557392063648e-05 7.64835520022194e-05 1.27219379593228e-06
7.95458409017589 7.74868383151182 0.205900258664069 131.834047272692 5.59742091689876e-05 5.50583955931311e-05 9.15817159864462e-07
35.8354927667015 34.4371090154064 1.39838069849819 64.7678952115601 0.000103670127982835 0.000101973939482361 1.69619008255815e-06
1.92353518820956 1.44734368076181 0.476191871757611 59.5541688679276 4.81814979625834e-05 4.73931801544556e-05 7.88317328282814e-07
123.264001984264 122.441633559249 0.822364638708244 -5.71070435806512 0.000345478756709408 0.000339826215594089 5.65252066474297e-06
5.96915984596787 5.89124933816773 0.0779098460986546 25.4929695246881 6.02803755967408e-05 5.92941014681276e-05 9.86272514707221e-07
7.65318941694414 7.54235656486873 0.110832177361641 31.8725421337915 6.72142615979741e-05 6.61145377936154e-05 1.09972066221085e-06
8.39086235550545 8.24184605516755 0.149016145889856 29.8518524017487 4.775801301371e-05 4.69766182493455e-05 7.81388648992408e-07
11.646432938316 11.1977116687727 0.448718916839795 166.045241787974 6.41398892616422e-05 6.3090467953151e-05 1.04941929745072e-06
4.52553359772009 4.41976497383948 0.105769141211796 21.7557370978906 2.39361869449225e-05 2.3544553256604e-05 3.91629740278368e-07
3.30802262368981 3.17621736059354 0.131806023211157 21.137852334553 1.77844989400069e-05 1.74935142140895e-05 2.90979500228466e-07
4.46157407082586 4.28797103029224 0.173603739688045 24.0726459943245 2.04901087963082e-05 2.01548542607699e-05 3.35247144477193e-07
3.46147063120083 3.32411087803443 0.137360504738148 21.522339072851 1.81397508151477e-05 1.78429533721598e-05 2.96791928799408e-07
3.84198723503863 2.93191025555348 0.910076997857283 55.6933398206651 3.13567342031157e-05 3.08436935750353e-05 5.13040437905279e-07
54.8013219162719 52.0906105988905 2.71070831973572 233.20344938977 6.63391621457323e-05 6.52537591984173e-05 1.08540241717989e-06
19.1338599365618 16.7829649351093 2.3508944068523 370.775758651304 7.63815158782903e-05 7.51318127090853e-05 1.24970971896996e-06
9.37083949300729 2.98913686280202 6.38170263020527 301.514854964382 8.21528669068578e-05 8.08087323361909e-05 1.34413654483869e-06
20.9895489951114 14.5412766328006 6.44827478728956 343.549994834332 4.39671297676238e-05 4.3247767919321e-05 7.19364385102258e-07
31.4742798545777 28.5902742256121 2.88401319324817 121.843949917552 0.000122049698401998 0.00012005272781767 1.996905342391e-06
6.19439106156083 5.77854290895891 0.41584815260192 77.3731869097674 0.000157196627420609 0.000154624657310414 2.57195978250655e-06
89.6422084814085 89.2802221330119 0.361978696364542 121.761169933671 8.67750410668013e-05 8.53552777386944e-05 1.4197622308417e-06
59.1249818114085 58.6937945242496 0.431184710948188 152.004420844397 8.37564451319415e-05 8.23860711402798e-05 1.37037383088638e-06
51.2062795951155 50.785244113716 0.421033861372522 149.379733257319 7.90990845187001e-05 7.7804911674851e-05 1.29417284384908e-06
52.3937310772487 51.962931965092 0.430797454562033 152.84378467952 8.09333580861175e-05 7.9609173933622e-05 1.32418415249553e-06
53.6809532184928 53.2395701272188 0.441381392955087 156.598888577369 8.29217488411124e-05 8.15650318049086e-05 1.35671703620376e-06
293.904489295597 225.897916089862 68.0066003532103 59.6370646682551 1.04466460451362 1.0306107027755 0.0140541610287987
376.66757186153 364.219125486889 12.4484595686808 188.633256733566 11.2863972721191 7.39185492315296 3.89454222670611
57.6665383446137 52.4833205456531 5.18322243580159 -9.62523335409856 0.421853734790886 0.416311046157397 0.0055427094445339
188.435862744861 180.72049710178 7.71538353088108 -4.19721054595073 0.945439961427418 0.0814117874552304 0.8640278162162
631.122321524241 619.970139229579 11.1522248324904 438.646711570739 24.3741616089883 13.1960400412838 11.1781192741582
621.220372383233 583.715142736826 37.5052054978802 875.087371484573 26.4484769162132 12.3706691491146 14.0778077269987
333.835778596163 330.140332793053 3.69547518993475 -116.491683085534 4.28317976360287 3.84707048110294 0.436108565233119
300.00582475243 286.419972157818 13.5858794843175 322.66713212719 8.21081513299902 4.91984543751812 3.2909687531725
174.479880881891 166.664820288479 7.8150797987553 26.2028410982927 1.07690428440162 0.16726175223016 0.909642179488151
234.072504160585 208.096146438435 25.9764443251575 743.087078860274 6.27711346386018 2.47435617684222 3.80275631637969
207.256676380004 183.981500478593 23.2752538050239 658.455013628686 5.47998250638636 2.11427895499625 3.36570268579441
159.05627983478 99.4749943878424 59.58127928464 404.407314996495 1.62013024576753 0.442510300690556 1.17761973868817
165.278238894439 26.7417261715767 138.536480506129 294.573283693956 0.0388713642312064 0.0282408219645781 0.0106305432200081
369.225594374628 339.347789853877 29.8777989732063 1441.71006265637 10.7102896259 4.90975152449741 5.80053763771085
168.863914336427 162.28659378997 6.57734905461424 71.0104552895954 1.62254746105933 0.0423807883127008 1.58016723476458
244.489206130406 235.281244767407 9.20798188407746 74.3965853803001 4.16268240291432 0.126135464139756 4.03654737767586
322.71626053943 305.71500140507 17.0012615272686 716.043781074468 10.1959453552607 5.47092630864887 4.72501836993439
59.1059059263736 55.1726969630699 3.93321067736297 36.4242652082965 1.1998732015115 0.222171049440831 0.977701980664745
56.7572968371542 52.9803763221237 3.77692216098059 34.9769248960964 1.15219551071541 0.213342947783306 0.938852398337094
146.108411956642 136.490360115653 9.61804925561179 82.4630038214667 4.96735859515532 3.34132622905226 1.62603156215914
25.8056385274547 24.0883994940763 1.71723978173667 15.9028341899422 0.523864639779922 0.0969998801858668 0.426864684758228
92.8793681430752 57.2634598166498 35.6158985994448 159.554959973213 0.0201882417903316 0.0151320686849678 0.00505617018726637
148.817297417118 121.335691785968 27.4816137557427 433.588628416784 1.47030285602922 1.30178037407328 0.168522453881164
91.9876275095291 56.7135616883627 35.2740561875075 158.023218467507 0.019991007820986 0.0149842508031139 0.00500675412777444
109.166861677959 76.7466856160402 32.4201749519333 170.129481394395 1.1526974355581 0.969719041145175 0.182978567598189
87.8958321215594 54.1908279638982 33.704994952527 150.994026672659 0.0191017674327142 0.0143177210752763 0.00478404359589771
93.528968820386 57.6638520467813 35.8651069785246 160.671049717131 0.0203259764144195 0.0152353263596902 0.00509064711620533
230.641223655654 222.5941906881 8.04705335006528 213.820940610806 7.09355486531932 6.99966894165397 0.0938854721319309
43.7650957922487 25.8524120223453 17.9126739652641 78.4813331233466 0.0287640957478501 0.0215601174312455 0.00720397537521288
159.96908287613 153.053326258691 6.91572949424509 21.7842193518476 4.64649817464411 4.63101175847538 0.0154876945603043
44.7167249948416 26.414547436254 18.3021675407561 80.1878329517287 0.0293895428765339 0.0220289210974433 0.00736061877374114
160.088376667376 125.54507311893 34.5433032361464 726.099928184453 2.96061675356991 2.94268366700226 0.017933267401894
345.537382909552 12.3783524948669 333.159001686544 234.087997847362 0.0339089160230278 0.0318278495177487 0.00208107033569785
362.192208676761 330.787555522221 31.4046377938333 135.662960374724 13.6836995708555 13.0094133715715 0.674287294961982
335.711681017322 12.0263616320915 323.685291474004 227.431470949955 0.0329446820014425 0.0309227927085582 0.00202189301438127
45.9219768324665 13.7539684477849 32.168004316088 47.0729967700005 0.0940804349596233 0.0510132533593543 0.043067164277004
29.1641685207459 4.81326092109017 24.350904848511 33.6202743142716 0.0797217846600629 0.036541208012689 0.0431805653861514
6.2405634820229 1.36169513942421 4.87886834259869 12.1484504164278 0.0135312695786195 0.0127008243532129 0.000830445980645156
327.939876749409 223.094784970729 104.845083166169 501.873056859005 7.05300834651616 6.68224549178032 0.370763174599203
0 0 0 0 0 0 0
382.978246799582 363.439428240735 19.5388137014576 467.976255174578 14.8746713069504 12.7716018857445 2.10307136888394
66.9129323057781 3.35623369821764 63.5566994228608 67.7224766531856 0.0283404115021334 0.0266010904620486 0.00173931777888335
25.2174188839309 2.21987565910585 22.9975458953489 29.5030044183228 0.0497391573911974 0.0466865527396064 0.00305260910246415
33.7509286687879 20.0689678348031 13.6819584571756 255.852055700242 0.243918237177887 0.119703881218422 0.124214410645312
53.4734140510166 10.9078206487983 42.5656074644199 570.914038056575 0.0173029482811691 0.0151894672285256 0.00211348120825414
174.203970477471 130.034058835704 44.1699113488281 371.133133649003 0.159443318853058 0.0901944919035261 0.0692488366551356
174.383912027611 146.929467485674 27.4544448747107 183.501158903224 0.0388115024350306 0.0314744923270926 0.00733700873206689
160.522664273963 107.899874576512 52.6227854555589 372.929613341583 0.0786651045968022 0.0681997457085538 0.0104653588882484
447.302030751566 408.869096994811 38.4329209787161 406.245113368135 0.0948820372622537 0.0827887673255144 0.0120932569741716
760.08885572602 732.9880637422 27.1007687574629 452.943669366221 0.117088601364771 0.102786698141236 0.0143018749661868
865.360035527233 776.060122583589 89.2999368845406 410.914384007117 0.0821047439712748 0.072075992880244 0.0100287432688056
471.079888268458 351.598852647142 119.481045707596 486.191510962525 0.0649941891587479 0.0570554338244053 0.00793876363279079
57.6060740358755 0.0923268935457663 57.5137471969313 175.436177555875 0.00446563339274742 0.00392017635117092 0.000545458172031683
4.30235791080267 0.116592514480292 4.18576546527446 25.9881618207758 0.000281795346654857 0.000247375228440639 3.44200975285942e-05
16.5646147119805 16.0085060173865 0.556106299946648 16.4735114442039 0.07828353093359 0.0782675112368212 1.60042775017445e-05
189.269996905214 173.353959079395 15.9160365691414 202.984942761827 10.4824056037147 10.4823995017771 3.84317327455358e-06
20.5569735691834 19.9016684033532 0.655306104771452 23.1803602303298 0.000234835578195743 0.000232420716443959 2.41488969259847e-06
10.8414132723515 10.7957025527258 0.0457115496052474 35.5749806448051 0.000564702963913032 0.000561438887324328 3.26396620930881e-06
126.855333746751 126.806625013226 0.0487124848614197 -57.6012746600466 0.000307325151008568 0.000302296816450124 5.02827327160933e-06
26.7841391870293 26.5149020332324 0.26923572039618 -6.74352297536068 1.10544443997496 1.10543890661569 5.62048882340598e-06
84.3453609018744 84.2518980837314 0.0934614029197272 4.08200392648725 0.000161641272737999 0.000158996594185596 2.644679863625e-06
