401.888997144671 385.092121122936 16.7968894224371 637.852369756198 0.0240980428958172 0.0173963943369919 0.00670164654968704
606.317353028871 439.220838782755 167.096514278522 397.591628372575 0.002305938511578 0.00166465873289671 0.000641279610038192
451.173201457639 325.384997152366 125.788204445623 304.935530355416 0.00170816812747977 0.00123312784652638 0.000475040156238108
250.272123554466 239.565892644652 10.7062417872827 131.894146167606 0.00816030588559646 0.00589093156866616 0.0022693749216154
292.285261854724 286.527980562009 5.75729680602755 133.961483489944 0.0102321060952458 0.00738656601071199 0.00284554105411584
300.775636171728 294.851115953201 5.92453618247468 137.852829675767 0.0105293308346961 0.00760113280053316 0.00292819903190966
296.997253873448 291.147158241314 5.85011139553945 136.121104666241 0.0103970600239851 0.00750564639084265 0.00289141461835532
339.423705893785 309.373818720625 30.0499180169572 235.289552572496 0.010905678212348 0.00787281819966877 0.00303286087639807
444.34084386159 427.165186675059 17.1756670431636 406.053439416648 0.0195456162093752 0.0141099956846479 0.00543562062019949
605.313584714593 584.648043988109 20.6654771593759 580.82523351831 0.0254975657731238 0.0184067103543596 0.00709085270541214
301.735545147644 253.268275763344 48.4673112827183 270.447095980986 0.00890416318156269 0.0064279229728371 0.00247624105492
175.473219524939 122.00989895763 53.4633398702627 393.362894258506 0.0183540217393913 0.0132497836344489 0.00510423876766961
350.290500286729 282.93636660758 67.3540058526807 503.600513358282 0.0200400507605963 0.0144669290141967 0.00557312156216582
364.657116883703 311.788614561441 52.8683332210886 438.04185073484 0.0174303332449985 0.0125829717282845 0.00484736128501661
770.245882016594 654.402532640149 115.843145855227 1078.50756176295 0.0190741518459108 0.0137696426668436 0.0053045057981362
120.573607402094 15.7711835766924 104.802422744895 323.822204686628 0.000606683551067238 0.000437965343267804 0.000168718220132768
169.61888812676 83.4707467151389 86.1481412601519 678.316693990511 0.0102253285727199 0.0073816737438478 0.00284365630421394
223.91970254454 207.152792482271 16.7669182115575 568.283601047712 0.0175528635482007 0.0126714231171011 0.00488143688498735
127.323732768528 122.352802265571 4.97090590635046 146.765390579463 0.116407945423359 0.0079091418513519 0.108498813294065
268.993194707839 266.172174351101 2.82101457186434 281.232366258105 4.10507924337836 2.90109325750995 1.20398566768192
57.3321684360985 56.5012821613365 0.830878376603471 57.9402806060288 0.00586242507521545 0.0042320888890053 0.00163033562205598
44.3169947308441 43.5622256381725 0.754761306441734 264.274830117975 0.321270770021068 0.00517658059250209 0.316094181589394
218.728140272057 212.379686575476 6.34845145248135 141.447561395751 2.27363415536873 1.82804702968173 0.445587013627925
3.29522013057125 2.33890979270445 0.95630976235002 7.174342897851 0 0 0
260.111031054498 251.305826590124 8.80520445229773 348.775115674938 1.77934108004103 1.72842558042893 0.0509155322679342
3.33995415050083 2.37066149156961 0.969292075601547 7.27173766525868 0 0 0
51.0524595906704 49.863744562564 1.18871957059596 55.1299666334357 0.00342003863064121 0.00246892851647119 0.000951110114170019
48.3531235718255 42.2919414032167 6.06118832326598 67.08665132017 0.00295769965897809 0.0021351656604875 0.000822533998490597
57.8269092024806 44.673885438408 13.1530231080505 89.1968366569198 0.032940580990388 0.0321886372578735 0.000751968099302481
25.8255263096632 9.20501697460057 16.6205176453298 76.1588440525981 0.000816341557139928 0.000589317607571596 0.000227023949568333
43.2521213634283 32.0563242870137 11.195802266103 127.814112316519 0.0613915518727324 0.0604556982257699 0.00093585903298457
61.1220483103864 56.6248664930286 4.497180148009 168.342519908731 0.147508483298296 0.145848031210872 0.00166046965752443
236.588325364554 233.3062882773 3.2820229472118 526.523816410747 0.731512032332179 0.73050912101319 0.0010029414893028
179.590252438949 140.543852862974 39.0463891853162 143.585565719688 1.75251706928003 1.75103656830622 0.00148023609943411
152.407676338843 145.261206658998 7.14647354953492 258.355035074428 2.21717394683608 2.20081849467855 0.0163554252050397
255.284463513255 202.128042245554 53.1564086896765 151.730781327347 1.65909329883055 1.6576330062261 0.00145980924005607
288.890892815276 267.390673228817 21.5001887264695 81.5643674424283 0.920668499511865 0.920069265487482 0.000599066226988016
309.268936395552 306.252346680327 3.0165426529803 36.6816317058864 0.186339050401437 0.186243924588868 9.51102820287578e-05
110.819414320338 105.070162115057 5.74925574097539 428.111245178224 1.39180930879464 1.38997299718844 0.00183628645039686
163.656026056242 140.771847416555 22.8841871196426 188.799783756212 0.0960445743252465 0.0959830946448403 6.14909333076845e-05
57.5541754953693 53.3787429499274 4.17543465579064 414.827071944461 0.066136950844744 0.0661286012353298 8.35171237507723e-06
10.4751845710694 5.2736022534812 5.20158693099771 33.8186075166808 0.00591412803013766 0.00591385122556694 2.78541427137592e-07
88.1276459063477 82.9583212865394 5.16932656153218 530.676802467076 1.34220242948577 1.34219894743727 3.63410080025662e-06
100.605650609238 92.4638353007286 8.14181697398612 239.092333105105 0.0580165530385081 0.0580133977462964 3.15979779553026e-06
43.1982469867495 31.546590318569 11.6516575777099 139.165051076747 0.02955885580696 0.0295574644226794 1.39250668728105e-06
20.3071305618333 9.25860367219051 11.048532643679 71.1818150913583 0.00996884522140258 0.00996837847940751 4.69508999204115e-07
4.88813003998111 1.87569023239711 3.0124398467868 40.6615070206733 0.00735614578454691 0.00735571803622844 4.24914201000179e-07
5.42507525553305 0.632471838486107 4.7926034238933 64.1718542378701 0.0044316909423815 0.00443143407617557 2.56057864721028e-07
308.077737856186 302.545162643215 5.53257733671932 14.4290640680197 1.11304960274864 0.952213701757249 0.160835871135295
4.15738180626185 3.63460919077424 0.522772700981173 8.11363034625648 0.0115899433331545 0.0115892679340117 6.69653205953761e-07
68.7528624229512 53.5291615267317 15.2237060656844 135.394108958775 0.032655787855053 0.0326539031674755 1.88681326015507e-06
64.8928004488995 32.0304968140237 32.8623059028334 232.055926743312 0.0229934608533884 0.0229921362957651 1.32853530709612e-06
33.7101642818499 31.2449746270127 2.46518704625416 65.3557614520074 0.0200755507310969 0.0200743971128156 1.15994193039874e-06
29.6457370794893 27.3065435082626 2.3391905434378 58.1968294503122 0.0177621214555912 0.0177611011562043 1.02627468049617e-06
145.03643753302 142.762202544561 2.27423711978841 252.997684934385 6.22113633152521 6.22112894221493 7.32393508699045e-06
13.1428606487401 11.094722856841 2.04813211703977 30.0578451076239 0.00850676002026582 0.00850627360375412 4.91510670749843e-07
302.139176430572 297.608035629421 4.53118323403088 111.147901580406 0.0599458471114718 0.0599423834043019 3.46360059429701e-06
126.773275924375 126.097768035443 0.675503080805287 55.0982775099242 0.0754944585241243 0.0754900958552226 4.36198092058161e-06
281.042308542016 278.696141056676 2.34616198844753 -74.7508431674567 0.123494675046874 0.123488608023509 6.04698076039382e-06
102.023942398285 99.5768085610693 2.44712022248787 81.3969169941515 0.680446111356623 0.68044241045024 3.70945687899734e-06
22.7868911279324 22.692441738238 0.0944442207337208 79.5986637009036 0.0509148961342873 0.0509119551738609 2.94180261053985e-06
100.779923908428 98.4004642468987 2.37946018775788 385.533748357646 0.107157136695253 0.107152644680151 4.48324797072278e-06
201.877162210839 189.844379197922 12.032725140642 243.618249540997 0.0276606636981888 0.0276541410523884 6.52104276384703e-06
164.2217838344 141.090720497023 23.1310539742422 363.090088705995 0.690614530561741 0.690606903697347 7.69829315810135e-06
114.953443680943 88.737313418904 26.2161348417446 334.857759698923 0.0222884955322925 0.0222832356225721 5.26189512832798e-06
97.3608248592822 66.2168698036833 31.1439744635237 373.87353965289 0.0210997329485584 0.0210947548158624 4.98125057916686e-06
199.775466543591 192.439937624527 7.33550415866168 312.751854703953 4.10263410387731 4.10262577269664 8.31226789572969e-06
188.31473750708 186.7568421087 1.55790218884353 228.17019252976 11.5580444129441 11.558032931031 1.13370408293211e-05
0 0 0 0 0 0 0
265.358162452408 263.264342543449 2.09380242363827 186.270520080091 1.84008038774475 1.8400709602892 9.87903118180092e-06
109.916170385131 108.577843325612 1.33832431651176 118.151449853039 8.54813711813934 8.54812514255699 1.21162888689007e-05
302.489561863695 301.542593461861 0.946967519747897 156.600516955664 2.06084316980198 2.06083336884564 1.03782522732228e-05
280.923811445194 280.044356395167 0.879454230828151 145.43580884717 1.91391701083703 1.913907908632 9.63834311098397e-06
137.171336374302 127.844424050456 9.32692370609 508.780336576018 0.159652313136049 0.159641697203588 1.06363336290098e-05
134.914954561414 134.108895219281 0.806036044599302 55.5658107071853 0.0236757913817721 0.0236702052687486 5.58940909496416e-06
189.075293973428 188.006341398641 1.06896582209862 124.401326518008 8.4071957376735 8.40718463611275 1.12049171944663e-05
12.6516523211418 10.980327094209 1.67132334474535 66.0578078833117 0.00576371113418223 0.00576235038785853 1.36070345347278e-06
88.2857231999047 87.3966599409419 0.889065594771827 81.1476075247177 2.1658107972126 2.16579946746311 1.14860493973162e-05
361.714037567399 347.899204216133 13.8148407183127 -118.413596832288 20.3640200130666 20.3640126460199 8.54096351430239e-06
108.846606416616 107.233947927076 1.61265446835366 629.33243854845 8.2852451704055 8.28522713483297 1.75694628068129e-05
153.943874017106 150.966534353187 2.97734830976139 230.371845829268 7.12600617922276 7.12599196309862 1.41305229211288e-05
36.368584432054 35.4612593365586 0.907324536998995 127.912641056764 2.19870171732596 2.19869114209401 1.05627404558696e-05
0.960759612322979 0.957927035652221 0.00283278767816729 30.0463169099487 0.0378027318981307 0.037796364627098 6.36595117269811e-06
345.718364194026 340.011072313446 5.70731981744243 82.0128738427534 19.4277639143486 19.4277533299667 1.02774060896265e-05
0.945448622009478 0.943564256288746 0.00188461523782967 33.2589661050388 0.0307381372860941 0.0307308800379968 7.25669711325737e-06
32.0766476774811 31.1137379376107 0.962912576463813 8.24567559074575 2.91102983321351 2.9110291035354 6.41185584302798e-07
93.3264742510025 90.4508743278635 2.87560835283142 25.6775475254817 8.29923456399275 8.29923245656963 1.85636875518339e-06
193.492272681809 187.530337776229 5.96195238272562 53.236844823239 17.2066690635657 17.2066646942793 3.8487793764702e-06
13.5247915456897 12.9782658135832 0.546526157813364 -32.4288476848469 0.586342476991604 0.586333951092635 8.53626434705559e-06
405.708910545971 403.265546803733 2.44336305825006 -178.376539291081 9.05160505921457e-06 0 9.05160505921457e-06
95.0174987677265 94.8913086540924 0.126189115396396 -150.57855993563 1.15823432508538e-05 0 1.15823432508538e-05
0.138391915797988 0.0879918890813691 0.0504000505581263 1.3741264985068 2.538378499857e-08 0 2.538378499857e-08
2.14337158112468 1.73741833355102 0.405953274162042 4.23165903916575 2.31596848611425e-07 0 2.31596848611425e-07
7.01436284478717 6.04778390768895 0.966578520126803 6.39108289173521 9.52914666142832e-07 0 9.52914666142832e-07
15.4496240951368 14.4459535820183 1.00366979325303 -14.7221796018429 1.31249126600933e-05 0 1.31249126600933e-05
10.2053600590422 9.70255125133368 0.502810971886687 -11.6589495995148 1.05557760171425e-05 0 1.05557760171425e-05
3.20082512108961 2.68367938467311 0.51714610931976 0.951880615714494 4.38765069697961e-07 0 4.38765069697961e-07
5.11031902406298 4.51518918365925 0.595129521418374 -1.2162281391815 4.98249505389627e-07 0 4.98249505389627e-07
6.71990033800861 5.86567015313274 0.854228084437664 3.08351918335517 4.09560313834779e-07 0 4.09560313834779e-07
5.30090596127383 3.95087518635362 1.35003043087819 11.2767476945411 2.94791822699402e-07 0 2.94791822699402e-07
5.34644241392411 4.75964385607798 0.58679917671031 7.03544482328621 3.90967610716021e-07 0 3.90967610716021e-07
6.35631558657362 5.93212149049766 0.424195667787739 -7.58221649273021 5.94782680323229e-07 0 5.94782680323229e-07
10.0705905645646 9.24473389436529 0.825861642795178 -23.4292927120559 1.19921507678932e-06 0 1.19921507678932e-06
7.4741416376067 7.15306854574236 0.321072665832655 -5.40659747740871 4.07840644319743e-07 0 4.07840644319743e-07
7.01864852910765 6.7507353962872 0.26791338054678 -3.5140039331461 1.28712106344007e-07 0 1.28712106344007e-07
35.862233869833 34.5877852347169 1.2744464872948 7.81023018255476 1.04513058424885e-06 0 1.04513058424885e-06
32.2016566088163 30.8295935690697 1.37206116702257 11.7929655639455 1.0025168174287e-06 0 1.0025168174287e-06
13.0900179209494 11.1330858791222 1.95693177795488 16.6453794463023 4.37384922893027e-07 0 4.37384922893027e-07
44.5934236814233 43.0239362481234 1.56948451898022 9.8748654451073 1.30670614233622e-06 0 1.30670614233622e-06
66.2036568329112 64.8225352739067 1.38112177765675 1.06654865517285 1.79762006433372e-06 0 1.79762006433372e-06
42.1196542153374 41.1732351331017 0.946429975522432 1.25362569806357 7.00301361013367e-06 0 7.00301361013367e-06
100.803667786446 99.5996127699936 1.2040947425107 -10.4574249332903 2.33840565802081e-05 0 2.33840565802081e-05
246.496593508618 245.049753145288 1.44686386255061 -54.0925459532843 4.41267878201534e-05 0 4.41267878201534e-05
542.060789662149 525.784555688439 16.276255912616 -93.2519363989791 8.21671563864335e-05 0 8.21671563864335e-05
491.314261825065 483.414343591429 7.89992235294851 -121.667774147017 0.00376338838331304 0 0.00376338838331304
452.737818757085 445.777511993209 6.96031945898395 -115.932241396177 8.80796887261645e-05 0 8.80796887261645e-05
662.857097401267 645.835077194706 17.0220339286066 -156.485340769651 0.000104735037806164 0 0.000104735037806164
564.79198644164 486.236447533636 78.5555264293635 223.718165304624 7.66187798093411e-05 0 7.66187798093411e-05
661.47609049771 489.162491923869 172.313582788258 533.607895423051 5.31769242860737e-05 0 5.31769242860737e-05
942.049252836393 855.134310506512 86.9150983599878 -80.4470771122903 0.00047633285656004 0 0.00047633285656004
829.668614931582 811.069152453558 18.5994961395921 15.9483560822969 0.000287042930429334 0 0.000287042930429334
610.94968876459 602.707899693806 8.24182721890011 174.188207993396 6.51629801329164e-06 0 6.51629801329164e-06
569.865298258538 553.484708038433 16.3806018405026 117.632402330978 6.91978489298369e-06 0 6.91978489298369e-06
753.513403642501 729.183608420408 24.3297857373875 966.987483550637 6.58789546559956e-06 0 6.58789546559956e-06
675.597743371518 651.266909472744 24.3308144110774 38.4122749085752 7.41980282865096e-06 0 7.41980282865096e-06
286.016489196409 256.671946477291 29.3445045030085 128.544217982286 3.47215071262617e-06 0 3.47215071262617e-06
162.860803652577 159.023415540063 3.83737466149344 10.6488111949195 3.21405248554345e-06 0 3.21405248554345e-06
230.204057495321 226.096456172801 4.10760587536464 29.4661322833738 3.26307413387381e-06 0 3.26307413387381e-06
67.5441189809761 65.5189060363353 2.02521181804539 18.234757256046 1.56377442631332e-06 0 1.56377442631332e-06
154.229369390466 151.291177880459 2.9381739092598 40.0414229871952 2.50601314326297e-06 0 2.50601314326297e-06
108.1443735922 104.855771340552 3.2886040192328 23.4615586651148 2.09542892914206e-06 0 2.09542892914206e-06
9.7495864239179 8.97293139606435 0.776659493445367 -21.6561199205835 1.12714468271316e-06 0 1.12714468271316e-06
8.69907364829471 8.15075956477708 0.548315864303989 -12.8328333502551 7.91687000271335e-07 0 7.91687000271335e-07
35.0937999749113 33.8383427559542 1.25545125617278 18.8048229563877 1.15112647905283e-06 0 1.15112647905283e-06
50.2954004514795 48.7791032279211 1.51629707187177 8.11834748248266 1.53234245539114e-06 0 1.53234245539114e-06
130.129803006537 128.956999967568 1.17282499581574 -15.3165651126138 2.45217997957758e-06 0 2.45217997957758e-06
65.2335349246312 63.79965798598 1.43387241033126 -0.831953595587778 1.80335601381147e-06 0 1.80335601381147e-06
66.2472587716037 64.4641810963778 1.78306926232374 5.49691982441337 2.12806310747658e-06 0 2.12806310747658e-06
24.9032621769096 23.8095370092849 1.09373114878495 10.9280372537012 9.46554267994428e-07 0 9.46554267994428e-07
180.013224566406 177.701998562789 2.31124040568961 -12.1002627537566 3.04536401542428e-06 0 3.04536401542428e-06
1085.27095022429 1068.51150586244 16.7596403650753 -118.654650599883 7.03924812900848e-06 0 7.03924812900848e-06
666.420541504009 644.824437524853 21.5960936796368 -82.1400137931799 6.37784225387496e-06 0 6.37784225387496e-06
1478.09054821852 1473.45840338493 4.63186022574651 6.7117806673131 9.80789773946312e-06 0 9.80789773946312e-06
1322.78474253881 1319.24560146299 3.53927542597233 -33.1989635889465 9.85266685646749e-06 0 9.85266685646749e-06
669.594348543727 654.80358830393 14.7909606347611 -143.514641326162 7.08960427034385e-06 0 7.08960427034385e-06
433.872318591704 340.437428335111 93.4348609872993 163.60407491767 4.34608127937196e-06 0 4.34608127937196e-06
432.531858226128 237.415331559086 195.116534788043 520.267679811872 2.64594578408974e-06 0 2.64594578408974e-06
493.855013018625 224.319231205178 269.535762162893 1096.55581897306 2.16984222504885e-06 0 2.16984222504885e-06
373.982819973901 115.660235690204 258.322561835394 1273.48379942189 1.17677168198385e-06 0 1.17677168198385e-06
491.128722972514 405.281534585607 85.8471709949975 292.968810238689 4.37618018358653e-06 0 4.37618018358653e-06
831.162727103307 759.873507646003 71.28960031807 55.4569274274612 6.61897922964543e-06 0 6.61897922964543e-06
955.387579554556 938.526406403021 16.8612826524416 -256.954741342402 7.07506608840748e-05 0 7.07506608840748e-05
1020.27180629516 973.379335535025 46.8929030076457 -160.289936003671 0.000532755351118605 0 0.000532755351118605
1126.39512879671 1112.92071456123 13.4742879227435 -296.29984075579 0.00208889181951001 0 0.00208889181951001
1008.84658384761 994.288771828012 14.5576353777047 -414.558819827111 0.00226704410311539 0 0.00226704410311539
1200.45701256775 1194.84246490123 5.61428888419824 -583.310501102392 0.00249841814810918 0 0.00249841814810918
1007.60452947278 998.460887937039 9.14358498817394 -456.160559624454 0.00210108144677897 0 0.00210108144677897
469.441680906084 418.618398925446 50.8232810651712 197.565914966936 0.00119133295951028 0 0.00119133295951028
238.390840077671 157.343873814914 81.046986433754 590.613909813128 0.000501362955003185 0 0.000501362955003185
274.934282318572 256.303257326162 18.6310205237301 33.7562173808572 0.000997245833069001 0 0.000997245833069001
286.11186418087 266.982255743357 19.129596992601 9.98676039703801 0.00109062285481634 0 0.00109062285481634
225.703800010655 214.49006495588 11.2137259760413 42.5129609654063 0.00160816327663082 0 0.00160816327663082
226.950282380827 204.494496829266 22.4557590145666 85.3220952069848 4.13291571647948e-06 0 4.13291571647948e-06
368.270659516802 304.443822134649 63.826793378342 330.521069854244 4.07102891900303e-06 0 4.07102891900303e-06
548.574419868712 515.118960382478 33.4554331025164 124.14953242306 5.93110776856591e-06 0 5.93110776856591e-06
681.987660166024 652.570604911402 29.4170317140583 53.895628266578 6.68596284155321e-06 0 6.68596284155321e-06
405.874894824794 394.108237814617 11.7666476523269 -11.8471191406156 4.49206149471838e-05 0 4.49206149471838e-05
473.493449483539 445.151445910774 28.3420186679115 91.3292616212698 5.68735005936575e-06 0 5.68735005936575e-06
386.09748476029 375.426224988363 10.6712620002534 -1.76923743244783 5.65035631645998e-06 0 5.65035631645998e-06
155.902355517362 152.189974833535 3.7123643872712 -14.6235877735122 3.7065853945737e-06 0 3.7065853945737e-06
166.751213877101 163.983859689017 2.76737822527895 -33.8798074688057 5.4559375266046e-06 0 5.4559375266046e-06
112.769810116956 111.043256800172 1.72655771749046 -20.537445137916 2.90849787596304e-06 0 2.90849787596304e-06
167.000439813227 164.228949544678 2.77151434166919 -33.930444142062 5.46409195682371e-06 0 5.46409195682371e-06
127.108012598067 124.979303299761 2.1287243767485 -45.3877257302695 4.59715838445105e-06 0 4.59715838445105e-06
103.657562923404 102.159007912086 1.49856207960799 -52.4616852951211 3.8747643487293e-06 0 3.8747643487293e-06
57.4030648146921 56.413408535214 0.989657842727646 -51.8617473414089 2.77641502669276e-06 0 2.77641502669276e-06
73.2588605275694 71.9922458493086 1.26661667719499 -66.5093575642806 3.55364430124802e-06 0 3.55364430124802e-06
48.6968761831146 47.955704897122 0.741172628906167 -32.2901512063697 2.00495364623444e-06 0 2.00495364623444e-06
78.6987313455463 77.7415161057663 0.9572169512656 -35.2821735108311 2.6586457333244e-06 0 2.6586457333244e-06
91.7690245116194 90.6048593908599 1.16417386568884 -7.84014817763888 2.26808438841777e-06 0 2.26808438841777e-06
86.531016651673 83.1239735776179 3.40703556919415 -4.59508234515464 3.3947616963386e-06 0 3.3947616963386e-06
152.059024503577 131.0907923018 20.9682741609679 361.475303587139 0.0161058405114836 0 0.0161058405114836
269.897665434997 262.201934436343 7.69572918253914 403.457307265876 6.65718672626419e-05 0 6.65718672626419e-05
255.908126054975 248.712249868586 7.19587430528593 381.208946028743 1.86052248891511e-06 0 1.86052248891511e-06
105.74401462999 86.5307309367137 19.2133022501319 477.751748529899 0.0104196049959635 0 0.0104196049959635
158.044549191749 155.982488634123 2.06202878185627 148.489539727846 1.37791981798768e-06 0 1.37791981798768e-06
145.892090266351 142.069483648522 3.82257996161292 304.860101551727 0.0402434130265675 0 0.0402434130265675
525.568788940714 400.866306903226 124.702482037488 629.703403910111 9.24597107432508e-07 0 9.24597107432508e-07
412.127018221218 314.341032507572 97.7859857136459 493.784622827936 7.25026784239098e-07 0 7.25026784239098e-07
542.082096203522 413.461477386127 128.620618817395 649.488608077508 9.53647835806447e-07 0 9.53647835806447e-07
69.1531718011351 62.4647837054573 6.68839503167979 108.360024798501 0.042033103105107 0 0.042033103105107
109.546761988618 77.3748069778427 32.1719556480681 640.450427557272 0.149784439291051 0 0.149784439291051
424.874649364955 324.064014400492 100.810634964463 509.05803116556 7.47452817006134e-07 0 7.47452817006134e-07
415.641212492607 275.996803704325 139.644415585966 1265.36239312265 6.55262285403729e-07 0 6.55262285403729e-07
351.213141814385 199.691006738314 151.522136045816 2746.48395940177 4.79405074079615e-07 0 4.79405074079615e-07
138.415018672757 117.828409084901 20.5866081584271 339.01970948574 0.000296094743179332 0 0.000296094743179332
434.62872187607 394.815964619456 39.8127572566138 491.400221098599 2.87874658023237e-06 0 2.87874658023237e-06
128.608738529352 105.939833942699 22.6689045866531 337.44616455252 8.17013247117367e-07 0 8.17013247117367e-07
37.4467473903704 23.6280731971712 13.8186741931992 225.564317978761 2.14803207008347e-07 0 2.14803207008347e-07
34.5284928743935 21.7009315252538 12.8275613491397 209.498981314309 1.97789063666108e-07 0 1.97789063666108e-07
218.587425710119 202.522799677925 16.0646139340283 260.811951185136 1.5149226499504e-06 0 1.5149226499504e-06
104.594035737745 96.8035224444358 7.7905112235895 158.977441984551 9.62333752640333e-07 0 9.62333752640333e-07
283.247576485949 259.522146247605 23.7254330510342 327.414428029599 0.0156546742675321 0 0.0156546742675321
378.707088944525 374.122510405737 4.5845656487825 4113.68254862481 6.96114663393709e-06 0 6.96114663393709e-06
368.494429566435 364.033484147743 4.46093287629335 4002.74816190449 6.77342419216428e-06 0 6.77342419216428e-06
406.638231366349 402.320832752582 4.31737517644952 3842.52178084123 9.35009836234496e-05 0 9.35009836234496e-05
402.60660654055 398.954493441941 3.65208002482718 3213.56626303158 0.000181040563857888 0 0.000181040563857888
413.90574495648 410.788194556727 3.11751991866741 1938.31213125632 0.00173117068415304 0.00042802294310319 0.00130314774104985
373.463165907653 370.64074337864 2.82239583362089 1721.23120454946 0.00163082770059735 0.000406846373277127 0.00122398132732022
122.396923676485 121.33565208544 1.06127443917826 166.391661442114 0.00152282504846829 0.000429879931822113 0.00109294511664618
460.605255698808 457.51472410737 3.09054710275423 269.50946607732 0.00499622413416596 0.0014103896011456 0.00358583453302036
376.967959907085 294.546094091157 82.4218603925813 414.685180964917 1.96516370507744 0 1.96516370507744
296.233231597759 272.545452508449 23.687780451276 588.488211407448 0.186004004611671 0.000783181887464354 0.18522082259081
272.123250136832 268.056324292813 4.06692945477122 154.404825678522 0.00734120394614555 0.00207235659846147 0.00526884691476678
220.447314881328 215.88195463423 4.56536973936434 65.6911137863905 0.0152975407115097 0.00130310756504553 0.0139944331568441
142.506028323217 127.69675535245 14.8092735813745 265.364097747907 0.139900806498065 0.00133840057795965 0.138562399991852
1142.09006381288 1136.37307770531 5.71656975572133 221.316269568661 0.000545051627104403 0 0.000545051627104403
992.620855264568 988.071406974266 4.54936766379187 1089.49942653853 0.000436271749961489 0 0.000436271749961489
502.639920396632 497.632749847209 5.0071696900595 2670.80806527162 0.000581522109565704 0.000102366850919554 0.000479155258646149
422.301356063943 237.165689234784 185.135588830063 884.895554136219 0.00327801028765513 0.000925353195098419 0.00235265709255671
161.518706673283 11.1330749281795 150.385631745103 682.999313028859 0.000253000438794824 7.14197665544048e-05 0.000181580642763674
214.689062883487 209.790995582044 4.89805010562249 -17.967124556947 0.00356802251742852 0.00100722097124051 0.00256080174493525
392.963036455677 390.321351807304 2.64170883522618 -132.337476171669 0.00564784365926729 0.00159433641615981 0.00405350724310747
289.027867462353 193.358987428698 95.6688800099733 433.91318794172 1.64047328214015 0 1.64047328214015
492.241141324996 406.739161334298 85.5019839468601 610.689332270228 0.105378474961865 0 0.105378474961865
200.158385844084 193.262991770158 6.89539763573816 277.371430078361 0.162258346834859 0 0.162258346834859
817.601671055346 803.235140381739 14.3665199284468 120.218565375543 0.0296826806807305 0 0.0296826806807305
1051.03590545755 1046.57632305212 4.45929332615394 319.364188958577 0.000524045620064978 0 0.000524045620064978
439.906303553735 438.067073876844 1.83925951102099 662.029981778712 0.000331815191211384 3.05508840156035e-05 0.000301264307195781
518.176065419155 515.014548493337 3.16153604904155 178.697323499537 0.0053643134435654 0.00151429796901036 0.00385001547455505
339.820302066022 329.137918998241 10.6823923232538 115.011807221794 0.000200616958339908 0 0.000200616958339908
101.725384705491 101.237619911452 0.487769253373229 -17.3902852073617 0.000945034650536931 0.000266774889898463 0.000678259760638468
469.495782586391 289.518450934901 179.977236434608 676.412585570313 0.00400160943892297 0.00112961880985803 0.00287199062906494
13.864275421286 11.8346144297701 2.02965973504135 37.6493289143978 6.84835694112167e-07 0 6.84835694112167e-07
6.31870678274641 4.875799646915 1.44290713583141 33.6844906007231 5.83806187456314e-07 0 5.83806187456314e-07
7.22140183998672 5.42998847882506 1.79141336116166 36.989852693307 6.63495362951519e-07 0 6.63495362951519e-07
4.51382427390025 3.48307075444847 1.03075351945178 24.0628148377891 4.17047131762631e-07 0 4.17047131762631e-07
7.21136671406895 4.89159819132459 2.31976852274436 31.3201058718494 6.48726106155929e-07 0 6.48726106155929e-07
2.63522334826331 2.03345740082272 0.601765947440588 14.0481524396357 2.43476988083434e-07 0 2.43476988083434e-07
7.28615473041323 3.33406072650261 3.95209400391062 14.6233660560732 6.13501810607903e-07 0 6.13501810607903e-07
8.59771544918883 4.10990468678234 4.48781066445979 13.4102857888133 6.36006320083416e-07 0 6.36006320083416e-07
5.71756907710863 2.40410032707818 3.31346875003045 9.22939168651638 4.75890132368657e-07 0 4.75890132368657e-07
8.98276458928387 3.59843369348412 5.38433001152988 20.9511465290522 6.58395146708828e-07 0 6.58395146708828e-07
31.860663342661 28.0614966342428 3.79916281949677 36.5024955326904 6.71449588246204e-07 0 6.71449588246204e-07
25.4784696503792 9.26396730888455 16.2144951668599 93.4689473631076 1.3963704626579e-06 0 1.3963704626579e-06
29.3957993067377 10.688307717575 18.7074833114237 107.839852856196 1.61106324050892e-06 0 1.61106324050892e-06
30.102028820517 10.9450926508147 19.1569276930919 110.430688575747 1.64976878469704e-06 0 1.64976878469704e-06
36.3985283574902 19.5248927847616 16.8736298040749 157.616591430247 1.89394150447423e-06 0 1.89394150447423e-06
25.1315492236784 10.355368770888 14.7761764379028 88.8444751840014 1.37135137125034e-06 0 1.37135137125034e-06
23.9372544541596 11.3838083762477 12.553446077912 80.4365142902489 1.29868194031288e-06 0 1.29868194031288e-06
25.106712405974 11.6187707773947 13.4879407145273 85.6384838141996 1.36305868941001e-06 0 1.36305868941001e-06
0 0 0 0 0 0 0
8.29096612554375 3.94292377214336 4.34804235340038 27.8601882481715 4.49814660056741e-07 0 4.49814660056741e-07
39.8818637328854 24.5884426103942 15.2934208239783 143.237591587798 1.66299530774376e-06 0 1.66299530774376e-06
0 0 0 0 0 0 0
49.0954557955719 19.2186837906708 29.8767720049011 102.348920947461 1.39310490786421e-06 0 1.39310490786421e-06
30.9490571290609 22.0820572304711 8.86700397281593 61.30613542664 9.47728480985046e-07 0 9.47728480985046e-07
0 0 0 0 0 0 0
50.0176559180155 19.5796840555173 30.4379718624982 104.271424484708 1.41927273736677e-06 0 1.41927273736677e-06
103.431015792676 36.3734965191753 67.05753691936 151.071703279224 1.27468209279759e-06 0 1.27468209279759e-06
0 0 0 0 0 0 0
119.09591825305 37.9342630088656 81.1616746978168 169.360055984841 1.30288565894504e-06 0 1.30288565894504e-06
32.9352936169486 15.4775826602601 17.4577135388164 65.5203377191231 8.95193079021346e-07 0 8.95193079021346e-07
0 0 0 0 0 0 0
67.5793682947697 23.9141296598127 43.665238634957 151.043730482433 1.51476852695298e-06 0 1.51476852695298e-06
67.5441623164324 23.9016714147594 43.6424909016729 150.965043119152 1.51397939693754e-06 0 1.51397939693754e-06
67.1481960927443 23.7615519100479 43.3866441826964 150.080036095854 1.5051039488753e-06 0 1.5051039488753e-06
42.0911644639933 23.4395727942919 18.6515894326116 140.709008702855 1.31400252258791e-06 0 1.31400252258791e-06
0 0 0 0 0 0 0
30.5395351238265 18.7763670115707 11.7631589429975 150.143218277589 1.02222375787915e-06 0 1.02222375787915e-06
40.012587880958 22.9874333691135 17.0251458052089 214.897541472346 0.00150826882441909 0 0.00150826882441909
75.8771924901478 36.5486398555503 39.3285505617213 486.898350287518 0.0094395118250349 0 0.0094395118250349
43.2372920925825 27.7325331575649 15.5047635252591 209.120766103311 0.00313624769721282 0 0.00313624769721282
84.0414003094118 39.3611732743256 44.6802270350861 551.910715783071 0.0115014325004557 0 0.0115014325004557
93.5922618172231 42.1126331498574 51.4796346564386 633.251424915765 0.0120847364968183 0 0.0120847364968183
84.759857992394 39.697666208118 45.062191784276 556.628920056378 0.0115997565706738 0 0.0115997565706738
96.9841428904725 36.8177083258306 60.1664492227714 1122.63307446578 0.00801725624598161 0 0.00801725624598161
164.554670295025 130.71373444718 33.8409694558483 450.832481142522 0.0176542686053159 0 0.0176542686053159
230.917236813605 212.223730044268 18.6935664882314 296.130758470215 0.0232474904630021 0 0.0232474904630021
128.754455626758 114.147154053044 14.6073351281061 243.093066588293 0.0110960845503659 0 0.0110960845503659
35.7594616750656 26.7586154884161 9.00085213825131 161.750662328503 0 0 0
36.3348121243911 25.1918670107566 11.1429550130277 199.439910864778 0 0 0
25.1530565765951 17.4392660686488 7.71379736087841 138.063831029012 0 0 0
26.0187410943904 22.9249846783203 3.09375484205373 63.847973654807 0.0107614635547506 0 0.0107614635547506
92.2301148662483 90.5590210771858 1.67107463180469 18.9041278806654 9.06586643145502e-07 0 9.06586643145502e-07
142.017604291952 118.214854978928 23.8028293121818 578.206467516452 0.0107031772757468 0.0107004973039718 2.67830879245464e-06
142.859827623174 118.915918128504 23.9439899682551 581.635471826399 0.0107666515588455 0.0107639556937258 2.6941922751008e-06
142.273512664589 118.427872029243 23.8457207786574 579.248365645123 0.0107224638472415 0.0107197790462961 2.68313496627945e-06
142.016036435929 118.213549902185 23.8025665320181 578.20008419167 0.0107030591140509 0.0107003791718625 2.67827922427122e-06
141.471923606835 117.760632677562 23.711370621046 575.984798569799 0.0106620519720362 0.0106593822976384 2.6680178050513e-06
141.917947697627 118.131901250025 23.7861263906223 577.800728469824 0.0106956666421103 0.0106929885509252 2.67642936958915e-06
141.95166938722 118.165504150182 23.7862451624521 577.966094652542 0.01153906455028 0.0115363862320383 2.67681875353361e-06
120.361651755022 111.339903490185 9.02174229795413 546.614374076472 1.70372504820511 1.70372360178623 1.77295830583545e-06
275.869095933972 207.199043429393 68.6700706712528 1016.65833714245 0.40779517563194 0.407792646938856 2.60160076713186e-06
408.211938935799 291.782919473966 116.429019461833 1432.40711253796 0.0117310601215647 0.0117281185242638 2.9355206589136e-06
139.729844398547 116.310533290262 23.4193898187368 568.892146428677 0.0105307599206904 0.0105281231205488 2.63516394806664e-06
406.621649978278 290.646208097904 115.975441880374 1426.82682201612 0.011685358921791 0.0116824287841983 2.92408462374859e-06
353.556541095325 252.716174908681 100.840366186644 1240.62247044889 0.0101603913172516 0.0101578435697023 2.54248450739848e-06
79.9659779107059 64.2877537833876 15.6782138833252 386.626439330135 0.665020363182811 0.665018677583177 1.81130594264496e-06
407.698946676674 291.416241371838 116.282705304836 1430.60703348451 0.0117163179191456 0.0117133800184947 2.93183164536233e-06
406.86218136482 290.818135823422 116.044045541398 1427.67084159519 0.0116922712334789 0.011689339362604 2.92581432537406e-06
146.427488199638 32.4352061596107 113.992301415407 1041.31481591132 0.00580979817745951 0.00580834442427702 1.45381448082306e-06
167.113519501888 51.960039559609 115.153497923817 1077.30929773086 0.00638313603256701 0.0063815383799883 1.59728362137377e-06
0 0 0 0 0 0 0
142.269510304438 30.0258834941364 112.243646034729 1022.6148100903 0.00567782795417761 0.00567640726898845 1.42079092350465e-06
181.689483300496 84.3199304713133 97.369561660315 901.988538561648 0.00713205155059958 0.0071302663055126 1.78468855893337e-06
161.263584466175 50.021961760063 111.241639123587 1018.43132978486 0.00636035525107568 0.00635876355104479 1.59158312573635e-06
292.906289888814 231.553871261148 61.3524011567123 611.46697216048 0.0108879424500338 0.0108852156102303 2.72454388265689e-06
414.09340396841 399.684241349033 14.4091136099073 227.879214045573 0.015051129949447 0.0150473593134392 3.76631908481043e-06
287.005510955542 223.544254687378 63.461240243208 628.718747587934 0.0184634662386805 0.0184607864358195 2.67993825520254e-06
413.764612518571 400.767274892238 12.9972870318128 218.241373254886 0.01545587003387 0.0154519980541398 3.86759922997325e-06
198.162040756328 194.318743684797 3.84322005766964 212.848270846373 0.0264708461893483 0.026464218038419 6.62393232334379e-06
197.8377273164 194.090237783779 3.74741066071502 216.571891020064 0.0271443060951512 0.0271375093481592 6.79245557478805e-06
195.966129014974 192.277401901792 3.6886484707737 215.5833933132 0.0270741619898844 0.0270673828152411 6.774903066448e-06
200.749608199695 196.432057059321 4.3174979165844 205.271223844816 0.402571381545915 0.40256438034462 7.11141253350613e-06
95.2673852808638 93.8834066297266 1.38397664253242 178.411073550939 0.0373351652524098 0.0373258248193404 9.34256585341764e-06
95.2695846521412 93.8858062302353 1.38377643380425 178.456950154257 0.0373497408635014 0.0373403967855407 9.34621318187872e-06
268.383379083032 266.285745819093 2.09763025262918 167.667243900941 0.0365397049609041 0.0365305659069886 9.14351356161148e-06
435.307465200615 432.519285284547 2.78817591494926 157.675648193243 0.0358431461268821 0.0358341836198691 8.969209887921e-06
414.375215773384 411.734183636348 2.64102829750059 156.754792785342 0.0360262051703281 0.0360171960078452 9.01501759532306e-06
268.71013513152 262.00189907456 6.70823492861951 207.583697978097 0.103732317445389 0.103723629339102 8.67661768084024e-06
417.165915346377 383.913055700184 33.2529094100372 365.632838499437 0.010781229467598 0.0107785266193606 2.69784081340967e-06
230.28529677676 147.914998702565 82.3702710816743 1012.92268813324 0.011376455378783 0.0113736020676161 2.84678661565174e-06
200.064581781277 196.01815240515 4.04642452149239 281.852022294578 3.1392957924532 3.13929095765805 5.5105336024856e-06
170.209951647715 92.5439011361574 77.6660299191031 907.082064617428 0.0231852195138828 0.0231794146269808 5.80175237255939e-06
16.8425029746267 0.920379627860234 15.9221226794761 979.95148087337 0 0 0
37.1301156330401 19.4631043680524 17.6670112649876 674.564523858312 0.027215557839077 0.0272087552506997 6.81028599055842e-06
33.6761784671068 17.6525972259353 16.0235812411715 611.814827552463 0.0246838978884048 0.0246777280939851 6.17677598143544e-06
36.5978387411592 19.1840920212619 17.4137467198973 664.894338295709 0.0268254105882427 0.0268187055180265 6.71265748070674e-06
37.5912591719925 20.201955245964 17.3893038006637 664.635230568769 0.0270666038726102 0.0270598383023619 6.77301246667849e-06
37.1666821538713 19.482272043649 17.6844101102224 675.228849225825 0.0272423602943263 0.0272355510066165 6.81699290380916e-06
70.321222944093 59.9857360870977 10.3354810255218 425.990871842232 0.0288923788812884 0.0288851472486649 7.22988427441395e-06
57.7923324002823 52.9324828235747 4.8598441264392 211.525774133648 0.0254755205517325 0.0254691435884834 6.3748668069423e-06
68.0924894772875 62.0842702601362 6.00821271336688 262.420723002226 0.0271895916276225 0.0271827844545515 6.8037871958473e-06
17.2229818742651 16.8614312999843 0.361549275607757 12.0285324670188 0.0189352123486954 0.0189304771869964 4.73825353978331e-06
11.2483729616752 10.6583605796104 0.590011859708249 80.4539546264395 0.0148604303461413 0.0148567130250065 3.7186002978307e-06
10.9270095090755 10.3382302011682 0.588778814858328 81.3605106709328 0.0145459689189259 0.0145423302178369 3.63991103099849e-06
22.1540248612173 21.7357500799023 0.418273596340296 34.0324975824461 0.014958021093559 0.0149542795639555 3.74302080330078e-06
10.8062924094554 10.2240176927913 0.582274229062147 80.4616732659092 0.0143852710465941 0.0143816725443758 3.59969879340755e-06
5.49834449500145 5.20207757368928 0.296266673215669 40.9396656593447 0.00731936291108849 0.00731753195888838 1.83156102893141e-06
10.993124371332 10.4007826008123 0.592341274487523 81.8527898212036 0.0146339806233783 0.0146303199059984 3.66193464287881e-06
9.37376846163892 8.87039473073068 0.50337330293261 69.544330273964 0.0127200575289765 0.0127168756338058 3.18300402291232e-06
21.706633564061 21.5747660768603 0.131869911558446 32.0818083519941 0.00542979403255174 0.00542753962867665 2.25405682990415e-06
15.3183824298121 15.0224370792718 0.295945583257628 47.6656180993727 0.000985183882167117 0.000984819521519578 3.64471208621067e-07
4.74948098526741 4.59252087447731 0.156959827129062 28.7304178903605 3.06342384656324e-05 2.96091709353141e-05 1.0250708678255e-06
13.5566837576837 12.7269039106606 0.829780354477933 51.0018517915128 0.00017111677308371 0.0001695442881059 1.57248557367047e-06
6.20978719943582 5.96888279058911 0.240903320590104 37.0935095054217 1.20722812713168e-06 0 1.20722812713168e-06
16.2007229026778 15.4882503792744 0.712467033440638 84.2297646463132 2.14081897347001e-06 0 2.14081897347001e-06
16.3980259812 15.6523686536429 0.745651769862743 88.0563681279737 2.12601992739221e-06 0 2.12601992739221e-06
15.6451007596375 14.9797564103849 0.665339036682725 78.6497818812832 2.10140423704476e-06 0 2.10140423704476e-06
15.4671931477262 14.8143766262131 0.652811268271499 77.1778315723291 2.08536977385267e-06 0 2.08536977385267e-06
12.5524573269755 12.2140417252197 0.338411704066539 37.885950484711 1.85169253030157e-06 0 1.85169253030157e-06
29.6889280735383 28.7937714677029 0.8951543388168 57.1460219222662 1.51238486130272e-06 0 1.51238486130272e-06
43.3202014414013 41.9907416979742 1.32945861333438 72.9515060639132 1.31050625271588e-06 0 1.31050625271588e-06
33.4114988002581 32.2140222823097 1.19747586925887 68.0606794088843 1.13399576293275e-06 0 1.13399576293275e-06
108.335721390112 106.755862080999 1.57985708555689 68.8865431360367 1.99818342762427e-06 0 1.99818342762427e-06
6.74451763446467 5.97328903339732 0.771228800926792 52.2536313372567 7.71703367168134e-07 0 7.71703367168134e-07
18.2748086513333 17.4290676904748 0.845740407993424 53.53834366946 9.18214455559821e-07 0 9.18214455559821e-07
6.70954262108825 5.94231337655023 0.767229443361047 51.9826599269889 7.67701548646463e-07 0 7.67701548646463e-07
76.2494201611035 75.2816618051411 0.96774232057429 55.0829231218158 1.89943711289742e-06 0 1.89943711289742e-06
11.6625231957332 10.9556881210802 0.706834086025054 68.202984753955 8.46936860210894e-07 0 8.46936860210894e-07
50.7470796794418 50.1650112860572 0.582060212478746 140.307880863275 1.42855084174471e-06 0 1.42855084174471e-06
7.96213128759405 7.64109405258454 0.321036938887035 145.600170456987 7.71102140134985e-07 0 7.71102140134985e-07
7.6843310438929 7.3744948578113 0.309835900290893 140.520153389333 7.44198242835308e-07 0 7.44198242835308e-07
27.1343310070361 25.9623932491298 1.17193163581141 145.569009188077 1.06999360063816e-06 0 1.06999360063816e-06
8.03055709332924 7.70676089458463 0.323795900077279 146.851444596893 7.77728919239353e-07 0 7.77728919239353e-07
25.583938647074 23.7574102108738 1.82652247542944 101.44152198061 1.45322102397104e-06 0 1.45322102397104e-06
4.14944489556045 3.37459757771826 0.774847206033492 82.0581929120775 6.75797807021516e-07 0 6.75797807021516e-07
98.3768718078045 97.5563271483329 0.820545024667253 11.155864221788 4.60658522292597e-06 0 4.60658522292597e-06
10.1470873242433 9.86897903303117 0.278107242173187 37.8189356518795 6.47189238871811e-07 0 6.47189238871811e-07
12.0558315492301 11.6465353240578 0.409294769488559 42.1083136041896 7.40426491598204e-07 0 7.40426491598204e-07
10.7412767503178 10.1600664216966 0.581208329798844 27.8750727265091 5.73462489837747e-07 0 5.73462489837747e-07
13.238507210127 11.8003283955757 1.43817909786593 101.702523108068 8.00997425151978e-07 0 8.00997425151978e-07
5.04033719715214 4.65016014429344 0.390175828961688 15.569143296786 2.95904697621587e-07 0 2.95904697621587e-07
4.38487020691218 3.91996931320798 0.464900956470945 23.3488652375638 2.59550066708086e-07 0 2.59550066708086e-07
6.11391169611409 5.48816548781303 0.625746507938678 29.5659476703147 3.2063511659611e-07 0 3.2063511659611e-07
4.61513743162092 4.12884222566295 0.48629530052002 24.173312746585 2.67636565057635e-07 0 2.67636565057635e-07
4.52322640539729 1.78434014971785 2.73888687505265 43.6320126597408 2.40263614763807e-07 0 2.40263614763807e-07
67.2942754137658 58.4100844599844 8.88419172951395 180.876724892468 9.69996844422823e-07 0 9.69996844422823e-07
22.80019405139 15.1199025192972 7.68029303903361 261.615928381927 9.47733105897734e-07 0 9.47733105897734e-07
22.5059427956475 3.29422832470715 19.2117213805414 245.296858988557 5.09385367000785e-07 0 5.09385367000785e-07
41.7356879095942 19.2253067686571 22.5103814695661 336.227240476012 6.47945567118814e-07 0 6.47945567118814e-07
57.7327694409803 48.7276991229838 9.00507031799645 174.155864417051 1.77535601730368e-06 0 1.77535601730368e-06
13.9949950140101 12.8032266489021 1.19176742622713 42.3724042590445 2.02982558784722e-06 0 2.02982558784722e-06
94.3571008814095 93.2862647573896 1.07083377703895 108.748862567884 1.17824571083257e-06 0 1.17824571083257e-06
71.7878181589752 70.5126312981927 1.27518394923511 173.363461738232 1.23156747870217e-06 0 1.23156747870217e-06
64.5360807308367 63.2909661156383 1.24511175632726 175.284068374893 1.17902513824847e-06 0 1.17902513824847e-06
66.0326445374798 64.7586562527446 1.27398535956817 179.348830127394 1.20636622139209e-06 0 1.20636622139209e-06
67.6549508773017 66.34966293335 1.3052849469184 183.755116536083 1.23600452503447e-06 0 1.23600452503447e-06
221.84268876054 181.125808622611 40.716840019568 144.083977290084 0.010185311196083 0.00290188436880093 0.00728342750239125
291.300697711492 283.282715755878 8.01798076000978 170.427267602433 3.29883636601666 0.706706115598039 2.59213028122174
41.7885594591983 39.3793038306107 2.40926107677373 3.96713799009434 0.00225380174987891 0.0006426662807549 0.00161113556738981
137.818995248139 133.285630616748 4.53337953789074 -18.7650962205611 0.584977608729778 0.00325614117018004 0.581721492602517
423.747973451786 416.854975254269 6.89301166813447 385.400811911818 9.30099432952274 1.76064680328321 7.54034819632594
476.196348282819 457.138389281781 19.057975044251 488.701266691762 9.73027109483413 0.175220508621458 9.55505038650333
219.591036606821 217.498340644724 2.09271363166911 -90.6511965455866 0.326665129733621 0.00478514009021243 0.321880005477372
215.169374820214 206.599176470991 8.57023260713226 77.1570270139681 2.18953071230486 0.00508990154278655 2.18444089753951
128.015879813489 123.33153787658 4.68435695937543 -4.0354903779487 0.614706872857125 0.00300994591482689 0.611696956304384
180.965977328276 163.431047783862 17.5349780137388 306.581671446399 2.54416065240251 0.00392106131511962 2.54023977350443
160.488627258585 144.77650722797 15.7121633104006 273.328434244871 2.25328583408463 0.00347033675962846 2.24981566092259
105.115102119529 74.926904295006 30.188196775109 180.358635599616 0.783777224078642 0.00234945776246138 0.781427741087068
102.210403042715 33.7600157362282 68.4503873192476 236.881469877642 0.00929526981465612 0.00168005038775772 0.00761522085869346
285.135497196558 268.348958639894 16.7865432243776 660.805959708691 4.35677952049131 0.401518758578535 3.95526050614106
66.9140448940505 63.7519201122576 3.16212885438679 38.6119040610967 1.09330329934893 0.00203431032201832 1.09126944597194
127.370739091527 123.139415433851 4.23131575001106 45.9859796832406 2.90919520019663 0.0205781775666648 2.88861737805841
255.979357972718 246.322166220375 9.6571931722503 453.208351500142 4.76502619393171 1.55640990615603 3.2086164163298
61.8434042811114 59.8569124267393 1.98648671219423 23.2009417999964 0.825658409684498 0.018387639418305 0.8072707531256
59.3860190312547 57.4784616378593 1.90755245554508 22.2790382789202 0.792850371042962 0.0176569953922932 0.775193359191168
112.251312045926 106.807122625811 5.44418952724624 58.5640597288339 1.53134711300744 0.335174045594286 1.19617303432875
27.0008303091332 26.1335279655144 0.867300098544001 10.1295311898784 0.360482461668252 0.00802804337003195 0.352454410814637
84.5937889759847 63.5961061146161 20.9976828613359 170.862890724732 0.0219418139118205 0.0197137660802315 0.0022280468586723
118.260487763698 103.536142939244 14.7243386847546 329.477169449953 0.470951395725656 0.366170538561517 0.104780840326133
83.7816961542489 62.9855456598252 20.7961504944238 169.222581864907 0.0217300277512963 0.0195243148508509 0.00220571193707951
87.9323164446946 69.069235490506 18.8630807785629 165.287220422043 0.146148171112208 0.0636041254834366 0.0825440272526924
80.0549171601422 60.1838214256294 19.8710957345128 161.695219775441 0.0207634322455692 0.0186558339081099 0.00210759741694584
85.1855391804519 64.040929151505 21.1446100289468 172.058069236633 0.0220941352988648 0.0198514635540031 0.00224267076535365
162.986701352858 158.943210370572 4.04347941283904 120.63512569277 1.12649999299979 1.05317460843991 0.0733254103293454
70.4242727527004 63.1011582642649 7.32311350797159 114.875771143037 0.0451891019912751 0.0406021779899606 0.00458693086456194
130.359075705448 127.405800360337 2.95326712079482 67.8035045855745 0.377865390383983 0.369706023618519 0.00815940286833933
71.955579683707 64.4732312332528 7.48234744867103 117.373632429781 0.0461716948158854 0.0414850326385038 0.00468666918986374
120.139513799903 115.47118363541 4.66832353480988 520.610503982409 0.46011272242831 0.450472715614893 0.00963998642208492
37.6614815090563 6.9871807914746 30.674299759977 238.609255023407 0.0142162831701762 0.0129502914700845 0.0012659888272776
251.426114823478 248.763072288482 2.66303107002272 121.309388026117 1.27970861856751 0.811604696146402 0.468104008161182
36.5905395258424 6.78849330085912 29.8020452946091 231.824161645534 0.0138120289060804 0.0125820369491668 0.00122998916579096
10.3173870638906 7.87005930635563 2.44732826726664 45.0760582844493 0.0343748605129176 0.0148405892621055 0.0195342697319243
5.53050078096835 3.72559707064519 1.80490426216316 33.7845133026858 0.0126871069507861 0.011557293484311 0.00112981299807239
1.35687596211713 0.961010869169015 0.395865319519688 11.4944249934365 0.00558953197576578 0.00509177311607858 0.000497759312830337
187.594254169835 179.680048171965 7.91420134568883 427.324076600526 1.39617271793925 1.10125479681647 0.29491789243375
0 0 0 0 0 0 0
202.722815499803 201.167300765345 1.5555123939791 304.687188603853 2.00173472834839 0.430725256703657 1.57100948447717
8.35465192007517 2.81060860233649 5.54403924123684 74.9476348425463 0.0128850559339831 0.0117376103490557 0.00114744069312524
5.98909670453148 5.03502889813132 0.954067806400167 35.094257332953 0.0205110299974938 0.0186844806700667 0.0018265493274271
41.6421565159663 32.2859778487051 9.35617658857888 184.130858143449 0.089523623382097 0.0117426252880578 0.0777810017985036
70.6236189318265 26.8443032969036 43.779312675609 335.303158400798 0.00441493328589461 0.00318714396372113 0.00122778929992402
268.192068820396 227.507627127667 40.6844282938776 328.105931255153 0.0485493988288795 0.00890637141658678 0.0396430294682423
292.242781787249 268.069973773931 24.1728118133825 164.596999779178 0.00847626039121228 0.00611901808738531 0.0023572413870459
179.254633653443 129.764221877319 49.4904670753696 262.421864535516 0.00970906797224743 0.00700898322564849 0.00270008407275677
683.708691401801 648.57471337199 35.1338850468887 380.965416283266 0.0179833488200452 0.0129821924406056 0.00500115559611905
1250.16785410175 1227.07674330547 23.0909120648377 523.00083973701 0.0272833327113176 0.0196958570934429 0.00758747430595239
1002.96459243223 922.710172269498 80.2544270773641 498.364618503367 0.0178752718674511 0.012904172668034 0.00497109880775197
688.894631658586 571.219919196902 117.674695539929 489.250968950939 0.0117366193293454 0.00847267400152201 0.0032639444081584
209.951110807153 149.508726974853 60.442384050706 153.858679251057 0.000784708504975737 0.000566481655791102 0.000218226792170462
5.12191264113053 0.277313116909179 4.84459980002966 24.881171188111 1.16038277687803e-06 8.37681541770696e-07 3.22701648819792e-07
24.8398019628582 24.5458469504369 0.293954593537856 43.1235335720116 0.211640096543336 0.211627304273627 1.27755957242977e-05
152.961443323238 148.889925961047 4.07152185408819 198.197446135338 11.6016629363307 11.6016589059137 3.3828327254669e-06
18.7243003730094 18.5059866859645 0.218313129706158 14.4065688804239 0.000108606421313816 0.000106134294160007 2.47211953666214e-06
8.11623896090904 8.0578036711533 0.0584350080178095 31.4950532812251 0.00192081846661874 0.00191803859991463 2.77957393337384e-06
85.7558842834043 85.6637005705158 0.0921707902997791 -31.3220612529251 3.84751431236528e-06 0 3.84751431236528e-06
20.1026885532207 19.8591076959624 0.243582565577505 -12.5922453141152 1.33910790754937 1.33910298541662 5.0159789094448e-06
65.4516540752148 65.3844712727496 0.0671764993115763 -0.748096064539435 2.61829616989882e-06 0 2.61829616989882e-06
