150.18240655761 150.18240655761 0 774.674399509005 0 0 0
0.0309681891488632 0.0309681891488632 0 549.450969472707 0 0 0
0.134123925303993 0.134123925303993 0 416.663854426684 0 0 0
76.8771299328983 76.8771299328983 0 116.147038236214 0 0 0
86.7233974371359 86.7233974371359 0 110.39560061288 0 0 0
89.2425600579649 89.2425600579649 0 113.602399225325 0 0 0
88.1214835190933 88.1214835190933 0 112.175311247926 0 0 0
101.046770414253 101.046770414253 0 286.82197479983 0 0 0
282.706911399497 282.706911399497 0 469.603469508798 0 0 0
238.862289521285 238.862289521285 0 596.754452458467 0 0 0
74.6395166195489 74.6395166195489 0 389.507880648961 0 0 0
38.4749695491581 38.4749695491581 0 421.679568386015 0 0 0
128.044152410802 128.044152410802 0 462.768435573184 0 0 0
153.107195816329 153.107195816329 0 381.156536141026 0 0 0
272.560518364961 272.560518364961 0 1003.78216988877 0 0 0
3.0851386223758 3.0851386223758 0 348.876407567398 0 0 0
38.7509613436206 38.7509613436206 0 748.167185370978 0 0 0
68.3816755728966 68.3816755728966 0 448.498987312948 0.170051628563904 0.170051628563904 0
106.29440471246 106.29440471246 0 147.812590237689 0.0935381116245197 0.0563420966775739 0.0371960149469458
121.46271927957 121.366875613428 0.0958436661422715 346.83473432822 20.3196145353602 19.9804677920575 0.339146743302707
54.4688839537391 54.4688839537391 0 59.0623289733598 0 0 0
48.9704531755489 48.9704531755489 0 257.885658935736 0.0157539018116759 0 0.0157539018116759
66.6786233774023 66.6326944774882 0.0459288999142049 267.569548409573 14.6400839444573 14.5537852931206 0.0862986513367392
0.119754265656235 0.119754265656235 0 15.0623906650167 0 0 0
91.7483533956903 90.4698049827025 1.27854841298789 395.934135513128 16.5807208715702 16.5581556600389 0.0225652115312728
0.121379980932984 0.121379980932984 0 15.266869048098 0 0 0
0.322462656099801 0.322462656099801 0 38.765117789489 0 0 0
1.42131046501742 1.42131046501742 0 60.0519135705983 0 0 0
15.4766966485206 15.4766966485206 0 99.0324211032103 1.33829779570758 1.33829779570758 0
3.7851304551732 3.7851304551732 0 95.3558710499702 0 0 0
13.1734673084523 13.1734673084523 0 157.314675938432 0.363301339244957 0.363301339244957 0
24.2923441587304 24.2923441587304 0 198.64425156529 1.01748569374674 1.01748569374674 0
144.310219356173 143.581185091626 0.729034264547196 813.095117718252 10.3637574692872 10.3637574692872 0
60.4872238734219 60.4872238734219 0 134.312798749834 8.63655326308985 8.63655326308985 0
87.9075336442106 87.4730481307033 0.434485513507254 426.240768066587 7.04347477554141 7.04347477554141 0
85.9663616459181 85.7233177815903 0.243043864327761 151.803033010398 10.6515183079741 10.6515183079741 0
185.660098911743 183.899288440107 1.7608104716359 93.4429099779867 6.73689303627029 6.73689303627029 0
244.229034241263 241.512384554026 2.71664968723661 58.0144256856866 3.8702687307316 3.8702687307316 0
63.7672653277156 61.3007918284141 2.46647349930143 560.587769868688 2.51673835216455 2.51290299120408 0.00383536096046837
131.838987465056 122.83980542746 8.99918203759665 162.988015627103 2.8089607014544 2.8089607014544 0
32.5084204101511 29.6229804523093 2.88543995784185 835.103268327063 0.705574155225294 0.705574155225294 0
21.7506719445783 17.2420533036959 4.50861864088233 66.4334060649572 0.154600886558625 0.154600886558625 0
31.4652232945989 27.5774441374559 3.88777915714296 1086.14931406475 0.706772593998982 0.706772593998982 0
59.1513474103487 52.6664910249904 6.48485638535824 331.128749229569 0 0 0
27.4654129060317 17.4505943083257 10.014818597706 146.779831873647 0.0316815321064271 0.0316815321064271 0
32.4798438744191 23.1348793798672 9.34496449455195 117.021150778329 0.192824657148015 0.192824657148015 0
3.61986320665124 2.68878575821166 0.931077448439574 37.5504938478663 0 0 0
2.89851621933088 1.49167097070251 1.40684524862837 36.1344454141002 0 0 0
410.911109557037 405.003903723625 5.90720583341055 -3.70250199969977 1.20358219658821 1.12196545294101 0.0816167436471997
4.65263865452773 4.40970036437759 0.242938290150137 39.946675164911 0 0 0
45.7941295656797 38.3334150168992 7.4607145487805 143.580357880344 0 0 0
39.0214464707764 23.6674753250511 15.3539711457253 223.498146222378 0 0 0
44.6698949244675 43.0927973499516 1.57709757451584 84.4819917716754 0 0 0
42.2734433506404 40.774180820523 1.49926253011746 78.2942728941343 0 0 0
109.386390553247 108.02462871381 1.36176183943709 231.242528062801 4.14728315464944 4.14728315464944 0
36.3931131708316 35.065235091385 1.32787807944661 58.3195041885299 0 0 0
335.541860626593 332.843309782591 2.69855084400213 55.5953162939642 0 0 0
111.627675537913 111.21019600056 0.417479537352852 30.7196960291135 0 0 0
259.48958874627 257.950872680543 1.53871606572646 -98.6686193546476 0.128517004794004 0.128517004794004 0
82.3291728469115 80.8221573532387 1.50701549367277 48.6546477502094 0.383565160032437 0.383565160032437 0
18.335646317911 18.3050324572502 0.0306138606607946 47.5486726613761 0 0 0
42.0354715940157 40.670013545027 1.36545804898862 527.776476286601 0.0867009875711417 0.0867009875711417 0
58.1226007827382 52.8154359701597 5.30716481257852 282.551999722012 0.255111181607948 0.255111181607948 0
101.134592014872 86.7468823614465 14.3877096534252 408.878942314571 1.38169971800991 1.38169971800991 0
45.932346860281 28.7140202897552 17.2183265705258 384.42994260861 0.0441410083041026 0.0441410083041026 0
43.2336755421436 22.2064129880453 21.0272625540983 426.767687565126 0 0 0
189.769473670398 179.337687009761 10.4317866606374 392.114947723046 12.9686456567673 12.9686456567673 0
113.247931905049 111.831957850349 1.41597405469996 244.74652594758 13.2627928644725 13.2627928644725 0
0 0 0 0 0 0 0
173.696154483416 172.216624346787 1.47953013662973 237.559675876483 8.673501121557 8.673501121557 0
69.9798845120387 68.8503537612517 1.12953075078701 50.6671809558076 9.63657527323161 9.63657527323161 0
189.481573533121 189.128200727305 0.353372805815698 180.680480986483 11.0807348507759 11.0807348507759 0
175.972636898932 175.644457523554 0.328179375378118 167.799011178262 10.2907427572533 10.2907427572533 0
72.407687681554 65.2765193819319 7.13116829962211 543.811656902853 1.70560474553113 1.70560474553113 0
104.478305463076 104.125365267176 0.352940195900437 18.0163905798876 9.9900761026111 9.9900761026111 0
102.77144065655 102.235837561283 0.535603095267819 20.0598783859962 11.7821737421559 11.7821737421559 0
5.11514470004272 4.14111445634998 0.974030243692747 19.0699294993263 0.010778104937466 0.010778104937466 0
53.9595735067706 53.3791908549585 0.580382651812146 -0.322651100953474 3.36931279226975 3.36931279226975 0
227.411090417471 220.005010475758 7.40607994171272 72.0005532445333 17.0787943099734 17.0787943099734 0
52.9083788377934 52.1295098494392 0.778868988354263 83.7057927634207 7.44263358370604 7.44263358370604 0
78.6080123739069 77.0613147874905 1.54669758641641 48.1740187231215 6.00196044044016 6.00196044044016 0
18.8157787902979 18.3452909421013 0.470487848196588 1.35740460369108 1.88846839976045 1.88846839976045 0
0.203231140507339 0.202136581985229 0.00109455852210964 -18.4427965876479 0.00995291948202633 0.00995291948202633 0
202.408737526196 196.489867947667 5.9188695785287 28.3535528593363 14.6589470674026 14.6589470674026 0
0.163285681393164 0.162608072682072 0.000677608711091578 -21.2527231296389 0 0 0
20.7473562055917 19.9578543879209 0.789501817670759 0.510133266124415 2.23397298068708 2.23397298068708 0
60.2337864605293 57.8744539806037 2.35933247992562 3.7442082252872 6.4621144271991 6.4621144271991 0
124.881737234956 119.990171286317 4.89156594863984 7.76280647821604 13.3977975369109 13.3977975369109 0
7.84750355508995 7.09355754683664 0.753946008253308 -46.4572600391464 0.384377384037436 0.384377384037436 0
642.957024479479 638.550086446457 4.40693803302187 -424.003461919754 0 0 0
112.317555575598 112.132716250615 0.184839324983021 -62.8525732816176 0 0 0
0.182919228211379 0.0316674262577945 0.151251801953585 1.48429275727992 0 0 0
1.66874313548084 0.708136608139632 0.960606527341204 3.04141309246645 0 0 0
5.04694724527562 2.75844351163828 2.28850373363733 4.86864801856627 0 0 0
7.56685326894517 6.65379112148921 0.913062147455959 -10.9062443266219 0 0 0
5.22739282133963 4.99369597751475 0.23369684382488 -5.12714573066221 0 0 0
1.19798730688385 1.09501174583624 0.102975561047611 0.918323602676839 0 0 0
1.44356890957524 1.33602542555751 0.107543484017729 -2.07254596015799 0 0 0
2.00568591627862 1.84651429992269 0.159171616355931 6.05188347706598 0 0 0
1.69529637987815 1.45838879298614 0.236907586892005 22.7665374672532 0 0 0
1.52828568392774 1.41386114689644 0.114424537031297 5.34960668491763 0 0 0
0.751369082432155 0.65007696697833 0.101292115453826 -6.7655824809975 0 0 0
2.05684189442634 1.84903234774484 0.207809546681506 -27.607466522173 0 0 0
0.205561071564759 0.141854159692012 0.0637069118727468 5.55934353131448 0 0 0
1.32685903296216 1.27557989772563 0.0512791352365304 21.2116725927066 0 0 0
9.99134696885615 9.76336833863835 0.227978630217798 10.7308325592445 0 0 0
9.17639157738906 8.93144406366072 0.244947513728335 9.37092938596605 0 0 0
2.99770546974736 2.65698118314495 0.340724286602414 17.8680639463711 0 0 0
12.4399841212837 12.1605845147262 0.279399606557498 7.84387968359978 0 0 0
16.0983603560076 15.8607594587046 0.237600897302939 9.1598875861305 0 0 0
17.8186604692573 17.5359368529235 0.282723616333759 -2.62359302981797 0 0 0
59.5722575131723 58.9217086755946 0.650548837577747 -46.1087817823462 0 0 0
141.508691657538 140.549457467901 0.959234189637506 -137.188612386249 0 0 0
288.823779154011 276.871630719868 11.9521484341421 -139.836804313323 0.00037798561848725 0 0.00037798561848725
329.150457185299 323.742563875261 5.40789331003837 -155.301986994578 6.33962254194692e-05 0 6.33962254194692e-05
264.838070020373 260.303685249432 4.53438477094022 -113.465616571466 0.000138015785283746 0 0.000138015785283746
379.992577982545 369.572819681207 10.4197583013383 -94.2211927854211 0.000107795397124977 0 0.000107795397124977
324.113819258502 280.141246076346 43.9725731821569 296.824105437775 2.6071743242298e-05 0 2.6071743242298e-05
340.680042445894 271.91599603744 68.7640464084545 541.964582789533 0 0 0
766.206140548415 710.893356188036 55.3127843603792 -321.385146517433 0.0138113819885941 0 0.0138113819885941
565.374366817837 554.667917482728 10.7064493351087 -102.03849030585 0.00388685011653403 0 0.00388685011653403
305.575068165681 303.723694807403 1.85137335827771 660.792359783334 0 0 0
297.650100891707 294.039318135976 3.61078275573056 440.826553133552 0 0 0
403.866527078387 396.146206812751 7.72032026563576 1438.01997031887 0 0 0
323.685897554467 317.921340812629 5.76455674183899 -100.588188254925 0 0 0
105.669583654454 99.5728690874251 6.09671456702891 60.7525111790582 0 0 0
82.9961731210431 82.1289259686192 0.867247152423816 -24.5276550230858 0 0 0
98.2238095410452 97.3191089474174 0.904700593627815 -25.7543886029348 0 0 0
23.7164498583661 23.2034010669996 0.51304879136653 9.57630413078013 0 0 0
34.0809011776206 33.2296346260749 0.851266551545721 42.0251544907502 0 0 0
36.2290630337254 35.307651870379 0.921411163346352 27.1172187511518 0 0 0
1.87201908203515 1.67800401377543 0.194015068259719 -24.9641798844405 0 0 0
0.916203614597283 0.78843389157815 0.127769723019133 -11.1246737065028 0 0 0
7.40077288469725 7.09402532429649 0.306747560400759 6.13658198784492 0 0 0
14.0323139998826 13.6374897545907 0.394824245291877 6.78034093736921 0 0 0
39.6717660343117 39.4615794028063 0.210186631505459 -33.2102189838823 0 0 0
21.4256669605976 21.165422155899 0.260244804698585 -10.4340301221958 0 0 0
23.9961032535294 23.6828459264472 0.313257327082187 -5.39079597095649 0 0 0
12.3882743062226 12.141421444836 0.246852861386638 9.45087585710598 0 0 0
80.618873202645 80.201103146545 0.417770056100091 -58.4639444691686 0 0 0
451.118480699206 448.220155790708 2.89832490849813 -553.770378975047 0 0 0
285.482493172039 281.198724557131 4.28376861490838 -286.447011799696 0 0 0
635.909897145358 635.120737193967 0.789159951390298 207.68224231841 0 0 0
621.050060530496 620.367187313345 0.682873217151198 -15.083712065713 0 0 0
332.614500148144 329.317768561714 3.29673158643034 -459.357071117263 0 0 0
194.88257839068 173.334869530738 21.5477088599422 35.8592228113253 0 0 0
127.263847390337 82.7522467572268 44.5116006331098 602.548967252917 0 0 0
134.649704723187 79.3955669645249 55.2541377586616 1014.98494315373 0 0 0
76.5233924594668 27.0642175991674 49.4591748602993 1116.40375769184 0 0 0
143.63521314786 124.441073470539 19.1941396773209 253.269592174261 0 0 0
406.931288186696 392.63152964337 14.2997585433261 -95.3606403857339 0 0 0
414.986881283839 411.00401041136 3.98287087247892 -356.824254980252 0 0 0
580.095224369736 557.819364924581 22.2758594451545 -337.946873254889 0 0 0
895.802845065611 886.083427189803 9.71941787580807 -341.639386307526 0.0029131581641869 0 0.0029131581641869
800.589942100003 791.258812649726 9.3311294502768 -639.686352239202 0 0 0
1018.27748256799 1014.95805931503 3.31942325296525 -814.871339397023 0.00354665486288814 0 0.00354665486288814
814.647001972194 808.579427036485 6.06757493570941 -564.650365813546 0 0 0
378.79375679971 343.16224508285 35.6315117168603 124.857211816806 0.00226223770780601 0 0.00226223770780601
137.757266943887 84.7362425519265 53.0210243919606 548.62486468831 4.55515861913456e-05 0 4.55515861913456e-05
234.585927725698 222.402571331097 12.1833563946005 -48.9545781939039 0 0 0
258.678414143105 245.857205561435 12.8212085816703 -89.6729271388297 0 0 0
137.444392326196 129.526788427761 7.91760389843497 -36.5594914198977 0 0 0
99.9319309063916 87.9913975571382 11.9405333492534 70.8559347418289 0 0 0
161.054803677562 127.09691795291 33.9578857246524 338.43118773123 0 0 0
266.971443599914 248.936065272991 18.0353783269234 112.324350290623 0 0 0
412.099629587599 394.560776965632 17.5388526219665 -134.526037452665 0 0 0
209.664616926403 202.478028410781 7.18658851562251 -76.7260737087164 0 0 0
268.23265107916 250.875086606939 17.3575644722205 60.6722261296786 0 0 0
177.004474397474 170.732252727982 6.27222166949156 -30.3990535211075 0 0 0
56.5636395382011 54.1975334946026 2.36610604359846 -11.4817044126153 0 0 0
62.7193810452337 60.6125710918708 2.10680995336289 -24.3028127184155 0 0 0
46.1032005306829 45.1248993314767 0.978301199206263 -39.3336357308438 0 0 0
62.8131212711114 60.7031624850015 2.10995878610994 -24.3391356399068 0 0 0
48.4980559438894 46.9647254132694 1.53333053061997 -44.3476351135841 0 0 0
41.1322773665651 40.1555060136119 0.976771352953145 -62.4796740763668 0 0 0
23.020291629335 22.4464635528715 0.573828076463438 -61.5316179920732 0 0 0
29.3740830781537 28.6401122813487 0.73397079680498 -78.8221268329546 0 0 0
19.6250233097283 19.1800166000038 0.445006709724569 -41.0644252395275 0 0 0
32.0983674596933 31.4939291728957 0.60443828679765 -51.6610918794834 0 0 0
36.3497158144496 35.6248027931617 0.724913021287892 -20.8935690534915 0 0 0
39.7319074611574 36.9207832432136 2.81112421794383 -30.0273103189399 0 0 0
72.2892309084193 53.4322195088601 18.8570113995592 384.267258450721 0 0 0
163.33337579101 161.125941374449 2.20743441656133 354.09728646162 0 0 0
154.833744378087 152.837149955839 1.99659442224727 334.398994528378 0 0 0
56.1713414890861 41.9120618792826 14.2592796098034 486.916866461959 0.000873127569129945 0 0.000873127569129945
83.9155979276076 83.1316988007304 0.783899126877251 170.029195579375 0 0 0
77.1185998094369 75.35655558468 1.76204422475686 206.484894952005 0.0177214284294302 0 0.0177214284294302
206.205876936247 122.592005578824 83.6138713574231 775.202996485338 0 0 0
161.697222113799 96.1310465539435 65.5661755598551 607.878751897679 0 0 0
212.684840445682 126.443831445742 86.2410089999397 799.559780109824 0 0 0
26.4696207070849 21.4563563389732 5.01326436811181 92.7202022734924 0.122545175161985 0 0.122545175161985
48.4872200303183 27.9851965565372 20.5020234737811 534.337946679183 0.0570730441602637 0 0.0570730441602637
166.698730030873 99.1045063582054 67.5942236726676 626.681241826033 0 0 0
172.16217240625 85.971233452051 86.1909389541986 1444.52730079833 0 0 0
152.823562219048 62.7278647052104 90.0956975138381 3208.18528889379 0 0 0
50.3252318174084 37.9466351893722 12.3785966280363 381.544523764517 0.000200991520367416 0 0.000200991520367416
138.899182168074 115.503919101082 23.3952630669913 719.145633795661 0 0 0
49.4205126066939 33.5268100439664 15.8937025627275 488.071074224013 0 0 0
19.9050846566995 9.33011996156704 10.5749646951325 324.600933392547 0 0 0
18.419415532351 8.59788432756358 9.82153120478744 301.473394311636 0 0 0
90.2205587395041 80.5046531009936 9.7159056385105 302.208806403331 0 0 0
45.406719124519 40.9382948075456 4.46842431697341 171.344577837444 0 0 0
162.10652750331 142.679598313969 19.4269291893411 391.577705911109 0.055624559213689 0 0.055624559213689
262.40053843793 260.4551289015 1.94540953643086 3270.85455616453 0 0 0
255.324337865179 253.431390523216 1.89294734196329 3182.6488572681 0 0 0
235.832040185532 230.022029889957 5.81001029557511 3100.99135072893 0 0 0
186.269720672053 176.690643743886 9.57907692816667 2647.48379901605 0 0 0
160.162660557285 148.872598063033 11.2900624942523 1925.75407915343 0 0 0
146.052702964156 136.043446802472 10.0092561616836 1726.50563548935 0 0 0
69.9790072148989 69.2504390022319 0.728568212667077 406.634149611065 0 0 0
354.490481779786 352.502990341056 1.98749143872993 662.880354958474 0.518738192889572 0.518738192889572 0
444.17830263517 63.1907830285556 380.987519606614 428.15821955945 0.0452228767505643 0 0.0452228767505643
153.351496826136 96.2085119318659 57.1429848942699 775.996369473758 0.0206381113273199 0.00892933589456729 0.0117087754327526
199.851425071704 194.924406862605 4.92701820909877 77.9346631489704 0.0761841515072129 0.0761254950726736 5.86564345392917e-05
174.615579028265 167.91645526945 6.69912375881599 -0.55847359686327 0.121476806600667 0.121476806600667 0
83.6124330485062 70.4763306159649 13.1361024325413 286.658587448349 1.16695721560106 1.09502390649829 0.0719333091027759
386.411843983259 369.990915276452 16.4209287068072 163.364717808708 0.0216251804633209 0 0.0216251804633209
348.686137654224 333.412172741371 15.2739649128527 1376.47119865665 0.00369396843589317 0 0.00369396843589317
195.73622511683 179.377855656082 16.3583694607482 2558.76634919793 0.00345421548646855 0 0.00345421548646855
328.189194198645 180.678187718769 147.511006479877 824.07732830195 0.470981007584105 0.470981007584105 0
103.70277430737 1.21710646858611 102.485667838784 749.328597913012 0 0 0
190.531848489785 186.409321810237 4.12252667954832 -86.3639201190407 0 0 0
391.605380536154 389.512213764031 2.09316677212252 -324.88526877729 0.984525504055324 0.984525504055324 0
443.829074293839 29.1081363670126 414.720937926827 535.529919554889 0.0055713666340945 0 0.0055713666340945
431.933510573411 97.1140618218929 334.819448751518 555.252977118782 0.0076725892756625 0 0.0076725892756625
86.4521229135208 79.598494060243 6.85362885327775 308.39371084194 0.271662448193555 0 0.271662448193555
359.09625702235 320.615057803375 38.4811992189748 -77.780494152691 0.149397523454953 0 0.149397523454953
390.135584047603 368.938607100154 21.1969769474496 95.7910494408185 0.0152544510025454 0 0.0152544510025454
122.784531454865 116.606454221411 6.17807723345322 901.023752199277 0 0 0
430.613898026069 428.641281052004 1.97261697406508 442.961715415077 0.764650455122269 0.764650455122269 0
156.952485788481 103.317188358811 53.6352974296703 19.5147842591138 0 0 0
97.9448322615807 97.6685459233886 0.276286338192024 -40.6469371669173 0.226428197276096 0.226428197276096 0
371.713675597558 220.561706015911 151.151969581648 639.350871729051 0.574946958708352 0.574946958708352 0
31.2795040006083 30.7462136547708 0.53329034583749 2.60505240543777 0 0 0
24.2643942503954 23.9030821130152 0.361312137380166 3.37563299866632 0 0 0
27.1404453536145 26.6693803206089 0.471065033005601 4.28552883487919 0 0 0
17.3334853989404 17.0753788666647 0.258106532275661 2.41141339407682 0 0 0
24.9014536186994 24.2142795442565 0.687174074442968 5.8741059989743 0 0 0
10.1194912912727 9.96880568214852 0.150685609124164 1.40781131315404 0 0 0
18.4906298421938 17.1396135459264 1.3510162962674 10.7658835384664 0 0 0
18.2012298129129 16.6587092686189 1.54252054429393 11.9445145679124 0 0 0
13.6299980095026 12.4831860560838 1.1468119534188 9.08555105532696 0 0 0
16.4495587315158 14.6558160001946 1.79374273132126 12.6430867772811 0 0 0
27.1957935236315 26.0449869164135 1.15080660721804 -2.01479472504371 0 0 0
20.4593569152088 15.4138086227258 5.04554829248306 27.2530419215583 0 0 0
23.6049950439407 17.7836907413851 5.82130430255562 31.4432131057099 0 0 0
24.1721013844995 18.2109411500042 5.96116023449527 32.1986314180881 0 0 0
25.8248544804247 20.4071803838704 5.41767409655431 23.353665046171 0 0 0
19.6316109090778 14.8683881806412 4.76322272843664 29.6343156862763 0 0 0
18.0128476233103 13.7427692818158 4.27007834149456 31.6633630300066 0 0 0
19.0324362180964 14.5038226097649 4.52861360833155 32.20492383841 0 0 0
0 0 0 0 0 0 0
6.23897405424853 4.75997925346438 1.47899480078415 10.9670000294023 0 0 0
26.6961107437595 21.711361962107 4.98474878165246 82.7330208770307 0 0 0
0 0 0 0 0 0 0
40.9241562141179 31.8384527434892 9.08570347062873 54.2450058802069 0 0 0
19.920143690314 17.2478534035248 2.67229028678926 82.7206850101629 7.71030204725355e-06 0 7.71030204725355e-06
0 0 0 0 0 0 0
41.6928681297116 32.4365004556994 9.25636767401221 55.2639342159163 0 0 0
53.5123832185527 30.6869568441672 22.8254263743855 114.549746950775 4.45191619486452e-06 0 4.45191619486452e-06
0 0 0 0 0 0 0
57.2277695482543 29.4668353271818 27.7609342210724 116.538999697722 0 0 0
39.1993534146684 32.6919211251937 6.50743228947473 38.2705867614608 0 0 0
0 0 0 0 0 0 0
120.72981821829 104.820946051831 15.9088721664598 70.1736871716962 0 0 0
120.666923114768 104.766338794481 15.9005843202872 70.1371296634987 0 0 0
119.959533693815 104.152163858863 15.8073698349518 69.7259626074463 0 0 0
47.438982012288 34.2650397534903 13.1739422587977 145.833891051522 0 0 0
0 0 0 0 0 0 0
23.8748407969 9.93716451173133 13.9376762851686 203.320519976501 0 0 0
29.9671730152475 11.487333021333 18.4798399939146 278.189918520546 0 0 0
51.0933673400883 15.0939760982735 35.9993912418148 579.066446295368 0 0 0
26.330752730853 11.5225759835804 14.8081767472726 227.196558823238 0.000409404173913803 0 0.000409404173913803
55.6790085051251 15.6542291297007 40.0247793754244 649.566302575093 0 0 0
64.0914667979814 18.3391318996344 45.7523348983471 731.38866772454 0 0 0
56.1550002341308 15.7880548530703 40.3669453810606 655.119350227479 0 0 0
69.1490156622604 17.5145501504973 51.6344655117632 1235.03004477795 0.00010754891750873 0 0.00010754891750873
74.537377258592 44.1366090325702 30.4007682260218 526.628084404701 0 0 0
85.6360332612251 68.3576011898551 17.27843207137 354.079906943652 0 0 0
49.7809444995698 35.9920518863411 13.7888926132287 296.316362126333 0 0 0
16.306135385834 7.33649588455084 8.96963950128311 210.421203124874 0 0 0
17.4580606057614 6.59539284976819 10.8626677559932 249.548318867719 0 0 0
12.0854783734953 4.56571204846626 7.51976632502901 172.751766586412 0 0 0
15.6307717153809 12.1436118593223 3.48715985605859 102.300515639229 0 0 0
100.096262800739 99.7350808950368 0.361181905702096 -27.0728397053288 0 0 0
110.170251042987 60.5282790661142 49.6419719768725 495.561134127768 0 0 0
110.823606352686 60.88723688041 49.9363694722761 498.500017312637 0 0 0
110.368772133368 60.6373478922751 49.731424241093 496.454109643085 0 0 0
110.169034777633 60.5276108417247 49.6414239359084 495.555663196801 0 0 0
109.746938888354 60.2957085129464 49.4512303754073 493.657017095683 0 0 0
110.092942373617 60.4858051616839 49.6071372119327 495.213388965093 0 0 0
110.113445879767 60.5030861871629 49.6103596926043 495.290250224245 0.000893537088683549 0.000893537088683549 0
81.9713480898896 57.1607254593998 24.8106226304897 337.749313254122 1.80082598685795 1.80082598685795 0
187.644523892008 87.7857777932905 99.8587460987178 1175.7166254059 0.421801722604391 0.421801722604391 0
271.255454747213 114.24143718277 157.014017564443 1869.8444686633 0 0 0
108.39551978316 59.5532297406824 48.8422900424781 487.578145729672 0 0 0
270.198713105907 113.796381860486 156.40233124542 1862.56003445848 0 0 0
234.937127472764 98.9456787701926 135.991448702571 1619.49144468995 0 0 0
54.1997491500288 28.7913993959227 25.4083497541061 350.143677695326 0.698174571267368 0.698174571267368 0
270.91457312358 114.097872119243 156.816701004338 1867.4946703191 0 0 0
270.358545399904 113.863696528837 156.494848871067 1863.66180596433 0 0 0
180.758197325788 27.0437498626657 153.714447463122 1144.10990777477 0 0 0
190.171126319611 34.8305822462331 155.340544073378 1202.77235001294 0 0 0
0 0 0 0 0 0 0
177.345022010778 25.9886739366173 151.356348074161 1121.37585076298 0 0 0
202.248900150684 69.8257043605134 132.42319579017 989.679675609658 0 0 0
192.524674195005 42.1248533241857 150.399820870819 1117.10441800493 0 0 0
274.905690710945 187.984416799345 86.9212739115995 673.876334261315 0 0 0
350.203433837411 323.064544103685 27.1388897337255 256.061164874514 0 0 0
271.177387983539 181.58253560797 89.5948523755684 692.621495415441 0.00214643053360247 0.00214643053360247 0
350.046108180774 324.829435099196 25.2166730815779 244.09583644891 0 0 0
205.370436370746 198.558668183414 6.8117681873319 171.758490491042 0 0 0
206.452382715902 199.849676151729 6.60270656417284 173.53936478628 0 0 0
204.868546055468 198.379839052585 6.48870700288279 172.434568937378 0 0 0
188.354103322803 180.313078462725 8.0410248600785 143.914617539734 0.103574303696376 0.103574303696376 0
65.0005407143185 62.1556304150205 2.84491029929797 24.8687268086883 0 0 0
64.9824155124276 62.1376151295946 2.84480038283296 24.8358530661342 0 0 0
285.377061230921 281.421013369633 3.95604786128791 111.03322073334 0 0 0
497.76555722478 492.733000956881 5.03255626789832 194.098051274168 0 0 0
470.051845811566 465.260822385077 4.79102342648969 194.289254121831 0 0 0
289.942044628358 277.61114202299 12.330902605368 197.939703414393 0.0371187115415049 0.0371187115415049 0
516.749304559456 460.31767651399 56.431628045466 517.389756366191 0 0 0
173.537267307364 37.9550759910149 135.582191316349 1200.22505133273 0 0 0
149.464849887043 140.260522830051 9.2043270569915 220.501817552084 2.05226856006058 2.05226856006058 0
205.405905799633 74.1534833750013 131.252422424631 924.550517815699 0 0 0
21.014646650396 0 21.014646650396 1122.84899527633 0 0 0
34.9203298875136 6.68613245274144 28.2341974347721 550.909337044693 0 0 0
31.6719525746832 6.06417151938182 25.6077810553014 499.662358632777 0 0 0
34.4197312672539 6.5902837396423 27.8294475276116 543.011804149067 0 0 0
35.5079271884323 7.66359623222643 27.8443309562058 546.21440935116 0 0 0
34.9547201647453 6.69271709697014 28.2620030677752 551.451884176737 0 0 0
73.2948268069378 54.2680028453563 19.0268239615815 506.717686005043 0 0 0
57.0084078333789 47.1056308678829 9.90277696549603 327.021437238327 0 0 0
69.6806467045293 57.4017352013219 12.2789115032074 394.975348167487 0 0 0
7.32498145015423 6.73182655343979 0.593154896714437 60.9757753673513 0 0 0
3.85647659875055 2.85290215133039 1.00357444742016 47.2261241156117 0 0 0
3.70535063522721 2.70324441590363 1.00210621932358 46.2037032871975 0 0 0
11.4475450013372 10.7289543658949 0.718590635442377 42.5701714446681 0.0287583636966383 0.0287583636966383 0
3.66441544784692 2.67338008521176 0.99103536263516 45.6932638071269 0 0 0
1.86448947905926 1.36024124811846 0.504248230940794 23.2491677990072 0 0 0
3.72777019536914 2.71960064146147 1.00816955390767 46.4832629852134 0 0 0
3.17197318388664 2.3164865810463 0.85548660284034 40.4865671391901 0 0 0
21.0347412450858 20.8861549702363 0.148586274849491 -1.18412719050881 0 0 0
5.86925145196828 5.25271445951712 0.616536992451155 25.4450692681085 0 0 0
6.48231697059313 6.39072871276219 0.0915882578309341 17.1524526200465 0 0 0
8.2443161727371 7.76169260285979 0.482623569877304 70.350412278354 0 0 0
7.1646977246855 7.05822008933203 0.106477635353472 26.7021726233671 0 0 0
11.0838427557543 10.8089326911016 0.274910064652669 80.3582119378401 0 0 0
10.9556226942416 10.669762940166 0.28585975407552 82.5211107159132 0 0 0
10.9177977010433 10.6594825671399 0.258315133903391 76.5350048373783 0 0 0
10.8437448061473 10.5899198963299 0.253824909817373 75.4280844383152 0 0 0
10.950927120971 10.8006343643462 0.150292756624783 48.3188124912511 0 0 0
29.11731177259 28.6674614315764 0.44985034101361 48.6441007067155 0 0 0
43.4032080893813 42.72072504306 0.682483046321368 50.3887111810819 0 0 0
32.1165337272801 31.5070880030232 0.609445724256991 48.7089242676323 0 0 0
92.7248787607022 91.9437600750247 0.781118685677515 54.0666834800163 0 0 0
1.78771379814976 1.41267984856843 0.375033949581327 44.3586545497145 0 0 0
12.3813589069963 11.9668418832082 0.414517023788076 45.0491664031776 0 0 0
1.77844325911462 1.40535412132179 0.373089137792832 44.1286240834424 0 0 0
75.6341075068823 75.0871257005406 0.546981806341728 42.3522723290468 0 0 0
8.5894765680402 8.24220274010749 0.347273827932714 57.8288098918758 0 0 0
69.1457112358266 68.8084407371189 0.337270498707692 155.227355849222 0 0 0
12.310938246703 12.1644875430501 0.14645070365285 124.957860498755 0 0 0
11.8814073181622 11.7400663068386 0.141341011323567 120.598057470511 0 0 0
39.4777145310705 38.6090932494033 0.868621281667197 140.374148252137 0 0 0
12.4167372895044 12.2690280023095 0.147709287194865 126.031736572727 0 0 0
37.555399577726 36.2832444121839 1.27215516554212 80.6739894318344 0 0 0
2.97067829997129 2.62948883498859 0.341189464982697 18.8357285084732 0 0 0
103.963194546316 102.597751110442 1.36544343587408 -2.10612806536085 0 0 0
4.96315660735508 4.92099890059014 0.0421577067649311 18.8246459286733 0 0 0
8.64538840711419 8.58328477724774 0.0621036298664477 22.8139556114196 0 0 0
15.143829795653 15.0558161204296 0.0880136752233456 16.3532153129002 0 0 0
22.2250869017994 21.8934427116034 0.331644190196011 167.50545838223 0 0 0
8.83119343171457 8.76406146504757 0.0671319666669949 13.6714652486675 0 0 0
3.64990205871417 3.56192760513244 0.0879744535817361 11.9564433426645 0 0 0
4.97740309690023 4.86263504848614 0.114768048414082 11.4493285876005 0 0 0
3.82656209783992 3.73502867125601 0.0915334265839097 11.8827598599329 0 0 0
3.29841190192048 2.6984083154171 0.600003586503379 63.7006614560074 0 0 0
72.1812529008607 70.1988117871607 1.98244111370002 217.672039724707 0 0 0
26.2029290804594 24.4680658228749 1.73486325758443 335.373838746177 0 0 0
14.5170005926693 10.4151155323033 4.10188506036608 339.014786695376 0 0 0
14.8027068491314 10.2224632702511 4.58024357888031 365.935525271426 0 0 0
39.2479374220829 37.308424919292 1.93951250279083 130.786650875275 0 0 0
6.70276176895478 6.39620109564992 0.306560673304866 35.2173966939857 0 0 0
124.614843363586 124.341616331046 0.273227032540031 74.9934952114528 0 0 0
82.7544286772103 82.41710623466 0.33732244255031 100.582088663626 0 0 0
71.8101731891605 71.479167921777 0.331005267383444 99.7550766950976 0 0 0
73.4754200545829 73.1367389181761 0.338681136406857 102.068353789402 0 0 0
75.2805823437893 74.9335804054727 0.347001938316571 104.575994345184 0 0 0
287.594785459309 252.922024844325 34.6727606149843 46.8466096727496 0.122421430756209 0.122421430756209 0
279.509764783198 273.454391206647 6.05537357655116 147.927299775679 13.1693098494724 10.7701514550314 2.39915839444098
59.1164604331999 56.7000729988383 2.41638743436165 23.7402082024085 1.86548105048502 1.84588041861938 0.0196006318656462
113.726194770766 110.474486642896 3.25170812787033 39.1135472813268 2.78532667977435 2.78532667977435 0
527.10457357451 522.327575809494 4.77699776501599 233.921723425565 25.9032172498325 19.1597473815657 6.74346986826689
576.115391902508 554.588080716554 21.5273111859536 905.792423791034 20.2511606145958 11.0546707501254 9.19648986447043
337.215722405701 335.637430253419 1.57829215228162 -73.4771170726075 9.8169504480232 9.62039625315992 0.19655419486327
240.214552884905 234.218113517452 5.99643936745255 553.828568813629 6.52457747105231 5.98017525466013 0.544402216392182
107.720289285264 104.379309005083 3.34098028018139 79.1019521760363 2.65956410929509 2.63769059387485 0.0218735154202463
202.110656062 190.001407131388 12.1092489306127 1116.02667394847 5.49214064747386 4.9414914415404 0.550649205933456
178.346203653488 167.495329351203 10.8508743022849 988.076272401706 4.83804004368519 4.35601643224047 0.482023611444717
140.202931499041 109.047946698821 31.1549848002203 621.089985739458 1.03541962217981 0.900216050088878 0.135203572090933
117.292782942642 44.296029164492 72.99675377815 438.902761693233 0.0017571503700433 0.00119587232714552 0.00056127804289778
327.820263114584 313.499469493134 14.3207936214506 1813.59925995985 8.13781958069498 4.74243520734088 3.39538437335409
104.516531903836 99.9148940036524 4.60163790018325 82.882871495783 0.560779369756466 0.381652328314587 0.179127041441879
121.551666112813 112.636963167026 8.91470294578742 91.0459505541553 2.29294847499571 1.34535988351095 0.947588591484764
232.84501607063 222.962836868758 9.8821792018718 722.472723437386 8.0516693768546 6.94720538018981 1.10446399666479
16.1415568641706 12.605831019868 3.53572584430257 96.1521275063054 2.338243777564 2.08438704629608 0.253856731267924
15.5001622933376 12.1049306640337 3.3952316293038 92.3314642905111 2.24533224016809 2.00156266037972 0.243769579788374
53.5756076161538 43.710782620901 9.8648249952528 99.8197501018715 5.35978142603332 5.054671404072 0.305110021961323
7.04740372689687 5.50370582327436 1.5436979036225 41.9800188692529 1.02087723328444 0.910043384412868 0.110833848871576
46.2687253324334 12.3884891412388 33.8802361911947 186.291776330658 0.112980455183003 0.112980455183003 0
90.5035062774155 69.9974029918929 20.5061032855226 505.190751528413 2.12615732148166 2.05677791925643 0.0693794022252325
45.8245390092058 12.2695106362446 33.5550283729612 184.503392892616 0.111891714636543 0.111891714636543 0
54.5024824164538 22.5569683477912 31.9455140686626 203.657533489657 1.63411740048967 1.63411740048967 0
43.7861709976569 11.7237380318927 32.0624329657642 176.296309477789 0.106914545268256 0.106914545268256 0
46.5923733032096 12.4750981062083 34.1172751970014 187.594924973158 0.113766568100875 0.113766568100875 0
107.121598786452 99.0272421810236 8.09435660542806 274.103835475149 11.7518888582062 11.5525588517983 0.199330006407905
44.9939928387631 22.2099849776823 22.7840078610808 141.451666004257 0 0 0
75.0323739514287 66.8002765850085 8.23209736642019 36.4211318445038 8.42967594953973 8.42967594953973 0
45.9723432056828 22.6929193780602 23.2794238276226 144.527394131623 0 0 0
34.7847684222305 30.7848154160154 3.99995300621514 1040.84093992592 3.68748638262497 3.66275876810073 0.0247276145242338
4.9518835924283 2.04714559291084 2.90473799951746 282.47928282242 0 0 0
67.8030433715894 67.5257488893476 0.277294482241844 139.820275510413 22.4969343816517 22.4349054698738 0.062028911777908
4.81107181810008 1.98893295566575 2.82213886243434 274.446701223368 0 0 0
1.21840038795154 0.954897395471679 0.263502992479857 64.1654689669588 0.0612790516329285 0.0557120507432025 0.00556700088972603
1.04200000768632 0.853181185752282 0.188818821934036 44.5810434639687 0 0 0
0.92399966153402 0.874441547368602 0.0495581141654176 27.5552273726686 0 0 0
44.0246171437328 43.0041591068089 1.02045803692391 510.176826600658 8.47008630302746 8.40987787096142 0.0602084320660466
0 0 0 0 0 0 0
79.4466486277719 79.2764382316046 0.170210396167252 432.885524494673 20.950442319069 20.2592567538038 0.69118556526527
0.976181507939707 0.408798702334375 0.567382805605333 83.3353540737588 0 0 0
0.706636466344352 0.507726740448223 0.198909725896129 40.750797428777 0 0 0
6.56674001745953 6.52595754245488 0.0407824750046508 109.559377545028 0.216338537809118 0.212974169389089 0.00336436842002825
6.23761579903102 6.23761579903102 0 224.328773287708 0.0124010998749311 0 0.0124010998749311
73.755941683642 73.755941683642 0 375.814976819886 0.0514604675348849 0.0360863167368333 0.0153741507980516
83.829621908768 83.829621908768 0 212.667206160527 0.0674212885303371 0.0674212885303371 0
31.8279937675977 31.8279937675977 0 385.013249856906 0.0222479780040125 0.0222479780040125 0
177.229889915847 177.229889915847 0 476.645330913277 0.0130831032276451 0.0130831032276451 0
353.249935219581 353.249935219581 0 546.882784163725 0 0 0
351.94203028172 351.94203028172 0 549.44787883485 0 0 0
221.657571103281 221.657571103281 0 554.464356557935 0 0 0
0.208717081704157 0.208717081704157 0 204.173770818641 0 0 0
0.263572708192694 0.263572708192694 0 23.1456232709622 0 0 0
4.79420094677633 4.55789708114978 0.236303865626541 35.3498202944224 0.275520259529475 0.275520259529475 0
111.90021691739 103.892118763727 8.00809815366238 189.517653279691 4.86795807028861 4.86795807028861 0
21.3985931378224 19.3226435919822 2.07594954584014 30.2745946980881 0 0 0
9.17168273397155 8.66880186984765 0.502880864123895 7.75062262791131 0 0 0
94.0059106669278 93.9839410151001 0.0219696518277265 -40.5754815843841 0 0 0
21.8295160458255 20.3598854048286 1.46963064099684 -10.2817395308021 0.775224144875718 0.775224144875718 0
57.1182601459426 56.8856499618179 0.232610184124692 -35.0837815611564 0 0 0
