288.550070883765 274.218692657135 14.33136474069 686.072875563954 0 0 0
109.441258571323 0 109.441258571323 490.525153369373 0 0 0
82.1122158617381 0 82.1122158617381 373.828972295708 0 0 0
196.607844874319 187.046004494382 9.56182833069715 107.666667612552 0 0 0
243.290438338779 235.763669793129 7.52675012359083 102.268509605001 0 0 0
250.35759894803 242.612190974773 7.74538901606981 105.239230475012 0 0 0
247.212574530011 239.564465369755 7.64809044121148 103.917201701098 0 0 0
279.748384927932 251.373997840483 28.3743790120547 245.100276042546 0 0 0
382.968865547198 367.364275378882 15.6046189084216 417.367882651208 0 0 0
491.419944098687 475.878818254945 15.5411355628954 736.291455442121 0 0 0
246.838287334966 202.979438367045 43.8588490707471 325.300050354398 0 0 0
131.50597664893 93.5974080434884 37.9085815705554 583.423564946386 0 0 0
245.112292286092 198.103815596838 47.0084698884889 716.89123929591 0 0 0
264.009280221498 226.771675458696 37.2375920384132 593.300930582329 0 0 0
534.568064305232 458.300616496328 76.2674200932411 948.133134832265 0 0 0
60.3693638310085 8.45710091835098 51.9122407931039 344.961194172664 0 0 0
118.298291311535 67.6758915440551 50.6223982499069 591.484349907719 0 0 0
134.669116145354 120.664892294708 14.0042080844153 540.558990601459 0.000954656175874083 0 0.000954656175874083
103.82956339039 100.292406353563 3.5371644990745 225.521882051449 0.15331769108121 0 0.15331769108121
409.875939553812 408.439921340223 1.43603183962285 331.53247582001 11.420591215437 10.514835722359 0.905755476942032
49.3197856341439 48.6431503949912 0.6766391882319 113.29186258564 0.0423383833111423 0 0.0423383833111423
35.6304154384384 35.0801693180156 0.550247977731733 258.628438546716 0.0967989574557111 0 0.0967989574557111
290.496816808756 286.237076327496 4.25974659584814 233.872564010107 7.87765641041608 7.52701918457021 0.350637076269337
0.548768296381411 0 0.548768296381411 9.40637001592848 0 0 0
342.281064721569 339.363195048966 2.9179055237892 473.796879727672 10.3262351632344 10.2863660409114 0.0398690400881837
0.556218060261917 0 0.556218060261917 9.5340655042674 0 0 0
2.00512851406861 1.18842794276127 0.81670029875796 17.9076751960442 0 0 0
6.91985117255671 2.91400564441687 4.00584556850746 40.1005724230743 0 0 0
28.0517332226809 19.4063407563111 8.64539439616695 92.4412018047483 0.52430720311495 0.52430720311495 0
17.3107684333911 6.40606166338584 10.904707601032 84.1663855223357 0 0 0
43.8028820988384 36.2444261372163 7.55845333874473 182.442215764323 0.25450520932674 0.25450520932674 0
67.6635932080171 64.2825904382866 3.38099699992456 260.745516991264 0.656641966464612 0.656641966464612 0
213.590302645151 208.586447468712 5.00386354571273 824.733469305381 4.33848875237149 4.33848735674779 1.39516384060151e-06
79.206259168371 56.0554618910088 23.1507775028663 197.840959305007 5.18822061786859 5.18822061786859 0
111.778487715796 105.202657522121 6.57582624422333 411.337718265769 3.48380285186228 3.46510657082152 0.018696232623687
112.028954536157 81.0389089163267 30.9900121493466 243.353734669486 6.76910106256655 6.76910106256655 0
196.153468067775 177.577013479842 18.5764422944297 164.236422996798 4.08146097075194 4.08146097075194 0
248.078806864386 236.535039178014 11.5437676863721 118.317986335886 2.36609838106423 2.36609838106423 0
107.975851626142 95.2077580377676 12.768092400615 579.170566991697 1.82608777533751 1.8232353259936 0.0028524852105757
226.070876001071 175.394235436745 50.6766575242372 189.748511217981 3.14049061858349 3.14049061858349 0
68.3248048754845 50.2310596487144 18.0937430247069 873.686771656512 0.555942114175052 0.555942114175052 0
41.1304880455511 11.5453387219473 29.5851493236038 65.4185159539812 0.382342541416038 0.382342541416038 0
95.8884946971074 63.2331810326716 32.6553068711938 1080.41332526079 1.06918388530419 1.06918279688349 1.08840382700456e-06
132.769167203507 81.0133315276039 51.7558396800013 319.759813241655 0.00249177406526774 0.00249177406526774 0
100.525802550583 32.2293291023278 68.296476916311 176.800518211274 0.167199943063932 0.167199943063932 0
80.3158191720179 17.746909288356 62.5689117245683 119.093779440754 0.476873523190899 0.476873523190899 0
19.0759435261096 2.69445526303602 16.3814870412264 50.8362677948637 0 0 0
26.8320713964661 0.75394855844397 26.0781207168922 56.9565033603415 0 0 0
366.460261344479 351.370090843972 15.0901664882512 5.38639397146453 1.55156724170185 1.43882198045053 0.11274526184224
8.25498052915951 5.44370768657649 2.81127284258302 42.8643348373609 0 0 0
134.587941731373 59.0157615896398 75.5721760288717 158.311812956166 0 0 0
185.883912528197 30.153841382236 155.7300750122 242.851116454355 0 0 0
49.2293279088253 35.1279466119952 14.1013812968302 88.9256740753131 0 0 0
45.1623131175038 31.749005534338 13.4133075831657 80.4029805425715 0 0 0
147.523901302495 131.129547968907 16.3943571308701 346.374929867858 6.23707221646818 6.23657042758871 0.000501838037508253
31.0554405417163 19.1324152209982 11.9230253207181 48.630277129799 0 0 0
387.413772012362 361.789937401014 25.6238938200178 63.1227573540839 0 0 0
150.153908126907 146.36316292863 3.79076963677739 34.185428499202 0 0 0
277.854665246735 264.249794213901 13.6048764164802 -75.0518296287773 0.161181940246481 0.161181940246481 0
98.4160264613435 84.8122090248408 13.6038232115018 90.0624740455347 0.472311409151481 0.472311409151481 0
19.6495191050365 19.1613553222563 0.488163248060098 72.0378453249603 0 0 0
97.7964301247615 89.8935160518367 7.90291904659833 548.311909585334 0.143612579460841 0.143612579460841 0
133.859356902393 100.765646774667 33.0937487052432 76.1873937651341 0 0 0
222.868083207797 141.812241627851 81.0558336103887 383.198653019318 1.14823607450436 1.14823607450436 0
175.894226362664 85.6480770333273 90.2461860548386 418.02183346058 0 0 0
193.988709440722 84.9353280182244 109.053420238347 515.764823674125 0 0 0
242.897571303073 203.164457197788 39.7331054266113 434.311710325431 10.8136536419269 10.8136536419269 0
201.18741083253 194.895677962927 6.29173311250894 221.639174746955 16.4000130817652 16.4000130817652 0
0 0 0 0 0 0 0
308.027203869875 300.716721462328 7.31045037947039 364.524691913912 9.51745621427028 9.51745621427028 0
122.745317670772 117.47000212297 5.27531544483849 94.9757423377098 9.56492632478846 9.56492632478846 0
355.178621076107 352.876180412074 2.30240832087673 344.563205261303 11.8324887724872 11.8324887724872 0
329.856446489579 327.718156483863 2.13825996843909 319.997848221272 10.9889009867633 10.9889009867633 0
155.479573505545 121.899418485647 33.5801468949694 480.808061791561 0.897581703550792 0.897581703550792 0
168.75038531307 166.676287139418 2.07406816925322 173.10428828688 9.23530092371614 9.23530092371614 0
184.902776884329 181.549544695342 3.35327526100826 98.8401023210922 19.2231342919346 19.2231342919346 0
10.0644298306619 4.36093048307004 5.70349745816851 -374.231267636342 0.00996379221364222 0.00996379221364222 0
64.8568299296094 61.7889328281781 3.06790053925504 51.0023660149038 3.00207990211722 3.00207990211722 0
376.035208039767 334.945210274161 41.090027233793 -98.7089962352546 38.7386132615353 38.7386132615353 0
82.7016348511908 78.2036173427381 4.49802012265414 52.3757927267162 10.004921399746 10.004921399746 0
111.377161284412 102.682707748202 8.69447138401658 18.4520286063876 9.91376186297819 9.91376186297819 0
34.5335754504463 31.8902304799209 2.64334744942151 61.14299635568 3.28791209421 3.28791209421 0
3.45535569554035 3.44863445391279 0.00672172558399139 49.443526949605 0.0118657702340997 0.0118657702340997 0
227.955370352179 200.693340955178 27.2620273840736 113.262909289421 6.74695454877677 6.74695454877677 0
3.84918614396004 3.84499945170082 0.00418724481758804 56.4936148980019 0 0 0
22.9937792354213 19.0282133519127 3.96556608243066 8.67893573018591 1.00084273237649 1.00084273237649 0
66.744893121859 54.896201662024 11.848691459835 25.8203166750644 2.93985946895124 2.93985946895124 0
138.381109580107 113.815408826182 24.565700753925 53.5328457966316 6.09516318469947 6.09516318469947 0
17.0257906556702 15.1938787784549 1.83191128158062 -34.3675958838631 0.433063278822711 0.433063278822711 0
472.08662732436 466.829956008766 5.25664507217771 -234.378465759659 0 0 0
97.0953980152614 96.4977890200541 0.597606497411509 -103.052562281988 0 0 0
0.184432892072174 0.032821342582759 0.151611549489415 1.94287551686862 0 0 0
2.23449268842987 1.27132000225618 0.963172686173691 2.96741874639912 0 0 0
6.70406352531885 4.42881876557012 2.27524468525484 2.51029373073073 0 0 0
10.040019264903 8.7731693619916 1.26685006616506 -24.6010676624566 0 0 0
5.30118977955405 4.81707609445921 0.484114087007967 -21.987736552725 0 0 0
1.63117289292584 1.24285372621935 0.388319015518566 -0.758044739861986 0 0 0
2.61564960894287 2.1742494998861 0.441399783018515 -3.95713487836772 0 0 0
3.26801575680182 2.60330134142835 0.664714067295037 1.53893388701524 0 0 0
3.29271658495503 2.33887812196547 0.953838686712435 10.5000698612802 0 0 0
3.81701769058025 3.33690730491921 0.480110760354868 -1.72804558853384 0 0 0
4.1674518315818 3.72886545185757 0.438586575325413 -10.6008325996296 0 0 0
3.88936654231693 3.01451687452599 0.874850065598605 -30.7213235327217 0 0 0
2.42038320632799 2.13266664929323 0.287716474551257 -6.52741195931648 0 0 0
4.42779474679438 4.19777170614624 0.230022705810295 -1.31194255838904 0 0 0
16.9221545269464 15.9128059982089 1.00934552054628 -7.25787358852221 0 0 0
15.2900754570114 14.2241828214856 1.06589014591256 -5.11169952509999 0 0 0
7.04004551030103 5.65692587142692 1.38311926341434 12.007097958107 0 0 0
20.7019961134071 19.4651685568483 1.23682367079923 -8.92633579687693 0 0 0
29.7040142208649 28.6557899208443 1.04822301217671 -18.4421282594628 0 0 0
20.0027854927042 19.1937231826771 0.809063048945529 -11.005571842247 0 0 0
49.03562148385 47.7824194105386 1.25320708331724 -42.5876769731589 0 0 0
123.617255593292 121.880631640977 1.73664453828848 -108.762823531904 0 0 0
282.812263704414 262.896651838009 19.9156181042705 -149.299233024687 0 0 0
290.61096094136 281.3404491883 9.27050575486592 -220.046551155942 0.00050445168203367 0 0.00050445168203367
255.042151140043 247.149782190187 7.89239091223878 -221.392492497293 0 0 0
333.1677733853 314.67407635921 18.4936946408214 -254.381883713548 0 0 0
347.596629429082 268.161504894778 79.4351094188533 140.227382368664 6.79126972305641e-06 0 6.79126972305641e-06
480.410793553117 270.205151261119 210.205614005243 531.241908026041 0 0 0
718.226806812413 561.223751208402 157.003018830426 -197.115744110084 0 0 0
621.483212532106 591.369614959617 30.1136599573165 -197.731205373175 0 0 0
429.495419798082 421.721227573728 7.77420596899653 276.922102468677 0 0 0
424.736399376648 410.018931834503 14.7174714742941 149.552385096489 0 0 0
483.832254728267 454.683772592696 29.1485004750128 1218.73504476191 0 0 0
453.6644481688 430.516540962721 23.147916501653 -108.691187467705 0 0 0
162.912980683031 137.040818515111 25.8721627873544 105.599559888037 0 0 0
111.298252093903 107.626545740781 3.67171930750393 -29.8561367653077 0 0 0
164.542461946842 160.669763255475 3.87268974611729 -13.6277013472383 0 0 0
38.1064687270446 36.0350685594735 2.07140682113723 0.324939254388407 0 0 0
74.2258923724472 70.8605649719337 3.36533030258787 33.5895779438736 0 0 0
59.5890305289481 55.9247506672466 3.66428671878372 16.1669768283837 0 0 0
3.68695700606801 2.86853025154765 0.818427115532358 -28.5028160819784 0 0 0
2.79373247311871 2.24393435351059 0.5497982892347 -17.595602371728 0 0 0
14.5753210707792 13.1991609325165 1.37615916338565 9.22955834111581 0 0 0
24.7097625671374 23.0056770367798 1.70408522526795 -0.849459909710907 0 0 0
65.6821552690076 64.7122850626587 0.969875301204868 -34.9196839650439 0 0 0
29.0794849073895 27.8838557575479 1.19563069132634 -17.2096645447142 0 0 0
30.1851588458561 28.7557510404889 1.42941142283923 -18.5934991526378 0 0 0
16.4730618462511 15.3681655832026 1.10489612855258 9.49010487549622 0 0 0
109.146589794099 107.241606895668 1.90498787627386 -46.3708679436004 0 0 0
550.981776744144 538.312488705506 12.6693381992635 -343.812055852023 0 0 0
399.851991211447 381.372674899586 18.4793143311605 -229.041913338064 0 0 0
807.182132386941 803.597305753673 3.58482077876798 -218.611186730168 0 0 0
780.477542881204 777.381569307973 3.09595951909836 -306.245227851986 0 0 0
446.58988726516 432.573028847087 14.0168787877875 -331.357343330363 0 0 0
308.187189953052 221.867875936783 86.3193491394204 105.927004555907 0 0 0
309.973026757973 130.713298814254 179.259759553766 592.864269945711 0 0 0
371.818204302512 145.875837783528 225.942366523243 1079.91252865404 0 0 0
292.558116468215 85.2910505809934 207.267083700285 1228.41324351688 0 0 0
310.27780604252 232.074346113434 78.2034786683418 248.618427690358 0 0 0
610.947275638618 551.661249002595 59.2860400481328 -71.152813700844 0 0 0
579.086044160461 562.879802523244 16.2062431958376 -396.794083223361 0 0 0
844.643710646717 759.783140266165 84.8606185504893 -230.861396076112 0 0 0
1104.91304350338 1075.97997461986 28.9330827445856 -173.617941901362 0 0 0
1084.64269096438 1051.2230385283 33.419252693761 -283.132332658366 0 0 0
1213.38570254565 1200.98796349254 12.3978545714871 -384.205555430319 0 0 0
963.949006950252 942.124881371663 21.8241755983754 -381.911850762602 0 0 0
554.414999994003 431.734672386227 122.680368951538 227.159905483928 0 0 0
361.478160818708 172.018555269072 189.459628495316 584.97980135228 0 0 0
321.400029498081 277.14419434203 44.2558024929992 33.2835990433697 0 0 0
344.484514863634 299.209976068749 45.2744845081274 13.8605675270592 0 0 0
194.547343547755 179.163274353882 15.3840583176169 3.07473929753576 0 0 0
152.888413396424 130.407840215601 22.4805772892584 59.6548599249776 0 0 0
255.564455733954 191.75502631954 63.8094268661592 289.388174637299 0 0 0
356.947154222262 323.190112474995 33.7570389286531 105.591616362988 0 0 0
433.426632155978 401.582603379458 31.8439931025277 9.39724133580967 0 0 0
269.566164569835 256.624652644821 12.9414975503254 -30.9188405861639 0 0 0
305.73168310917 274.489215333806 31.2424676475538 112.988320761834 0 0 0
256.990058825548 245.840099863174 11.1499712057293 -6.02429062872111 0 0 0
76.8377494207854 72.653489342727 4.18426024836119 -48.3018116483882 0 0 0
89.2102322044024 85.784316562081 3.42591083488237 -105.302143936819 0 0 0
60.4295690207986 58.6923801308062 1.73718946537211 -68.769545682078 0 0 0
89.3435655884072 85.9125295813629 3.43103119242013 -105.459528250783 0 0 0
73.5882671581443 71.0481093181735 2.54015308211337 -91.1545499736313 0 0 0
64.133554790278 62.4582802568264 1.67527008120662 -86.442377348625 0 0 0
42.1825522174116 41.1529562450124 1.02959206689391 -58.5059415359013 0 0 0
53.9360828650062 52.6190950442253 1.31698282344534 -74.9924462305972 0 0 0
32.1665675897457 31.3678024086812 0.798762358133499 -37.9610062709912 0 0 0
46.508650559686 45.4301744977395 1.07847215808775 -43.9864112135172 0 0 0
48.9992417356844 47.7087400836401 1.29049857539836 -15.4785402316661 0 0 0
53.9456043010005 50.8495636079083 3.09604493180385 -27.0341697556152 0 0 0
114.437796203264 79.0032322922095 35.4345965420003 371.115026525714 0 0 0
158.868273188476 113.136402939294 45.731840498566 411.277573836116 0 0 0
150.452474483001 107.200938650471 43.2515076159895 388.745954921406 0 0 0
111.685433263004 54.5689456648901 57.1164953096632 476.975250892764 0 0 0
119.912503676964 103.807515394158 16.1049322079179 164.628956029423 0 0 0
142.411014312478 121.256948363888 21.1540186872117 199.943958206566 0 0 0
405.814752114018 259.416988573138 146.397763540879 711.432986545798 0 0 0
318.221377026631 203.422943344978 114.798433681654 557.873225311349 0 0 0
418.565402142049 267.56783872186 150.997563420189 733.786124233837 0 0 0
57.7914954566601 46.9327709300011 10.8587290783767 86.5284381736887 0.158087235693834 0 0.158087235693834
130.026513764016 81.6967664471966 48.3297543466655 506.902374346798 0.0263734499658027 0 0.0263734499658027
328.064383083104 209.71508274202 118.349300341085 575.128978481647 0 0 0
331.314664187616 178.489560666376 152.825124199282 1397.66745620977 0 0 0
289.941808597527 128.995166063441 160.946663437579 3172.00523312798 0 0 0
101.652289838101 69.7718723672143 31.8804194817014 359.666408001756 0.00132122205428908 0 0.00132122205428908
265.949435851522 161.35444594204 104.594892866026 788.048762292621 0 0 0
121.732314079886 55.1327532599367 66.5995407897307 464.214380796958 0 0 0
63.9754137570758 20.950190043824 43.0252236390358 288.322353006922 0 0 0
59.3288440560863 19.3757288220635 39.9531152340228 267.673422913431 0 0 0
182.862489128378 141.032100459931 41.8303835474565 290.910999236189 0 0 0
91.5248221116615 71.1150527936801 20.4097664543771 174.826808328125 0 0 0
281.731758795722 240.753663485391 40.9781134673272 448.433058057968 0.0213521690012556 0 0.0213521690012556
366.563315084638 358.094184489831 8.46909688248335 4560.51686363645 0 0 0
356.678138950501 348.437396861002 8.24070928630208 4437.5326188837 0 0 0
393.940336429538 386.300936964299 7.63936075891159 4134.60209235678 0.00463853155005966 0 0.00463853155005966
390.385823006519 384.317781064025 6.06800104120678 3309.71647770839 0.00936264802095953 0 0.00936264802095953
450.779992137831 445.219021089929 5.56095056941566 2052.91479132816 0.295796816086256 0.284497596030248 0.0112992200560079
409.09636229069 404.014800852042 5.08154416815032 1837.86681662206 0.280389730836824 0.270421987923817 0.00996774291300737
168.000813765761 165.416844437826 2.58398100528332 394.658201217714 0.285731896281908 0.285731896281908 0
706.292564375094 699.449914891747 6.8425855095682 675.864364755163 1.84165484940129 1.84165484940129 0
277.523056050948 173.007271868523 104.515782560475 447.39105940866 0.207358341321849 0 0.207358341321849
237.705366548219 193.153991152116 44.5513724414877 918.089958727457 0.0271462086266188 0 0.0271462086266188
325.842055434663 313.586123888471 12.2559333858346 120.684970455421 0 0 0
268.672475656259 252.074247723341 16.5982043022538 69.3004592548332 0.062916471791861 0.0546266142206226 0.00828985757123835
173.421433398555 137.970647479307 35.4507880501773 314.301111018838 0.701922604197138 0.590941579447622 0.110980988037663
909.292688028262 901.730016498233 7.56292873878515 112.148660927992 0 0 0
720.779440642683 715.201636168624 5.57784287343471 1104.2164577748 0 0 0
436.861992195665 429.837804725325 7.02415289952352 2975.50808296636 0.0705707397566387 0.0680410325405824 0.00252970721605634
683.015578586917 247.415940433729 435.599716152284 856.723796376419 0.308162884372838 0.301558700915739 0.0066041452375424
324.55045279501 15.5928151334464 308.957637661563 767.444458623178 0 0 0
291.26748650912 279.254669551538 12.0128272909969 -17.9143749893105 0 0 0
498.354092308186 491.846177037173 6.50788950694189 -222.494751233987 0 0 0
189.102943329121 76.2557238201535 112.847210199566 529.625436633097 0.097953842910753 0 0.097953842910753
353.612291084406 259.237608941255 94.3747026586807 651.250762962179 0.00652662552366512 0 0.00652662552366512
163.412359785426 153.479860257693 9.93250328121021 348.299532477737 0.120597362008921 0 0.120597362008921
760.087492308254 739.583229553155 20.5043254129399 251.544065717163 0.053518559212284 0 0.053518559212284
840.206681817394 834.617738506438 5.58913010541201 199.87102997356 0 0 0
347.194785662318 345.281759792347 1.91296858400373 1006.15918140363 0.0203065120669073 0.0203065120669073 0
820.427358266965 813.735246070122 6.69200255615267 477.832750204532 2.33936391654504 2.33936391654504 0
255.974406864911 241.44674893878 14.5276669365329 147.409175782017 0 0 0
171.958811169411 171.068958327625 0.889815440923159 -25.2606867574957 0.57200074400796 0.57200074400796 0
745.098000567731 302.031377481685 443.066718302927 691.800731741064 0.376187808646015 0.368125795247878 0.00806196674186527
66.6600095759704 64.8626305276997 1.79737275112548 1.92425550957609 0 0 0
52.4483190077792 51.19953088616 1.24878203861742 3.02865792602692 0 0 0
58.0409339585818 56.436641964797 1.60428532633788 4.11025320087078 0 0 0
37.4669222045588 36.5748393258732 0.892078533239352 2.1635486712518 0 0 0
50.8752512222874 48.6128515376745 2.26239408750181 6.52409328670689 0 0 0
21.8736269269308 21.3528185197246 0.520805870283813 1.2631049920471 0 0 0
29.9377960368029 25.6513502924698 4.28644330383573 13.9221226720418 0 0 0
28.3269473710068 23.4474584575578 4.87948700295985 15.3236123407471 0 0 0
20.6606098092909 17.033007762158 3.6276005561731 11.8920889972927 0 0 0
28.9330440994979 23.1043908101711 5.82865176577418 14.4566387828125 0 0 0
57.2659365973708 53.5799830701276 3.68595287746387 -2.41462566489041 0 0 0
63.4549377944652 46.2398465416062 17.215091252859 18.6985402574655 0 0 0
73.2111717078684 53.3492500751974 19.861921632671 21.57345179204 0 0 0
74.9700587399556 54.6309575242089 20.3391012157466 22.0917506214289 0 0 0
86.904505848958 68.611814999448 18.2926901803617 17.6047964498229 0 0 0
69.1421964068555 53.0138362322717 16.1283557607075 17.5927334839321 0 0 0
74.0380946930681 59.7406226770856 14.2974622995276 15.6936585820645 0 0 0
75.5746581607957 60.3716119909624 15.2030373505244 16.640785956625 0 0 0
0 0 0 0 0 0 0
25.6440159532731 20.6919085011663 4.95210408669165 5.43569405333931 0 0 0
80.4916379368478 63.9797451356978 16.511888581366 17.857305464338 0 0 0
0 0 0 0 0 0 0
72.0722881620526 41.2143950575399 30.8579021725945 64.3112162810848 0 0 0
44.1860540134764 35.5274971745427 8.65855224854685 8.49772518149858 0 0 0
0 0 0 0 0 0 0
73.4260809294441 41.9885587668404 31.4375314010186 65.5192264842258 0 0 0
156.444123073365 84.6611818081088 71.7829097772498 104.964780690117 0 0 0
0 0 0 0 0 0 0
177.512940435738 90.3950594368899 87.1178420915829 126.353095975557 0 0 0
60.2657368180065 39.8364805157662 20.4292512237578 34.4650184440207 0 0 0
0 0 0 0 0 0 0
146.214541818371 94.7829714392062 51.4315603945131 64.4068849751142 0 0 0
146.138370257113 94.7335935399533 51.4047667377094 64.3733317257361 0 0 0
145.281658786837 94.1782338759356 51.1034149899545 63.9959539599088 0 0 0
71.2598813241806 37.4940545946143 33.7658208630527 130.346932535562 0 0 0
0 0 0 0 0 0 0
45.2372051529561 12.9000094326709 32.3371957202852 178.150894797251 0 0 0
56.8640563979845 16.8003642132705 40.0636969748324 248.646207670435 0 0 0
97.3316605432661 31.417692109369 65.9139984314604 538.031589664747 0 0 0
51.9096399334582 22.8592661084019 29.0503765801849 214.693711808708 0 0 0
106.134356109047 34.727971215466 71.4064214445596 606.499892672714 0 0 0
124.794003702081 43.4458699014507 81.348167616247 687.084836644132 0 0 0
107.041683251315 35.0248555801039 72.0168645346584 611.684771863379 0 0 0
130.443960326303 39.1269861568134 91.3169526748789 1193.42227148898 0 0 0
133.309560689608 79.2503849343337 54.0592356523203 493.647924843988 0 0 0
145.520611948729 114.749058415542 30.7716431115275 328.535134256249 0 0 0
90.0109005132398 64.3603454113696 25.6505978578333 284.907725412942 0 0 0
32.1512095534966 14.5616506426438 17.5895589108528 210.655420246399 0 0 0
40.2873131630956 18.7981558015481 21.4891573615474 251.084943209326 0 0 0
27.8892061927052 13.0131697060458 14.8760364866595 173.815506750227 0 0 0
22.1496951058695 15.8050231856576 6.3446750462725 91.132881357971 0 0 0
192.146636097134 190.91197306391 1.23465878070009 -26.4382911048001 0 0 0
317.530855812786 268.691170185009 48.8397056275663 472.890319590281 0 0 0
319.4139455641 270.284620331921 49.1293453505753 475.694755436481 0 0 0
318.103029980757 269.175337767238 48.9277122493476 473.742443471158 0 0 0
317.527350313117 268.688203869166 48.8391664435191 472.885098942181 0 0 0
316.310792597317 267.658765909762 48.6520466104984 471.073311657597 0 0 0
317.308038058316 268.502624215096 48.805433828975 472.558482991749 0 0 0
317.36891041166 268.56164730196 48.8072831163135 472.650161738934 0.000600011014093671 0.000600011014093671 0
239.838786614619 218.091740779988 21.7470952502236 359.247636213118 1.20925638148138 1.20925638148138 0
632.699014493305 524.977657430397 107.721373528434 1111.50699766846 0.283240262247189 0.283240262247189 0
956.317869430215 782.479739606944 173.83812982327 1747.73158904316 0 0 0
312.415755044336 264.362827329727 48.0529473922226 465.272535073129 0 0 0
952.592300424076 779.431399343734 173.160901080342 1740.92287528037 0 0 0
828.276701031455 677.713716394051 150.562984637404 1513.72822900782 0 0 0
172.715813523951 146.600101906071 26.1157258863308 359.590403875435 0.472534853968362 0.472534853968362 0
955.11608276626 781.496412048258 173.619670718001 1745.53524765602 0 0 0
953.155793161963 779.892461156869 173.263332005094 1741.952694015 0 0 0
261.35225249627 91.1672518549124 170.185010329048 1120.28054155447 0 0 0
314.406719657731 142.440461515542 171.966267467944 1172.08548164719 4.62392779334249e-05 4.62392779334249e-05 0
0 0 0 0 0 0 0
252.247749807504 84.6735197407312 167.574239678986 1098.63469671141 0 0 0
354.476629381779 208.209769267875 146.266873712447 960.148744933113 0 0 0
297.123838506157 130.729809566248 166.394040426349 1091.14103574702 0 0 0
638.230101010906 543.281755919942 94.9483711544635 625.080656443173 0 0 0
952.956355815975 925.276631346627 27.6797639897064 186.234791410158 0 0 0
623.014647960746 525.054209410226 97.9604638819209 644.840774713639 0.00471521902323328 0.00471521902323328 0
953.747086441331 928.191536626454 25.5555877325463 174.509251356093 0 0 0
483.971752272956 477.005509045756 6.96618831715562 147.447982271046 0 0 0
484.202072989261 477.445438201545 6.75657722087782 149.60755901992 0 0 0
479.88761916968 473.246516703032 6.64104472918496 148.817417333871 0 0 0
477.70090636698 469.536104347353 8.16479511612606 144.81279751254 0.227529155713056 0.227529155713056 0
220.424736470359 217.592327470819 2.83249243462814 121.54259788503 0 0 0
220.422524673319 217.590275000392 2.83233317319788 121.573313219025 0 0 0
800.509448472824 796.431718770714 4.07749846376381 66.5949266359869 0 0 0
1359.6343200243 1354.35084211776 5.28294375712077 13.9218042389497 0 0 0
1289.62646111834 1284.59574421609 5.03021508043727 19.7019569261821 0 0 0
761.965844321711 749.585397395733 12.3802466532689 120.392642379471 0.0579186559991486 0.0579186559991486 0
827.495687850853 769.052786546317 58.4429570521158 409.648008592931 0 0 0
489.021834233573 349.039369333307 139.982466125838 1152.240630034 0 0 0
410.908964692267 401.953066511926 8.95593830113612 191.487859782836 3.47108200132553 3.47108200132553 0
323.753660158672 187.469765725851 136.283944194312 929.967316007571 0.00015139921840736 0.00015139921840736 0
24.0819097715624 0.815535494928682 23.2663741431756 1082.78169450689 0 0 0
50.2087960211885 20.467989515752 29.7408065054366 554.491265250133 0 0 0
45.5382469620837 18.5640054183396 26.9742415437441 502.911086826756 0 0 0
49.4890303690865 20.1745716888277 29.3144586802588 546.542383804156 0 0 0
55.0925133154789 25.7672422215001 29.3252718775093 550.160804638462 0 0 0
50.2582427022537 20.4881468234318 29.770095878822 555.037339940606 0 0 0
293.2558651829 273.440058359561 19.8158432700487 528.385774699152 0 0 0
252.701840848861 242.450657849389 10.2512118923445 315.068693073336 0 0 0
306.939524706058 294.239389960143 12.7001723920269 399.557639749916 0 0 0
39.9556540484372 39.2990249799283 0.656623773918888 -17.0686795375514 0 0 0
17.8820147377461 16.8317638208909 1.05025853430468 95.297446531881 0 0 0
17.0085313729532 15.9608517057627 1.04768755597328 97.2742245325402 0 0 0
42.2376754603273 41.469426161665 0.768248712269926 26.4286356570628 0.010853259824655 0.010853259824655 0
16.8206281250943 15.7845227912701 1.03611313545501 96.1995789725074 0 0 0
8.55849578650629 8.0313155249867 0.527184231063657 48.9472619676782 0 0 0
17.1114430349202 16.0574242868653 1.05402668456958 97.8627910521114 0 0 0
14.4643044682036 13.5697377684811 0.894573351920727 81.7349052473951 0 0 0
32.2792529866829 32.1089010319546 0.170351358358161 7.91488531990192 0 0 0
19.4146346593814 18.7545289155918 0.660108789646764 38.237111533746 0 0 0
15.3382589989211 15.205897131054 0.132362250167128 41.6242862811891 0 0 0
17.5897120595387 16.9054030060343 0.684309124885149 84.4752763208411 0 0 0
15.5125664580106 15.3465025688994 0.16606475794524 45.4891006524449 0 0 0
17.0596459745084 16.6247317242199 0.434918162225051 66.3556895336288 0 0 0
17.2513855753828 16.797692458566 0.453697211959953 67.0822290383129 0 0 0
16.3862134360462 15.9788956716463 0.407321421862254 63.9255647355532 0 0 0
16.1920099825313 15.7920748242518 0.399938747266411 63.1903948713731 0 0 0
12.7373810464563 12.5142838451358 0.223098782146026 47.7628326333012 0 0 0
27.9193819347392 27.2678176952615 0.651563300962707 51.3387521656434 0 0 0
40.1292428962242 39.1446006934031 0.984639431864308 55.4509273319857 0 0 0
31.8363090669648 30.9494986209853 0.88680829594215 53.0105839872255 0 0 0
115.32953105287 114.185527496591 1.14400819603661 44.7527665157019 0 0 0
9.53925611714861 8.97160434212091 0.567651675097989 46.064143454788 0 0 0
21.7241776316469 21.1018984306043 0.622279405769169 46.0645607322918 0 0 0
9.48978844156667 8.92508033567896 0.564708006476196 45.8252688427221 0 0 0
84.3911791113118 83.627605178252 0.763568120223779 56.762933997942 0 0 0
16.0404543146444 15.5189630931619 0.52149007974626 66.0079672581575 0 0 0
77.2896458040441 76.8165081768939 0.473128252052794 166.230973389943 0 0 0
17.9702912169412 17.7472616381046 0.223025630536922 159.723429946842 0 0 0
17.3433044091219 17.1280563738338 0.215244224745323 154.150649724899 0 0 0
47.6618096275103 46.4970504811147 1.16475751269244 167.266983399377 0 0 0
18.1247262056899 17.8997799316766 0.224942291782243 161.096078047474 0 0 0
41.2332661392064 39.5127551245202 1.72051368877349 98.3058996300812 0 0 0
3.63260689121627 3.12117983857544 0.511426867301898 58.4613609261262 0 0 0
128.286772252046 126.821011673779 1.46575885622867 0.635794993731288 0 0 0
5.95127373212526 5.73682354435107 0.214450268469487 25.2238910378477 0 0 0
8.85459166877586 8.54494888776441 0.30964296795803 31.4687222910538 0 0 0
12.7006120353939 12.2745649020869 0.426047588893517 28.6776085379799 0 0 0
23.4548643947988 22.0599724707254 1.39489172194637 157.557605252894 0 0 0
7.80366631790103 7.48882158086479 0.314845112254533 18.3167411089229 0 0 0
4.44763074836971 4.04725777096402 0.400373045088686 17.5276039498886 0 0 0
5.61807936701221 5.09539850913179 0.522680857880419 21.2413502278315 0 0 0
4.60281988609099 4.18620028135008 0.416619663299028 18.0184218234396 0 0 0
7.74407479521801 4.98902697659286 2.75504791806757 55.1985249060781 0 0 0
47.225439242458 38.7344353177092 8.49100284486487 188.992972973139 0 0 0
38.5984770885377 31.0853251834257 7.51315146355854 328.657118518273 0 0 0
28.2858734607393 9.0667775616644 19.219094911989 301.97690986005 0 0 0
32.6024299224203 12.6902725606906 19.9121572239887 342.605137120837 0 0 0
25.5251040303788 16.3264164460222 9.19868285668009 197.242259649138 0 0 0
13.5913889283815 12.1726930697953 1.41869491970536 55.4157784066572 0 0 0
66.2054705647613 65.0370596161194 1.16840958515326 57.6043099689744 0 0 0
51.6889653980492 50.2809926061842 1.4079708803089 103.043056090563 0 0 0
46.7504144577469 45.3733724693084 1.37704008252442 105.332057450892 0 0 0
47.8345363540677 46.4255613573525 1.40897304660382 107.774662317427 0 0 0
49.0097470719362 47.5661560290845 1.44358904482946 110.422496872205 0 0 0
283.128714595745 181.262527083403 101.866187533262 95.539160233123 0.137208098772654 0.135491482656982 0.00171660618131691
332.521311117451 314.345843497204 18.1754515762149 200.496569946871 8.17368095396375 6.05365790923394 2.12002315956838
57.4734764077753 49.5249017343795 7.9485765306194 4.53768739611171 1.86540618189072 1.86540618189072 0
146.382600339414 136.202594067126 10.179976459289 -6.7994745375056 0.409487384924545 0.0867053835617003 0.322782060988842
475.03975045747 459.793577092475 15.2461647013625 354.796756269292 18.8202207813068 13.3664321405817 5.4537883858295
515.223805663615 458.987250335606 56.2365442145295 1052.98716665107 17.4413410620537 10.7720738288187 6.66926708409555
304.775557066076 299.614072534298 5.16149752489028 -130.791753964428 10.2841419175628 10.0032974664132 0.280844465447532
251.780591950929 233.710627270908 18.0699426944277 384.042209282806 7.22639137482019 5.64005821931131 1.5863335555104
136.218561608063 125.885092978278 10.3334421200023 25.7310637219001 0.604337752060382 0.238922704938519 0.36541509935584
199.089779264619 164.276513296895 34.8132562503589 790.095016147002 6.19362115762222 4.13705431716077 2.05656684879301
175.930594871173 144.737209183181 31.193377032035 698.294921325395 5.41260107470117 3.59126913490129 1.82133193979988
168.520347415122 82.8771840784113 85.6431218254969 519.927123570621 2.02388340333481 1.31594150199368 0.70794190134113
231.489811300022 31.3418198314089 200.147943009522 346.309796649691 0.00337073907818441 0 0.00337073907818441
321.296009877443 279.048372834773 42.2476305423547 1905.65646661794 6.53643630623033 3.59886339637413 2.93757214438397
110.397838239209 99.8999944811185 10.4978437580907 153.173676302159 1.07574227459609 0 1.07574227459609
169.724333862762 153.94298084392 15.7813484550925 166.232678486064 2.22704593941696 0.0641958967288728 2.16285002400158
280.755680217262 255.443369658231 25.312300124289 839.998333553881 4.92523582827396 2.66487193273461 2.26036383936725
59.5262703928909 52.6004939143673 6.92578162070137 32.5830840873843 0.67485538910341 0.263402231045887 0.411453243760487
57.160957866149 50.5103813246271 6.65058147937217 31.2883754412169 0.648039600124026 0.252935783332089 0.395103899089441
144.709159307332 128.397859992988 16.3113003364988 116.769445082404 2.03560950899163 1.29151163847974 0.744097853734037
25.9891696535361 22.9653756430128 3.02379625559822 14.225774512552 0.294641862882549 0.115001414074634 0.179640486225829
95.7174739569299 37.2137114311063 58.5037625258236 160.394932823545 1.86685146065736e-06 5.74755405595629e-07 1.29209518449424e-06
153.361673431552 110.119774357837 43.2418938683577 471.632052484036 0.393156588595798 0.317010348411182 0.0761462299992448
94.7979681077621 36.8557392012079 57.9422289065542 158.854988574052 0 0 0
103.854597933583 50.1391020221706 53.7155011801855 183.753331595551 0.229382009068872 0.1967949985713 0.0325870280601493
90.5811630961093 35.2163215124748 55.3648415836345 151.788797965582 0 0 0
96.3863993825512 37.4732926147591 58.9131067677921 161.516756933058 0 0 0
176.560585703512 162.882498902539 13.678106369286 242.929738259442 2.02125866297339 1.98395712470573 0.0373015401766201
59.5365738047968 25.9521153991331 33.5844486010244 98.9059654755119 0 0 0
104.989639338546 92.3525598633358 12.6370794179269 26.2806209079953 1.42500360584025 1.42500360584025 0
60.8311383711334 26.5164187654529 34.3147095878489 101.056578957633 0 0 0
171.963203946682 164.731375229223 7.23183237537167 976.429728984956 1.62496738129425 1.61745424996892 0.00751312450334043
22.0140772866026 18.7175901847399 3.29648231383924 249.186646704064 0 0 0
372.065727423852 371.749002316145 0.316706623210888 161.513454342844 9.72893495305353 9.24256621596293 0.486369012670718
21.3880849293378 18.185336743021 3.20274353444566 242.100774589673 0 0 0
14.122130989132 13.8026448023537 0.31948554233478 58.5161346989663 0.0465080951480982 0.0346431075596512 0.011864986513122
5.49469213738449 5.25406466292043 0.240627154753545 37.4907944359451 0.00647261424288006 0 0.00647261424288006
3.14359671086678 3.0885760706575 0.0550206326568948 12.5119769491014 0 0 0
273.130468429918 271.962657163659 1.16781436138856 639.129257586427 5.95916435283668 5.7784526629558 0.180711208643783
0 0 0 0 0 0 0
402.974532043711 402.773488146473 0.201037467132599 529.088730677505 13.4882450424492 12.27769399761 1.21055100554557
7.05414592056018 6.40694988953253 0.647195704907509 76.0291399935999 0 0 0
12.5262169588168 12.2915402205793 0.234682702407573 30.9378769076643 0 0 0
33.1794244210862 27.0458797163367 6.13354406782679 236.125804053394 0.178064909046702 0.0953499480571531 0.0827149790741941
43.8444798546889 15.016220881625 28.8282627322736 488.665054918698 0 0 0
150.486294880824 118.998209284151 31.4880846535465 375.474565545999 0.036345917220953 0 0.036345917220953
143.586088811273 123.743517919038 19.8425571563982 174.331828204456 0 0 0
110.44660654135 74.4097410379695 36.036900189683 377.31104967466 0 0 0
346.461618171291 319.730567578123 26.7310523086667 453.50999268224 0 0 0
620.5626050687 601.110673184382 19.4518930458172 529.808730510243 0 0 0
549.669553510423 485.680600708748 63.9889614682907 448.901230164884 0 0 0
358.580115329951 274.960332290073 83.6198004958538 493.354102160289 0 0 0
39.0991758423114 0 39.0991758423114 185.575039573975 0 0 0
2.52393008966022 0 2.52393008966022 25.0491931259413 0 0 0
10.9849351202547 9.79783124605789 1.18710748464388 25.7134100051963 0.146045161311066 0.146045161311066 0
281.137866866288 273.393627986806 7.74424223788958 185.893325495448 8.42743184853693 8.42743184853693 0
20.7097371162085 19.6047692075763 1.10496882012371 21.0305961933706 2.72741473239935e-05 2.72741473239935e-05 0
11.542427597765 11.415978213706 0.126448802613825 10.0953126223675 0 0 0
175.092795811476 175.009926846291 0.0828681448503623 -96.3396028172788 0 0 0
26.9164204488837 26.4270746282268 0.489346589475444 -15.929628640047 0.829897586541428 0.829897586541428 0
109.520008274354 109.37217955017 0.147826126612026 -2.04530924794009 0 0 0
