14192.4181441196 13797.0643242905 14414.1746776214 14730.0097404877 15007.7653986113
14192.4181441196 13797.0643242905 14414.1746776214 14730.0097404877 15007.7653986113
5555.11316247105 5856.3884529357 6528.37794839591 6549.65761575215 6159.90370838523
3674.12139333438 3674.12139333438 3674.12139333438 3674.12139333438 3674.12139333438
7053.7466158329 7053.7466158329 7053.7466158329 7053.7466158329 7053.7466158329
7411.07006375277 7411.07006375277 7411.07006375277 7411.07006375277 6812.85125030926
7411.07006375277 7411.07006375277 7411.07006375277 7411.07006375277 6812.85125030926
21391.8896019817 22399.6498486736 26543.5850706782 24079.6235873241 24559.5360853319
4483.58447260752 4483.58447260752 4483.58447260752 4483.58447260752 4483.58447260752
2241.29328410338 2241.29328410338 2241.29328410338 2241.29328410338 2241.29328410338
2241.29328410338 2241.29328410338 2241.29328410338 2241.29328410338 2241.29328410338
335.994747730104 369.594222503114 559.991246216839 470.392646822145 470.392646822145
0 0 0 0 0
0 0 0 0 0
20271.3384608372 20271.3384608372 20271.3384608372 20271.3384608372 20271.3384608372
2891.80772006172 2891.80772006172 2891.80772006172 2276.19079618547 2276.19079618547
