2474.4107408113 2284.29701666904 2340.01158733887 2316.55282604622 2297.00385643572
2474.4107408113 2284.29701666904 2340.01158733887 2316.55282604622 2297.00385643572
855.267395260077 930.530924340591 999.9297658979 1026.32086535223 1026.32086535223
743.089444825799 743.089444825799 743.089444825799 743.089444825799 743.089444825799
1000.98188865112 1000.98188865112 1000.98188865112 1000.98188865112 1000.98188865112
761.764996089581 761.764996089581 761.764996089581 761.764996089581 734.705423884814
761.764996089581 761.764996089581 761.764996089581 761.764996089581 734.705423884814
7558.23740963281 7693.00800529886 8621.09530703816 7580.11270607818 7538.08242869547
977.448446925878 977.448446925878 977.448446925878 977.448446925878 977.448446925878
1466.17267598873 1466.17267598873 1466.17267598873 1466.17267598873 1466.17267598873
1466.17267598873 1466.17267598873 1466.17267598873 1466.17267598873 1466.17267598873
574.250964108929 505.340849311844 684.213913968097 622.634655775061 830.831180446987
0 0 0 0 0
0 0 0 0 0
1760.79830560089 1760.79830560089 1760.79830560089 1760.79830560089 1760.79830560089
1594.79894690286 1594.79894690286 1594.79894690286 1574.88874933907 1574.88874933907
