61.3675332646096 69.9452877202645 79.5473208155465 89.1493378325341 89.1493378325341
356.426059141997 379.939428534561 399.778625252706 419.617835902971 419.617835902971
272.429895960398 289.753932214837 304.097863690466 318.441806564365 318.441806564365
46.5620991392836 53.0053382280956 57.9407468087759 62.8761566987512 62.8761566987512
40.3332270440191 48.3076419292896 54.6911568805937 61.0746725429413 61.0746725429413
41.5048365628961 49.7108942169652 56.2798390837253 62.8487846821835 62.8487846821835
40.9834474578532 49.0864195582735 55.5728444931707 62.0592701505741 62.0592701505741
110.645884925249 129.518454502895 152.302583698099 175.086681917841 175.086681917841
63.7874872221223 73.3216727027675 84.6473858229573 95.9730807311055 95.9730807311055
71.9822211559328 79.3720698445656 87.0454636850424 94.7188428630299 94.7188428630299
160.788968796899 187.213634498788 222.107459989958 257.001229933809 257.001229933809
154.231331866681 167.076848412957 179.923056553464 192.769278901057 192.769278901057
186.630145550611 202.397113781059 219.183492853717 235.969886856007 235.969886856007
148.92255743546 161.824441656252 175.569683436393 189.314936196497 189.314936196497
288.548602333462 313.139971714388 340.904471825748 368.668900906403 368.668900906403
262.554702458129 268.665495172248 268.406582723068 268.147465348418 268.147465348418
243.061779564671 258.433951740821 273.243449455515 288.052827934706 288.052827934706
68.3872439289987 78.9152159899959 92.1211847856512 105.327148187037 105.327148187037
22.3344680971768 24.5351692969142 26.3993264496118 28.2634905798242 28.2634905798242
19.8266160640051 21.4046175915654 22.7503724649058 24.0961275906254 24.0961275906254
6.15095044695738 6.88930979482928 7.50176121304244 8.11421849206396 8.11421849206396
6.14082829673975 6.80094855027198 7.4665899648732 8.13223162869406 8.13223162869406
28.7552549518496 31.0797946155427 32.98880361276 34.8978095165286 34.8978095165286
6.97992316153547 7.46537252607938 7.63000006067433 7.79462709508204 7.79462709508204
58.2307330519495 64.0036330483147 68.8810495571822 73.7584683234258 73.7584683234258
7.07467859802915 7.56671814492441 7.73358056857736 7.90044248525282 7.90044248525282
7.67868262611692 8.3121455249564 9.0722893747903 9.83243281514697 9.83243281514697
24.4903323678016 26.3538499621659 28.2947078856773 30.2355656888197 30.2355656888197
48.8929010122502 52.5726540111532 56.2094963891323 59.8463399935802 59.8463399935802
59.7698428872486 64.1915448925377 68.5389198685899 72.8862955056235 72.8862955056235
43.2739859319551 47.1263642657936 51.01007325506 54.8937822878268 54.8937822878268
22.0627751714336 24.7575945852018 27.2579351037107 29.7582740586624 29.7582740586624
20.4721814996048 21.6227509927566 22.7285653488756 23.8343806556115 23.8343806556115
109.725119852048 114.839479649488 116.754235705442 118.669040995398 118.669040995398
30.000294153176 31.9069001105716 33.2494988330204 34.5921046144813 34.5921046144813
136.962230411613 142.173608063334 143.367076131133 144.5606293783 144.5606293783
69.1954633840792 74.0953636238577 77.4854108247052 80.8754826244366 80.8754826244366
29.8464546603929 34.7542356486862 39.6420502295833 44.5298530584019 44.5298530584019
35.8196315654899 38.0271246399659 40.0295461197625 42.0319709605303 42.0319709605303
102.464070554362 104.804962385552 106.516980685856 108.229033126028 108.229033126028
26.161525828167 27.1124049653543 27.8016322256502 28.4908620809813 28.4908620809813
30.2814281542137 31.8372128573802 32.8238873631371 33.8105662554347 33.8105662554347
35.8516471766524 36.6044149868968 36.2716351433906 35.9388503657894 35.9388503657894
59.8270609714211 64.441567738896 69.5204929776399 74.599411803866 74.599411803866
63.71374738091 66.8784507486182 67.2735428317647 67.6686024071384 67.6686024071384
59.7807841756623 62.5387516809688 63.6187133944639 64.6986630005142 64.6986630005142
27.4979911618459 25.2728950716983 19.4259589801424 13.579024861914 13.579024861914
41.9909321674649 38.2241778325559 28.5103803875788 18.7965868292141 18.7965868292141
24.4088457391556 25.4199637882021 26.2453093967463 27.0706548460682 27.0706548460682
7.44067657583354 7.33121831298513 6.80774123054353 6.28426364727645 6.28426364727645
80.3898614454599 80.6679412669926 79.6170216830213 78.5661095160152 78.5661095160152
149.990902158831 149.63053955542 146.638284306673 143.646053765739 143.646053765739
26.6028406567683 27.4864293970577 28.4410919018028 29.3957502254711 29.3957502254711
25.3013775320727 26.1532215277301 27.0615026210876 27.9697797715033 27.9697797715033
14.4141498267959 14.7859990684075 15.0838915043651 15.3817832430672 15.3817832430672
22.4718023917776 23.2910737224209 24.0995384995628 24.9079999581153 24.9079999581153
43.1335651230157 44.0262739703606 44.0184682940888 44.010653363386 44.010653363386
8.95720344158078 9.20465619936026 9.34189265445196 9.47913424649862 9.47913424649862
22.6627828806923 23.3804130420563 23.8856530797067 24.390895293238 24.390895293238
23.9923130680527 24.5161346790863 24.9693780529317 25.422625529436 25.422625529436
2.01943275680297 1.93447375728454 1.60877575806071 1.28307746537568 1.28307746537568
25.2968546900708 26.6370781262554 27.8198655655998 29.0026536660719 29.0026536660719
93.074401747953 94.5141844174481 94.5554732887293 94.5967595375369 94.5967595375369
143.793395815075 160.212609697737 177.497483262803 194.78235993043 194.78235993043
184.623750422838 197.563950547253 212.038621977311 226.5132858151 226.5132858151
217.165944285252 233.483351090465 252.07565779419 270.667954978121 270.667954978121
87.8221549938757 105.946644011589 129.877669962404 153.808656402389 153.808656402389
18.7502928609937 20.911192264577 23.4807858858374 26.0503827176436 26.0503827176436
0 0 0 0 0
24.7000581596878 26.7259109497697 29.0252179624908 31.3245247275464 31.3245247275464
14.0311329741492 15.3551980873904 16.6757514538001 17.9963036746639 17.9963036746639
12.109963647506 12.1285168578628 11.9266759629407 11.7248351813353 11.7248351813353
11.2465935133758 11.2638239874982 11.0763731771044 10.8889224719484 10.8889224719484
63.8765805492656 70.7880577093709 79.211036110619 87.6340143592204 87.6340143592204
10.7093376009045 11.0412038984765 11.2360824670369 11.4309503604681 11.4309503604681
14.192916901342 14.8410885251916 14.7047833208959 14.568482934352 14.568482934352
22.4495171650566 24.0583795330336 24.409786208498 24.7611949137741 24.7611949137741
10.291734136667 11.1220283395558 11.8297491777348 12.5374678202168 12.5374678202168
101.01274541523 104.984025620398 109.358062269776 113.73203441156 113.73203441156
16.3807185892039 16.7833766802923 17.1362292822086 17.4890714909306 17.4890714909306
25.5401862234624 26.3823255540664 27.2312194474999 28.0800987839143 28.0800987839143
7.55875739877522 7.79465709663416 8.0390748625523 8.28348813663919 8.28348813663919
0.094080336237003 0.0918751930920132 0.092188066725979 0.0925009816402956 0.0925009816402956
60.5695619710181 70.0486805742883 79.801034336826 89.5533932411213 89.5533932411213
0.0895820694402081 0.086776064695916 0.0869854386648862 0.0871948713327453 0.0871948713327453
8.97114151582756 10.0230329959987 11.0394844227665 12.0559382312388 12.0559382312388
26.7527881835116 29.8952932449533 32.9322164080218 35.9691466534141 35.9691466534141
55.4661239240708 61.9814289447779 68.2778327197854 74.5742511784606 74.5742511784606
7.28379706386513 7.89458447455917 8.49532469529677 9.09606531335374 9.09606531335374
5.10482078979423 5.16941578965503 5.25513323097237 5.34085157749568 5.34085157749568
1.6371068815008 1.68443587837745 1.69491917016243 1.70540212579562 1.70540212579562
1.26938767709429 1.34922161316732 1.3468280651751 1.34443440355059 1.34443440355059
5.03242762033561 5.06179121881887 5.04818864106535 5.03459039789239 5.03459039789239
10.7623831310247 10.8414201068158 10.8858751054186 10.9303409584028 10.9303409584028
8.14000227045963 8.32780598424155 8.46860990326853 8.60941600700867 8.60941600700867
4.57306767982277 4.58981225214211 4.46234680203486 4.33488104900042 4.33488104900042
4.71368227827382 4.61024852472523 4.46876114204282 4.32727358391347 4.32727358391347
5.13388145557187 5.0421079974077 4.92763566948621 4.8131645637334 4.8131645637334
6.8402876639794 6.90982062921599 6.92461334595369 6.93940993194927 6.93940993194927
9.72512852840511 9.59162751260356 9.75445891102598 9.91728770915552 9.91728770915552
5.49283083903194 5.55206742157515 5.54187373630136 5.53167939323906 5.53167939323906
5.03693935521953 5.21335778796802 5.15425554300217 5.09515285821802 5.09515285821802
9.0035779148067 9.28724362152471 9.28447289113294 9.28170109915636 9.28170109915636
3.90366713607812 3.97352229744907 3.83907823576422 3.7046336847927 3.7046336847927
3.22897418409173 3.2746893957201 3.20117425484274 3.12765856985587 3.12765856985587
10.1351557596441 10.1311818262302 9.93921815802941 9.74724649843018 9.74724649843018
10.6878482688103 10.659562769491 10.5205723597842 10.3815745188663 10.3815745188663
13.5587285513904 13.320172268848 13.4764834703499 13.6327897759146 13.6327897759146
12.1210149697847 12.0994295753763 11.8698200424172 11.6402002228891 11.6402002228891
10.7508118819509 10.6940455172431 10.4726850574949 10.2513215085667 10.2513215085667
7.63182176215183 7.62129625590796 7.43211043125884 7.2429240870874 7.2429240870874
9.00356527872079 9.17908521399026 9.03732352988522 8.8955625693872 8.8955625693872
11.2951118694407 11.8891009548065 12.1239377343025 12.3587747195803 12.3587747195803
66.7734895436962 70.8468997265023 73.9733240162446 77.0997241987017 77.0997241987017
36.9921654571484 38.8020303587188 40.010248011489 41.2184587521429 41.2184587521429
32.6629925908514 33.9822053833738 34.6654419694953 35.348681012005 35.348681012005
72.2769356326691 74.4963213167049 75.9430693255048 77.389819652013 77.389819652013
329.745687527518 333.52204607375 337.777951726555 342.033878257755 342.033878257755
648.086598441705 658.009338388121 664.048835122198 670.088265295507 670.088265295507
222.271011076599 226.006486935234 228.335571851604 230.664602562736 230.664602562736
69.9379626836657 72.0703423353695 72.8763415944485 73.6823504089387 73.6823504089387
47.7638485409179 49.4858144111405 49.9933209799642 50.5008344415712 50.5008344415712
75.8541853747407 78.1299285362812 79.3811996471706 80.6324686272661 80.6324686272661
122.82453273319 133.571063880532 140.247420754543 146.923882085761 146.923882085761
101.952356365094 106.124358745065 108.608385388637 111.092431938594 111.092431938594
122.22262753186 125.219390168928 126.111761809736 127.004182809756 127.004182809756
24.1950172975623 25.2497658652649 25.4737659196737 25.6977723800658 25.6977723800658
24.906434336847 25.9334818868015 26.0402270121346 26.1469734499224 26.1469734499224
16.1978019737772 17.1556761565203 17.5753251296814 17.994973621778 17.994973621778
22.8931433252179 24.7523893753849 25.6829170240132 26.6134469271335 26.6134469271335
24.4003756922662 26.1557572370021 26.9170837477045 27.6784134368494 27.6784134368494
8.49822195941019 8.76172991255782 8.74746284898298 8.73319478201141 8.73319478201141
6.20178720982218 6.36661486788804 6.28063294297183 6.19465027674192 6.19465027674192
12.1533123697938 12.8648343306753 12.7961392438047 12.7274453396816 12.7274453396816
14.037131032949 14.9173974582269 14.9823506755873 15.0473064727272 15.0473064727272
9.78182944704684 9.83347045191659 9.5333046284653 9.23313951572655 9.23313951572655
11.2794774392612 11.3660090279942 11.0333438728825 10.7006804464471 10.7006804464471
13.0625715456397 13.1015367951279 12.7199852797043 12.3384357340723 12.3384357340723
10.3582904533927 10.7355017838688 10.5874178161063 10.4393348824321 10.4393348824321
16.8410631747731 16.8568627420961 16.4932935404246 16.1297227109565 16.1297227109565
70.3432704192044 70.1218876352056 69.3259886577155 68.5300926360738 68.5300926360738
82.13333742468 83.6723784027858 83.5796222684404 83.48686851414 83.48686851414
25.8347908500604 25.7535169984422 25.0716549405083 24.3897928897204 24.3897928897204
22.3722998362192 22.715306296426 22.217926508411 21.72054668248 21.72054668248
65.720491580922 68.078482998027 68.2755802026958 68.4726729819136 68.4726729819136
267.930220534711 278.654155229171 285.993446732768 293.332746114738 293.332746114738
532.206675338468 551.539934130286 562.434757021218 573.32963546053 573.32963546053
946.723021256784 940.066946667766 913.723511587943 887.379769245324 887.379769245324
1023.32103301626 1000.92720800652 950.64051792038 900.353396477137 900.353396477137
316.795226234574 323.044543976905 321.389357961184 319.734156338163 319.734156338163
303.758884201927 301.715840571234 292.56898929347 283.421964218896 283.421964218896
79.9057292117494 82.8728151186538 84.4565031961071 86.0401748351685 86.0401748351685
205.698072986142 206.304160585174 205.483185419071 204.662120293413 204.662120293413
63.2024586713101 64.1447451915816 64.4824741892145 64.8202035143587 64.8202035143587
92.49725126564 93.4165618635423 93.7842059734231 94.1518396787569 94.1518396787569
47.6314718870794 47.4285258635857 46.7564641947413 46.0844043352688 46.0844043352688
70.7382243549572 71.7302753059017 71.7576318136917 71.7850043063191 71.7850043063191
333.905431851231 336.831431359901 335.703306326873 334.575318192403 334.575318192403
494.90520767552 492.170147009994 480.336852659109 468.503686994288 468.503686994288
118.226863828792 119.446825360446 118.909493944322 118.372169728049 118.372169728049
115.956825114189 117.527402214443 117.669498339275 117.811606783328 117.811606783328
86.1240934469918 86.3277498833566 85.9484519848397 85.5691696354549 85.5691696354549
115.824727451738 114.478101237066 112.512595785623 110.547087698679 110.547087698679
302.713589871297 299.05309904087 294.115662561503 289.178218975137 289.178218975137
174.556143320876 172.932468405662 170.589636959277 168.246812367737 168.246812367737
161.454751240315 162.37994807817 162.270088525854 162.160232701136 162.160232701136
70.07113298775 70.7375484886064 71.0811143314586 71.4246728892027 71.4246728892027
152.12693096949 153.799664442505 154.492253669409 155.184828010086 155.184828010086
73.3991567920642 73.587912062116 74.3614130456479 75.134911041975 75.134911041975
36.9906202050427 37.133317551511 37.3339424504103 37.5345661690928 37.5345661690928
32.2594060208489 32.5882829230913 33.23796023005 33.8876357987406 33.8876357987406
17.1929242963027 17.0696609552187 17.1137394733967 17.1578189796695 17.1578189796695
32.3076208462614 32.6369892870776 33.2876376000711 33.9382841721986 33.9382841721986
25.1454271312704 25.3408213797419 25.7282334236504 26.1156443205463 26.1156443205463
18.2831220675565 18.3499766742494 18.4934503644204 18.6369236646326 18.6369236646326
12.228101740477 12.2283343850325 12.2292568764868 12.2301791386705 12.2301791386705
15.6380322605709 15.6365930279275 15.6375025430008 15.638411764144 15.638411764144
9.85794188113824 9.91650971082561 9.90983745166295 9.90316498844524 9.90316498844524
13.1761387838318 13.3693295564067 13.4003432482347 13.4313567735634 13.4313567735634
14.7823392494158 14.9522341349366 15.0729832813666 15.1937317136496 15.1937317136496
25.0652272649977 25.7134212286362 26.1660694983677 26.6187172441191 26.6187172441191
279.938299169322 287.601822738273 291.50664541989 295.411434965952 295.411434965952
293.258285159294 289.768255499858 285.467564019593 281.166929904917 281.166929904917
277.135617503579 273.791393136094 269.688896273089 265.586454199796 265.586454199796
360.597307218317 367.264113205744 370.889849254735 374.515571218921 374.515571218921
122.272695723841 127.132145540481 128.888691415235 130.645223314137 130.645223314137
151.7305062137 156.366958719722 158.292552763228 160.218143062652 160.218143062652
551.802827815648 569.287450231219 583.970670123523 598.653948795858 598.653948795858
432.698552233383 446.409193832509 457.923103637348 469.4370595348 469.4370595348
569.140405381035 587.1743925009 602.318957371808 617.463582869609 617.463582869609
81.5363950705485 82.8024282970407 84.4214475990094 86.0404664824304 86.0404664824304
404.8072251907 415.689128693491 422.69087467464 429.692588265641 429.692588265641
446.082488001796 460.21721779248 472.087267982989 483.957365691817 483.957365691817
1085.64338414496 1112.11409450405 1123.02354935778 1133.93314784428 1133.93314784428
2439.58718236911 2519.42626333599 2527.99710900816 2536.56833296288 2536.56833296288
313.500653851332 322.364517272311 327.572520244824 332.780461872067 332.780461872067
468.09988334954 485.100247156825 491.015336949473 496.930443310022 496.930443310022
317.678198057321 337.709487453324 353.812269179026 369.914982057558 369.914982057558
211.274249279114 227.051413446082 241.254920906866 255.458359429624 255.458359429624
196.221120504894 210.886948925446 224.096648830309 237.306284588467 237.306284588467
235.119628328158 243.433925852811 250.483270120455 257.532538355001 257.532538355001
132.703637462082 136.155676555061 136.078794112983 136.001840440755 136.001840440755
217.628663625713 224.36488606426 231.281003237284 238.197084053241 238.197084053241
57.3531102410295 65.7890738587136 73.8773543514921 81.9656410334336 81.9656410334336
55.8064590262393 64.0149285582081 71.8850909960607 79.7552594561722 79.7552594561722
52.1311594114972 59.414996972879 66.0353569078352 72.6557211172318 72.6557211172318
41.8942258889442 47.2812069530453 51.7129066967575 56.1446082340736 56.1446082340736
29.7822455391226 32.1903983253891 32.7915883017997 33.3927749967961 33.3927749967961
26.8592674195415 28.9990261234672 29.4878693344144 29.9767094948902 29.9767094948902
8.61648461121607 8.84240427506888 8.2326587170195 7.62291087105257 7.62291087105257
23.858724831791 24.200135575977 22.8556089038554 21.5110748329629 21.5110748329629
361.880191624257 387.371515070691 408.826652732583 430.281790724388 430.281790724388
132.28788350816 142.262323800588 153.458456794759 164.654584785445 164.654584785445
30.5208861248212 33.8231720696769 37.7929184727045 41.7626662461795 41.7626662461795
38.3579982493305 43.540643266888 48.5898592392594 53.6390851124224 53.6390851124224
73.0340225222753 76.7461525789252 80.7983865997045 84.8506115975676 84.8506115975676
47.0682237285394 50.487398064529 54.1314332704336 57.7754694101488 57.7754694101488
40.8132737855071 43.4630186572965 46.8269185703817 50.1908142551823 50.1908142551823
45.6014888138518 49.5723877516429 53.4645317491316 57.3566755958316 57.3566755958316
720.432802409263 728.438149900195 739.950427814239 751.462767358389 751.462767358389
592.492923588694 607.013124795935 599.626078903504 592.23859080238 592.23859080238
34.9192139686948 36.5698495027818 37.4192151971919 38.2685859518161 38.2685859518161
22.1311873200214 22.9896266088302 23.0045284088171 23.0194354687785 23.0194354687785
403.473050859417 427.744850331983 448.309557048201 468.874269562194 468.874269562194
503.495013107009 510.490998330489 519.547549856001 528.604076536366 528.604076536366
57.5191548864151 58.8215115332365 60.2923223373411 61.7631316226345 61.7631316226345
100.757629862547 108.063451365397 115.244766879012 122.426036596619 122.426036596619
39.1978790299068 41.8808210629963 44.7910285763891 47.7012355638719 47.7012355638719
17.0355993343606 17.3682220455962 17.857438104135 18.3466559854471 18.3466559854471
23.8503708214428 24.0568576665952 22.8759205805618 21.694975593761 21.694975593761
68.6966918440056 73.8518056275406 78.1689966848497 82.4861775620236 82.4861775620236
3.4218121534671 3.38749830010796 3.29543751419035 3.2033753554212 3.2033753554212
590.901306233349 608.252678638481 617.307423248252 626.362191917275 626.362191917275
5.49668993481481 5.42404188084181 5.38967548731845 5.35530793831705 5.35530793831705
4.19761620852929 4.12098602833903 4.05469434414254 3.98840185873856 3.98840185873856
5.13728827704675 5.07857425252156 5.02296487230888 4.96735475411401 4.96735475411401
2.99860439580981 2.94386294643592 2.89650689343772 2.84915026808983 2.84915026808983
6.39786026171495 6.446848309265 6.46645763642014 6.48606688913801 6.48606688913801
1.7506202803981 1.71866158268318 1.69101456565949 1.66336721449137 1.66336721449137
10.3049182390065 10.6804655559558 10.927929667772 11.1753957115736 11.1753957115736
11.5265100220146 11.9638482816706 12.2671212759301 12.5703963529844 12.5703963529844
8.59318394235316 8.93090124119066 9.1551266818872 9.37935390347322 9.37935390347322
12.2498014867932 12.6861430089479 12.9205686324985 13.1549957547645 13.1549957547645
8.64541133708179 8.72210753135533 8.93620320433376 9.15029687882922 9.15029687882922
28.1442841123505 28.8845844496561 28.9275748610721 28.970562667163 28.970562667163
32.4714843062072 33.3256062546901 33.3752064670827 33.42480367358 33.42480367358
33.2516066745078 34.1262487701754 34.1770406199689 34.2278293916509 34.2278293916509
31.2097434784 32.1416287222932 32.3884862278161 32.6353410308367 32.6353410308367
27.5705515173997 28.3998520273292 28.5762100340841 28.7525632474998 28.7525632474998
26.0224251267346 26.9360536724684 27.2713199517071 27.6065788885583 27.6065788885583
27.2689210949008 28.1950718535548 28.5066322065528 28.8181855622289 28.8181855622289
0 0 0 0 0
9.01319095067577 9.32963757317854 9.44576122342962 9.56188233055333 9.56188233055333
28.8377012033426 29.6595075776748 30.1119190090158 30.5643267159964 30.5643267159964
0 0 0 0 0
47.3681857293782 48.0771374248239 48.1310381024531 48.1849433534191 48.1849433534191
15.6035786553153 15.7809088951893 16.0807855514792 16.3806606057802 16.3806606057802
0 0 0 0 0
48.2579411246933 48.9802096399902 49.0351227781558 49.090040575563 49.090040575563
87.8276957970043 91.0902339245694 93.746548854179 96.4028981287785 96.4028981287785
0 0 0 0 0
104.813741915709 108.844631903626 112.096306629044 115.348027052031 115.348027052031
33.5315791055547 35.2255415339933 36.3586836549716 37.4918283799326 37.4918283799326
0 0 0 0 0
68.1708191279239 71.4731927826544 73.4394403047791 75.4056972459908 75.4056972459908
68.1353050288429 71.4359582872707 73.4011814780141 75.3664140829376 75.3664140829376
67.7358733310197 71.0171770681621 72.9708794704486 74.9245912317263 74.9245912317263
107.824397818148 112.825155259978 116.980995884856 121.136857579778 121.136857579778
0 0 0 0 0
133.319548524195 139.802305831159 144.247195482117 148.692080812569 148.692080812569
189.556032378265 197.487311848932 202.586412274134 207.68550463319 207.68550463319
424.437459320362 437.022500291835 443.528675893018 450.034825695719 450.034825695719
169.277677217752 174.495017891641 178.101142019015 181.707255467431 181.707255467431
480.438491246064 493.98720802721 500.690383386783 507.393528501919 507.393528501919
542.989285544879 557.406244306174 564.892116514719 572.377958212287 572.377958212287
484.545689888225 498.210232674532 504.970712503327 511.731161829131 511.731161829131
921.468923667618 941.090088814439 958.363880624017 975.637739406865 975.637739406865
386.344087400941 397.552531084711 404.29657928086 411.040603902881 411.040603902881
254.128477907998 262.763531374374 268.846696972054 274.929843147285 274.929843147285
217.587843364313 225.996825694385 227.456926629998 228.917036118826 228.917036118826
157.212934920311 165.260347959653 163.492480932634 161.724642544245 161.724642544245
188.74272236131 197.146614260183 194.317367673659 191.488156023425 191.488156023425
130.658619004878 136.476278600097 134.517710623569 132.55916683196 132.55916683196
67.1781665222195 72.0279183334946 73.6649406123554 75.3019683154731 75.3019683154731
4.30209008618268 4.11253630021093 4.08051749879918 4.04849845935681 4.04849845935681
246.594702901679 260.29265863687 273.05642421081 285.820174313802 285.820174313802
248.057111827494 261.836302124891 274.67576212569 287.51520656379 287.51520656379
247.039053793493 260.761692535964 273.548457754864 286.335207474938 286.335207474938
246.591980527983 260.28978503951 273.053409703126 285.817018895964 285.817018895964
245.647200885317 259.292524343632 272.007247121943 284.72195448875 284.72195448875
246.42166246495 260.110006070541 272.86481505481 285.619608578986 285.619608578986
246.436582463862 260.128869283333 272.889224971036 285.649565188018 285.649565188018
121.054019124735 134.055177247349 149.943310782847 165.831417190065 165.831417190065
773.990783748838 821.650439439441 849.180459136307 876.710655319809 876.710655319809
1313.76122926747 1392.86427072021 1432.52099094327 1472.17806892045 1472.17806892045
242.622311774274 256.09960730393 268.657761530499 281.215900535341 281.215900535341
1308.6431526596 1387.43802896249 1426.94025678039 1466.44284095869 1466.44284095869
1137.86205581313 1206.37401016473 1240.72110170204 1275.06850309386 1275.06850309386
189.482288673286 203.41723906947 214.448845198491 225.480474877142 225.480474877142
1312.11025026204 1391.11388441168 1430.72076878097 1470.3280104548 1470.3280104548
1309.41726233136 1388.25874864839 1427.78434346022 1467.31029484326 1467.31029484326
864.863474787715 888.998273798889 903.018332720834 917.038438743918 917.038438743918
902.18447114855 930.165947369683 946.035277204605 961.904674451592 961.904674451592
0 0 0 0 0
848.415124000738 871.777224980645 885.394944292728 899.01270769476 899.01270769476
743.440681822252 764.48396948089 777.113266842324 789.742595244846 789.742595244846
843.429574255371 866.855739148726 880.638154269143 894.42061055117 894.42061055117
491.223680494931 506.887773071364 517.370431823762 527.853087764646 527.853087764646
159.472897579033 167.797183558722 175.137046946976 182.476866482693 182.476866482693
506.065716709046 522.051835847327 532.667873868727 543.283911005536 543.283911005536
149.035537673493 157.05576256861 164.21456032956 171.373313858075 171.373313858075
55.9080689002286 57.948250298446 59.759634958226 61.5710132297772 61.5710132297772
55.2351071588468 57.2042544796025 58.9518870418225 60.6995137824353 60.6995137824353
54.5611568015493 56.4940478179093 58.2093183689576 59.9245832982972 59.9245832982972
60.0481257297856 62.7326625209962 65.1238257223983 67.5149824371993 67.5149824371993
27.6145104372317 29.175547135592 30.5080270596758 31.8405175467804 31.8405175467804
27.6157663391706 29.1771915879222 30.5099851418917 31.8427892666688 31.8427892666688
36.4870444772329 38.2276734203274 39.273618494611 40.3195680971636 40.3195680971636
45.0919632271726 47.008659369805 47.7813455073402 48.5540303777305 48.5540303777305
43.1245839938888 45.0142576929218 45.7564794576291 46.4986999656318 46.4986999656318
71.4663296858159 74.8240384214541 76.6572266844404 78.4904078293038 78.4904078293038
285.854365119615 295.377662990607 298.645953478162 301.914157919953 301.914157919953
859.915418807594 884.282708032747 894.620421817434 904.958022096388 904.958022096388
50.7106916700224 54.6032380786611 58.3431103621201 62.0829800091929 62.0829800091929
637.472688310295 664.820556930482 680.989480695686 697.158393858595 697.158393858595
835.701277562788 859.350582971678 875.002546462089 890.654479455375 890.654479455375
176.568823007958 181.076911311471 182.943677414198 184.810531261245 184.810531261245
160.143944988198 164.232679527971 165.925794331411 167.618988716975 167.618988716975
174.037629589586 178.481092421575 180.321097593395 182.161189251681 182.161189251681
174.253547715448 178.7592858732 180.631871092971 182.504542115805 182.504542115805
176.74271170813 181.255239672066 183.123844205415 184.992536569496 184.992536569496
124.702555538146 130.526782904578 133.25450293982 135.982248164585 135.982248164585
68.898270077958 72.8973509059018 74.8201529593157 76.7429562283544 76.7429562283544
84.1156531932488 89.0747794813353 91.4630315056657 93.8512850938254 93.8512850938254
9.24264403651765 9.47141028737503 9.55761320681929 9.64381603022924 9.64381603022924
13.2347608308783 13.6421212672859 14.0675043231385 14.4928912434944 14.4928912434944
13.1744448548207 13.5815553547027 14.0110798588533 14.4406082904808 14.4406082904808
10.0389261821748 10.3636982467874 10.6272678226547 10.8908383095502 10.8908383095502
13.028899015343 13.4315119261335 13.856291220507 14.2810743989683 14.2810743989683
6.62922790375907 6.83408118717793 7.05021293767226 7.26634666442743 7.26634666442743
13.2541580285083 13.6637317874 14.0958551685264 14.5279825008933 14.5279825008933
11.380736334905 11.7276654347931 12.0975915404881 12.4675208427957 12.4675208427957
3.76995345386927 3.89290100618006 3.98762061656813 4.08234002487602 4.08234002487602
9.37570601395135 9.87854404123375 10.0802839571829 10.2820234368396 10.2820234368396
5.00867478672477 5.2053804117733 5.35257242705007 5.49976530408645 5.49976530408645
17.865794055435 19.3016618621225 20.3293668481814 21.3570716489612 21.3570716489612
6.30219738626523 6.4883907010694 6.61594409329162 6.7434996196051 6.7434996196051
14.0366560348747 14.2349158510611 14.2935155416467 14.3521235808254 14.3521235808254
14.5031934640269 14.6913262935165 14.7221861227642 14.7530550565422 14.7530550565422
13.2664495672707 13.4684423636271 13.5505983702874 13.6327618357816 13.6327618357816
13.0541189341134 13.2562376102257 13.343136062983 13.4300417575501 13.4300417575501
8.0908589412015 8.37088468968102 8.67430159115493 8.97771909546783 8.97771909546783
17.6330434939329 18.5600574161969 19.3450342344556 20.1300125433577 20.1300125433577
25.1295108368322 26.5568423471526 27.7160228296148 28.8752054995521 28.8752054995521
23.2457026772418 24.5213739086101 25.4585151913223 26.3956615130118 26.3956615130118
27.6291575515455 28.9835471154391 30.0678134280378 31.1520818661566 31.1520818661566
16.8247372962609 17.6061877084099 17.9118027717699 18.2174295716419 18.2174295716419
17.8230594930565 18.6707406683391 19.0651222951052 19.4595147134097 19.4595147134097
16.7374893351933 17.5148873836153 17.8189176203786 18.122959532792 18.122959532792
20.36101525624 21.8124740054294 22.9197784860552 24.0270909896273 24.0270909896273
15.5605902315612 16.3127632535399 16.6495450724634 16.9863364903344 16.9863364903344
12.8529151027088 13.7876439828057 14.4551017082584 15.1225598861293 15.1225598861293
8.13145609402375 8.47995079216448 8.65121618789266 8.82248233099137 8.82248233099137
7.84774807628675 8.18408372949652 8.34937364366677 8.51466427913165 8.51466427913165
19.4338762512847 21.3934358651871 22.7703609749897 24.1472917221798 24.1472917221798
8.20133706118399 8.55282668990968 8.72556392430442 8.89830191249251 8.89830191249251
29.6147784909166 32.3516200439308 34.471311616347 36.5910091692864 36.5910091692864
15.6648095132733 16.1129269699165 16.4293708418771 16.7458070753983 16.7458070753983
10.2702040469811 11.2383550824018 12.0859322203786 12.9335100930513 12.9335100930513
6.77895496149065 6.9847215277417 6.97406329216158 6.96340531338459 6.96340531338459
9.31381184684227 9.59956232266891 9.70323567967731 9.80690908890993 9.80690908890993
11.7722887499044 12.1316502550282 12.5277774943524 12.9239041902583 12.9239041902583
23.8148226017249 25.8925370648508 27.9802006290459 30.067868129938 30.067868129938
8.83461401221549 9.33367523302653 9.83453604173237 10.3353968968379 10.3353968968379
10.6331199772836 11.3579776039994 11.9913406451584 12.6247008419971 12.6247008419971
13.447426376635 14.2689228401245 15.0136521475588 15.7583767254986 15.7583767254986
11.0062956629877 11.7438005465862 12.3918320039967 13.0398603651273 13.0398603651273
35.6603722418836 38.7781230819126 41.063383950463 43.3486378559021 43.3486378559021
100.724203230215 109.52106505156 117.068539956286 124.616012760599 124.616012760599
93.9276274251676 102.554963016679 110.434359664009 118.313792145384 118.313792145384
209.335347467233 225.089830201265 234.236562705472 243.38324312247 243.38324312247
214.879250631404 229.992542205671 243.379304454634 256.766108945514 256.766108945514
116.272761290697 124.459678811721 130.386861484503 136.314041581778 136.314041581778
26.6169707211829 29.8260559650126 31.5764584162585 33.3268705270398 33.3268705270398
23.5718331273081 26.1924527629143 28.360241523129 30.5280251495263 30.5280251495263
27.0942520058397 30.3094384736832 33.243001953746 36.1765585283466 36.1765585283466
26.3216074669003 29.4739131335316 32.3865310443311 35.2991421040226 35.2991421040226
26.9319941625524 30.1574004345308 33.1375606952611 36.1177139460091 36.1177139460091
27.5936660549927 30.8983149058529 33.9516924808151 37.0050628735722 37.0050628735722
145.025958634402 151.067843966423 155.094065679323 159.120291815291 159.120291815291
38.718552287889 40.3745359156545 41.6143634005389 42.854191771637 42.854191771637
20.2632139183407 22.3916028647171 23.8093743648532 25.2271451723209 25.2271451723209
25.0937324545993 26.6103853034817 28.1610488216493 29.7117105267975 29.7117105267975
36.6016363992703 38.8270036310413 41.1288379957207 43.4306726815763 43.4306726815763
87.8067886233287 99.5311118133492 112.578534017398 125.625960574064 125.625960574064
14.440384263371 15.3986049089045 16.0941790803318 16.7897519871707 16.7897519871707
42.3512470236391 44.4641529562179 47.509702629232 50.5552501463242 50.5552501463242
25.0075470483566 26.4497251287744 28.0842134320475 29.71869992293 29.71869992293
74.4202705318403 77.2144483588635 84.0018369911253 90.7892201112282 90.7892201112282
66.6562788873607 69.1585515934122 75.2421659172794 81.3257753018685 81.3257753018685
113.850835202509 128.387008233601 144.019802454747 159.652608745352 159.652608745352
246.927260056877 281.030698440438 316.305342458925 351.580023790379 351.580023790379
71.4537181251457 78.298434577536 84.9520857267655 91.6057375195992 91.6057375195992
24.6677254856376 29.6776431210269 36.0375115905701 42.3973839639299 42.3973839639299
36.2138290231546 42.8438484152373 51.0134676823494 59.1830878310527 59.1830878310527
50.6417335617314 54.9046854551808 59.2472580695671 63.5898326781568 63.5898326781568
21.0447141119325 22.5235273203977 23.3901813999431 24.2568361992157 24.2568361992157
20.2084896083291 21.6285412753169 22.4607583283667 23.292976072545 23.292976072545
40.7770184561573 43.1433657801773 46.4704470034147 49.7975169178922 49.7975169178922
9.18812218126971 9.83377202808565 10.2121531992152 10.5905346845776 10.5905346845776
117.311396235617 122.121918259193 129.848322435428 137.574616114625 137.574616114625
77.6020632592854 84.2619315883855 91.4347362164476 98.6075402042913 98.6075402042913
116.185297712196 120.949623704689 128.601831615633 136.253930089703 136.253930089703
109.056130211377 114.504683059977 123.343761437876 132.182747799022 132.182747799022
111.017141100271 115.56954025379 122.881362507602 130.193080192514 130.193080192514
118.13209429698 122.976251160966 130.756679186851 138.536995942142 138.536995942142
34.6797619533754 37.287831005545 40.0117620378343 42.7356958513731 42.7356958513731
68.143282253201 79.612798300324 92.3364257571157 105.06005906645 105.06005906645
29.6718743728786 33.7842965877649 37.9967290181427 42.2091600798083 42.2091600798083
69.6249912767687 81.3439007323252 94.3441910235426 107.34448729456 107.34448729456
38.1386152217353 40.6394299086622 42.8634041881212 45.0873790663225 45.0873790663225
181.636446015866 190.537956142165 203.742750209851 216.947482449764 216.947482449764
24.7234569840929 26.4905457012288 28.308758550639 30.1269703898062 30.1269703898062
176.471431578678 185.119818340566 197.949120850827 210.77836329145 210.77836329145
26.376262220386 28.3741552112207 29.974616044052 31.5750792807541 31.5750792807541
21.6300082183036 23.1280028944791 24.1973837906212 25.2667679249292 25.2667679249292
6.70738097278771 7.60390806248123 8.75198397273953 9.90005748557467 9.90005748557467
60.177065686451 67.5759560520909 74.5980715565439 81.6201855035169 81.6201855035169
0 0 0 0 0
19.4716429688191 20.9732986889267 22.4756300128936 23.9779618421994 23.9779618421994
49.4882920757433 52.435415386999 56.9529213490851 61.4704274765007 61.4704274765007
21.2691561245939 24.1785494813866 26.0171606750775 27.85576770732 27.85576770732
31.3231406586504 34.1608808536129 36.8565237178978 39.552168023936 39.552168023936
107.893213140339 116.580690805863 124.823622323906 133.066573713143 133.066573713143
122.298720559305 136.145738758954 150.661691216957 165.177650140562 165.177650140562
89.6978986567392 102.018861503727 116.440538352056 130.862213943843 130.862213943843
152.756239510508 165.010034191345 176.084724800287 187.159498946075 187.159498946075
118.493522753435 130.197541391921 142.557217348155 154.916931954611 154.916931954611
91.6956146578645 104.233252117993 120.096698053067 135.960140938197 135.960140938197
220.544303430904 243.541329229861 260.375579497336 277.209784687916 277.209784687916
268.125258804649 289.73084514893 304.285771348849 318.840671014863 318.840671014863
136.264780413999 144.09890846183 150.222151829201 156.34540185875 156.34540185875
20.0923800267745 19.8815245762355 19.0563130175355 18.2311040206996 18.2311040206996
5.57372172918464 6.09974612231703 6.56784449946454 7.03594309891774 7.03594309891774
49.0899440148206 52.8941296201374 57.0392514214533 61.1843700728039 61.1843700728039
7.83232045790566 8.9121086984703 9.9590626425439 11.0060167990289 11.0060167990289
1.76791812184149 1.94478348760825 2.09820543123056 2.25162770281907 2.25162770281907
2.06388048534143 2.15747663714781 2.18371819791247 2.20995965166974 2.20995965166974
10.3332158380026 11.9456685381801 13.4432776547669 14.9408878210922 14.9408878210922
0.954789331678444 1.03502008018535 1.15071798233129 1.26641604194019 1.26641604194019
