0 0 0 0 0
6.05267986046033 6.74946397754325 5.66233838402338 6.27839999661681 6.39412134021193
7.84251704732282 7.88054213719733 7.75623192910105 7.47868423958007 7.12536386399203
0.580240271784604 0.659136958111651 0.441746168178613 0.694100704985362 0.623050200658608
0.0033056688575398 0.00650164382971158 0 0.00730770662402605 0.00490362253688789
0 0 0 0 0
0.0308825057430071 0.0311992938432798 0.0106299003636826 0 0.0354192539915635
0.183709508119666 0.186410810194922 0.178734296140376 0.186538880574056 0.184213540690678
0.934922993165427 0.940250810982001 0.925587965265017 0.947932729888068 0.941622009159331
0 0 0 0 0
4.0091656975155 4.18336361819553 4.03874581239578 4.04757091070866 4.04111980395915
2.5916428604289 2.6708744681545 2.6146112209835 2.59062008575905 0
0 0 0 0 0
0 0 0 0 0
0 0.0220627625698455 0 0 0
0 0 0 0 0
0 0 0 0 0
3.47956586055055 2.73141981202066 0 4.0499495625797 3.72623431643581
0 0 0 0 0
