51035169.8631456 43295267.8671042 30178749.8508793 30755777.6689626 28592735.8534666
5923845.21006871 6556191.54085331 2798360.10951585 4417878.26044467 3934844.69846968
14882614.3716153 10832099.5042567 8061024.98910694 8207058.52857962 7914735.94600182
45391905.5190611 42221702.7503561 34577623.5317556 37771957.1452995 41778419.9494624
58328955.6662345 50252816.4644305 38205360.0540234 42975693.2354241 43478968.4580487
2453763.85499971 1769715.18494739 1484757.77950785 1563278.7665179 1559823.06001329
3300702.97899957 3021744.20481011 2176095.87274994 2629173.84236205 3087302.13514989
124013390.667324 115757238.685884 89413255.1280024 95242897.7451182 96773530.8809577
24083546.3518399 17842961.4024812 14035803.5286949 15132010.7802632 14757435.418073
238536222.502256 194848946.490459 136654027.439836 133507972.931527 141240723.339418
41596.7868846537 605552.770860447 84039.5141628221 122290.500805596 108367.547185856
1322712.384991 1128570.87478437 795791.350920424 896271.379089227 887539.169243456
0 0 0 0 0
0 55562.2330945941 1090.67242132829 0 0
0 0 0 0 0
16.9188089141928 0 1.03231193613259 2.25667226283811 2.89283327498813
0 0 0 0 0
1571130.8826207 1866318.32327793 1261310.07167146 1084435.7495243 852458.407316621
0 0 0 0 0
